%%BEGIN_HEADER
	%%BEGIN DATABASE_INFORMATION
		%Date.0 ( 13.9.2019 )
		%Time.0 ( 17:52 )
	%%END DATABASE_INFORMATION
	%%BEGIN SETUP_INFORMATION
		%TrackerVersion.0 ( Tracker version 2.38 release 12.8.2012 )
		%ElapsedTime_ms.0 ( 61184 )
		%Paradigm.0 ( PlacePreference )
		%FeederParameters.0 ( 1500 0 )
			// %FeederParameters.0 ( ENTRANCE_LATENCY EXIT_LATENCY )
		%ElapsedPath_m.0 ( 0.00 )
		%ArenaDiameter_m.0 ( 1.80 )
		%TrackerResolution_PixPerCM.0 ( 1.4222 )
		%ArenaCenterXY.0 ( 127.5 127.5 )
		%Frame.0 ( RoomFrame )
		%ReinforcedSector.0 ( 216.7500 127.5000 7 )
			//%ReinforcedSector.0 ( CENTER_X CENTER_Y RADIUS )
		%RoomTrackReinforcedSector.0 ( 216.7500 127.5000 7 )
			//%RoomTrackReinforcedSector.0 ( CENTER_X CENTER_Y RADIUS )
	%%END SETUP_INFORMATION
	%%BEGIN RECORD_FORMAT
		%Sample.0 ( FrameCount 1msTimeStamp RoomX RoomY Sectors State Flags FrameInfo )
			//Sectors indicate if the object is in a target. Number is binary coded. Sectors = 0: no target, Sectors = 1: room target, Sectors: = 2 arena target, Sectors: = 3 room and arena target
			////State indicates the Watermaze State: OutsideTarget = 0, EntranceLatency = 1, InsideTarget = 3, OutsideRefractory = 4, BadSpot = 5
			//FrameInfo indicates succesfuly tracked spots: ReferencePoint * 2^0 + Spot0 * 2^(1+0) + Spot1 * 2^(1+1) + Spot2 * 2^(1+2) .... 
	%%END RECORD_FORMAT
%%END_HEADER
1	64	139	7	0	0	*	2
2	104	137	7	0	0	*	2
3	144	137	7	0	0	*	2
4	184	136	6	0	0	*	2
5	224	134	5	0	0	*	2
6	264	135	6	0	0	*	2
7	304	134	6	0	0	*	2
8	344	133	5	0	0	*	2
9	384	134	5	0	0	*	2
10	424	134	5	0	0	*	2
11	464	134	6	0	0	*	2
12	504	135	7	0	0	*	2
13	544	135	7	0	0	*	2
14	584	136	7	0	0	*	2
15	624	137	9	0	0	*	2
16	664	137	10	0	0	*	2
17	704	137	10	0	0	*	2
18	744	135	11	0	0	*	2
19	784	136	12	0	0	*	2
20	824	136	11	0	0	*	2
21	864	136	11	0	0	*	2
22	904	136	12	0	0	*	2
23	944	136	12	0	0	*	2
24	984	136	13	0	0	*	2
25	1024	136	13	0	0	*	2
26	1064	136	15	0	0	*	2
27	1104	136	16	0	0	*	2
28	1144	136	16	0	0	*	2
29	1184	136	17	0	0	*	2
30	1224	136	18	0	0	*	2
31	1264	136	19	0	0	*	2
32	1304	136	20	0	0	*	2
33	1344	137	21	0	0	*	2
34	1384	137	22	0	0	*	2
35	1424	136	24	0	0	*	2
36	1464	136	24	0	0	*	2
37	1504	136	25	0	0	*	2
38	1544	136	27	0	0	*	2
39	1584	136	28	0	0	*	2
40	1624	136	29	0	0	*	2
41	1664	135	30	0	0	*	2
42	1704	135	32	0	0	*	2
43	1744	135	33	0	0	*	2
44	1784	135	34	0	0	*	2
45	1824	134	35	0	0	*	2
46	1864	134	36	0	0	*	2
47	1904	134	37	0	0	*	2
48	1944	133	39	0	0	*	2
49	1984	133	40	0	0	*	2
50	2024	132	41	0	0	*	2
51	2064	131	42	0	0	*	2
52	2104	130	44	0	0	*	2
53	2144	129	46	0	0	*	2
54	2184	128	46	0	0	*	2
55	2224	127	47	0	0	*	2
56	2264	126	48	0	0	*	2
57	2304	125	49	0	0	*	2
58	2344	123	51	0	0	*	2
59	2384	122	52	0	0	*	2
60	2424	122	52	0	0	*	2
61	2464	119	54	0	0	*	2
62	2504	119	54	0	0	*	2
63	2544	117	55	0	0	*	2
64	2584	117	55	0	0	*	2
65	2624	116	55	0	0	*	2
66	2664	115	56	0	0	*	2
67	2704	112	57	0	0	*	2
68	2744	110	57	0	0	*	2
69	2784	110	57	0	0	*	2
70	2824	105	58	0	0	*	2
71	2864	107	57	0	0	*	2
72	2904	106	57	0	0	*	2
73	2944	103	57	0	0	*	2
74	2984	102	57	0	0	*	2
75	3024	100	57	0	0	*	2
76	3064	100	57	0	0	*	2
77	3104	99	56	0	0	*	2
78	3144	97	55	0	0	*	2
79	3184	95	54	0	0	*	2
80	3224	95	54	0	0	*	2
81	3264	94	54	0	0	*	2
82	3304	94	53	0	0	*	2
83	3344	93	52	0	0	*	2
84	3384	91	50	0	0	*	2
85	3424	90	48	0	0	*	2
86	3464	90	48	0	0	*	2
87	3504	88	46	0	0	*	2
88	3544	89	46	0	0	*	2
89	3584	89	46	0	0	*	2
90	3624	89	45	0	0	*	2
91	3664	88	43	0	0	*	2
92	3704	87	41	0	0	*	2
93	3744	88	40	0	0	*	2
94	3784	88	39	0	0	*	2
95	3824	87	38	0	0	*	2
96	3864	87	36	0	0	*	2
97	3904	87	35	0	0	*	2
98	3944	87	35	0	0	*	2
99	3984	87	34	0	0	*	2
100	4024	87	33	0	0	*	2
101	4064	87	32	0	0	*	2
102	4104	87	31	0	0	*	2
103	4144	85	27	0	0	*	2
104	4184	85	27	0	0	*	2
105	4224	85	28	0	0	*	2
106	4264	86	28	0	0	*	2
107	4304	86	28	0	0	*	2
108	4344	84	25	0	0	*	2
109	4384	85	27	0	0	*	2
110	4424	85	27	0	0	*	2
111	4464	84	26	0	0	*	2
112	4504	84	26	0	0	*	2
113	4544	82	25	0	0	*	2
114	4584	82	25	0	0	*	2
115	4624	83	26	0	0	*	2
116	4664	83	26	0	0	*	2
117	4704	83	26	0	0	*	2
118	4744	83	26	0	0	*	2
119	4784	83	26	0	0	*	2
120	4824	84	25	0	0	*	2
121	4864	84	25	0	0	*	2
122	4904	84	26	0	0	*	2
123	4944	83	27	0	0	*	2
124	4984	83	27	0	0	*	2
125	5024	84	27	0	0	*	2
126	5064	84	26	0	0	*	2
127	5104	85	26	0	0	*	2
128	5144	85	26	0	0	*	2
129	5184	85	27	0	0	*	2
130	5224	86	28	0	0	*	2
131	5264	87	28	0	0	*	2
132	5304	87	28	0	0	*	2
133	5344	87	27	0	0	*	2
134	5384	88	27	0	0	*	2
135	5424	90	28	0	0	*	2
136	5464	91	29	0	0	*	2
137	5504	91	29	0	0	*	2
138	5544	91	28	0	0	*	2
139	5584	93	29	0	0	*	2
140	5624	93	29	0	0	*	2
141	5664	94	28	0	0	*	2
142	5704	96	27	0	0	*	2
143	5744	96	27	0	0	*	2
144	5784	97	26	0	0	*	2
145	5824	96	26	0	0	*	2
146	5864	97	25	0	0	*	2
147	5904	97	24	0	0	*	2
148	5944	99	23	0	0	*	2
149	5984	100	22	0	0	*	2
150	6024	100	22	0	0	*	2
151	6064	100	22	0	0	*	2
152	6104	101	21	0	0	*	2
153	6144	102	20	0	0	*	2
154	6184	103	19	0	0	*	2
155	6224	104	18	0	0	*	2
156	6264	104	19	0	0	*	2
157	6304	104	19	0	0	*	2
158	6344	104	18	0	0	*	2
159	6384	105	18	0	0	*	2
160	6424	105	17	0	0	*	2
161	6464	106	17	0	0	*	2
162	6504	106	16	0	0	*	2
163	6544	106	16	0	0	*	2
164	6584	106	15	0	0	*	2
165	6624	105	15	0	0	*	2
166	6664	105	14	0	0	*	2
167	6704	105	13	0	0	*	2
168	6744	104	12	0	0	*	2
169	6784	103	12	0	0	*	2
170	6824	103	12	0	0	*	2
171	6864	103	12	0	0	*	2
172	6904	103	12	0	0	*	2
173	6944	103	12	0	0	*	2
174	6984	103	12	0	0	*	2
175	7024	103	12	0	0	*	2
176	7064	103	11	0	0	*	2
177	7104	104	11	0	0	*	2
178	7144	105	11	0	0	*	2
179	7184	105	11	0	0	*	2
180	7224	105	11	0	0	*	2
181	7264	105	11	0	0	*	2
182	7304	105	11	0	0	*	2
183	7344	105	12	0	0	*	2
184	7384	105	12	0	0	*	2
185	7424	105	13	0	0	*	2
186	7464	104	13	0	0	*	2
187	7504	105	14	0	0	*	2
188	7544	104	15	0	0	*	2
189	7584	105	14	0	0	*	2
190	7624	106	14	0	0	*	2
191	7664	106	13	0	0	*	2
192	7704	107	13	0	0	*	2
193	7744	107	13	0	0	*	2
194	7784	108	13	0	0	*	2
195	7824	109	13	0	0	*	2
196	7864	110	14	0	0	*	2
197	7904	110	13	0	0	*	2
198	7944	110	13	0	0	*	2
199	7984	110	13	0	0	*	2
200	8024	111	14	0	0	*	2
201	8064	112	14	0	0	*	2
202	8104	113	15	0	0	*	2
203	8144	113	16	0	0	*	2
204	8184	112	16	0	0	*	2
205	8224	113	17	0	0	*	2
206	8264	112	18	0	0	*	2
207	8304	113	19	0	0	*	2
208	8344	112	19	0	0	*	2
209	8384	112	19	0	0	*	2
210	8424	112	21	0	0	*	2
211	8464	111	22	0	0	*	2
212	8504	111	21	0	0	*	2
213	8544	110	22	0	0	*	2
214	8584	111	22	0	0	*	2
215	8624	110	23	0	0	*	2
216	8664	109	24	0	0	*	2
217	8704	108	25	0	0	*	2
218	8744	109	24	0	0	*	2
219	8784	109	24	0	0	*	2
220	8824	109	23	0	0	*	2
221	8864	109	23	0	0	*	2
222	8904	108	23	0	0	*	2
223	8944	109	23	0	0	*	2
224	8984	109	23	0	0	*	2
225	9024	108	23	0	0	*	2
226	9064	107	21	0	0	*	2
227	9104	107	20	0	0	*	2
228	9144	108	21	0	0	*	2
229	9184	108	20	0	0	*	2
230	9224	109	20	0	0	*	2
231	9264	109	18	0	0	*	2
232	9304	109	16	0	0	*	2
233	9344	110	16	0	0	*	2
234	9384	110	16	0	0	*	2
235	9424	111	17	0	0	*	2
236	9464	112	14	0	0	*	2
237	9504	113	13	0	0	*	2
238	9544	114	13	0	0	*	2
239	9584	115	12	0	0	*	2
240	9624	116	12	0	0	*	2
241	9664	117	12	0	0	*	2
242	9704	118	11	0	0	*	2
243	9744	120	10	0	0	*	2
244	9784	121	9	0	0	*	2
245	9824	123	7	0	0	*	2
246	9864	123	7	0	0	*	2
247	9904	124	6	0	0	*	2
248	9944	124	6	0	0	*	2
249	9984	125	6	0	0	*	2
250	10024	126	5	0	0	*	2
251	10064	128	5	0	0	*	2
252	10104	129	4	0	0	*	2
253	10144	129	4	0	0	*	2
254	10184	130	4	0	0	*	2
255	10224	131	4	0	0	*	2
256	10264	132	4	0	0	*	2
257	10304	133	4	0	0	*	2
258	10344	134	4	0	0	*	2
259	10384	134	4	0	0	*	2
260	10424	135	4	0	0	*	2
261	10464	136	4	0	0	*	2
262	10504	137	5	0	0	*	2
263	10544	138	5	0	0	*	2
264	10584	138	5	0	0	*	2
265	10624	138	5	0	0	*	2
266	10664	138	5	0	0	*	2
267	10704	139	5	0	0	*	2
268	10744	140	5	0	0	*	2
269	10784	141	5	0	0	*	2
270	10824	141	5	0	0	*	2
271	10864	141	5	0	0	*	2
272	10904	141	6	0	0	*	2
273	10944	140	7	0	0	*	2
274	10984	140	8	0	0	*	2
275	11024	141	8	0	0	*	2
276	11064	141	8	0	0	*	2
277	11104	140	8	0	0	*	2
278	11144	139	8	0	0	*	2
279	11184	139	7	0	0	*	2
280	11224	139	8	0	0	*	2
281	11264	139	8	0	0	*	2
282	11304	140	8	0	0	*	2
283	11344	140	8	0	0	*	2
284	11384	140	8	0	0	*	2
285	11424	141	8	0	0	*	2
286	11464	141	8	0	0	*	2
287	11504	141	8	0	0	*	2
288	11544	140	8	0	0	*	2
289	11584	140	8	0	0	*	2
290	11624	139	7	0	0	*	2
291	11664	135	6	0	0	*	2
292	11704	137	5	0	0	*	2
293	11744	136	5	0	0	*	2
294	11784	136	5	0	0	*	2
295	11824	137	7	0	0	*	2
296	11864	137	7	0	0	*	2
297	11904	137	7	0	0	*	2
298	11944	136	6	0	0	*	2
299	11984	135	6	0	0	*	2
300	12024	134	6	0	0	*	2
301	12064	134	7	0	0	*	2
302	12104	133	7	0	0	*	2
303	12144	132	7	0	0	*	2
304	12184	131	7	0	0	*	2
305	12224	130	7	0	0	*	2
306	12264	129	7	0	0	*	2
307	12304	129	7	0	0	*	2
308	12344	128	7	0	0	*	2
309	12384	127	8	0	0	*	2
310	12424	127	8	0	0	*	2
311	12464	126	8	0	0	*	2
312	12504	125	8	0	0	*	2
313	12544	125	8	0	0	*	2
314	12584	124	8	0	0	*	2
315	12624	123	9	0	0	*	2
316	12664	122	9	0	0	*	2
317	12704	121	10	0	0	*	2
318	12744	120	10	0	0	*	2
319	12784	120	11	0	0	*	2
320	12824	119	11	0	0	*	2
321	12864	119	12	0	0	*	2
322	12904	117	13	0	0	*	2
323	12944	116	14	0	0	*	2
324	12984	115	15	0	0	*	2
325	13024	114	16	0	0	*	2
326	13064	113	17	0	0	*	2
327	13104	112	18	0	0	*	2
328	13144	110	20	0	0	*	2
329	13184	109	20	0	0	*	2
330	13224	109	21	0	0	*	2
331	13264	107	23	0	0	*	2
332	13304	106	24	0	0	*	2
333	13344	105	24	0	0	*	2
334	13384	104	26	0	0	*	2
335	13424	103	27	0	0	*	2
336	13464	101	28	0	0	*	2
337	13504	100	30	0	0	*	2
338	13544	99	31	0	0	*	2
339	13584	98	32	0	0	*	2
340	13624	97	33	0	0	*	2
341	13664	96	34	0	0	*	2
342	13704	94	36	0	0	*	2
343	13744	93	37	0	0	*	2
344	13784	92	38	0	0	*	2
345	13824	91	39	0	0	*	2
346	13864	90	41	0	0	*	2
347	13904	89	42	0	0	*	2
348	13944	87	45	0	0	*	2
349	13984	86	46	0	0	*	2
350	14024	86	46	0	0	*	2
351	14064	86	47	0	0	*	2
352	14104	85	48	0	0	*	2
353	14144	83	50	0	0	*	2
354	14184	82	52	0	0	*	2
355	14224	81	54	0	0	*	2
356	14264	81	54	0	0	*	2
357	14304	80	55	0	0	*	2
358	14344	78	57	0	0	*	2
359	14384	77	59	0	0	*	2
360	14424	76	60	0	0	*	2
361	14464	75	62	0	0	*	2
362	14504	75	63	0	0	*	2
363	14544	74	65	0	0	*	2
364	14584	73	66	0	0	*	2
365	14624	73	67	0	0	*	2
366	14664	72	69	0	0	*	2
367	14704	71	71	0	0	*	2
368	14744	71	72	0	0	*	2
369	14784	70	74	0	0	*	2
370	14824	69	75	0	0	*	2
371	14864	69	77	0	0	*	2
372	14904	68	78	0	0	*	2
373	14944	67	81	0	0	*	2
374	14984	67	82	0	0	*	2
375	15024	67	83	0	0	*	2
376	15064	66	85	0	0	*	2
377	15104	66	87	0	0	*	2
378	15144	66	88	0	0	*	2
379	15184	65	89	0	0	*	2
380	15224	65	92	0	0	*	2
381	15264	65	93	0	0	*	2
382	15304	65	94	0	0	*	2
383	15344	64	96	0	0	*	2
384	15384	64	97	0	0	*	2
385	15424	64	99	0	0	*	2
386	15464	64	101	0	0	*	2
387	15504	63	103	0	0	*	2
388	15544	63	104	0	0	*	2
389	15584	63	106	0	0	*	2
390	15624	62	108	0	0	*	2
391	15664	62	110	0	0	*	2
392	15704	62	111	0	0	*	2
393	15744	62	113	0	0	*	2
394	15784	62	114	0	0	*	2
395	15824	61	116	0	0	*	2
396	15864	61	118	0	0	*	2
397	15904	61	119	0	0	*	2
398	15944	61	120	0	0	*	2
399	15984	61	122	0	0	*	2
400	16024	61	123	0	0	*	2
401	16064	60	125	0	0	*	2
402	16104	60	126	0	0	*	2
403	16144	60	128	0	0	*	2
404	16184	60	129	0	0	*	2
405	16224	60	130	0	0	*	2
406	16264	60	132	0	0	*	2
407	16304	60	133	0	0	*	2
408	16344	59	135	0	0	*	2
409	16384	59	137	0	0	*	2
410	16424	59	138	0	0	*	2
411	16464	59	139	0	0	*	2
412	16504	59	141	0	0	*	2
413	16544	59	142	0	0	*	2
414	16584	58	144	0	0	*	2
415	16624	58	145	0	0	*	2
416	16664	58	147	0	0	*	2
417	16704	58	148	0	0	*	2
418	16744	57	150	0	0	*	2
419	16784	57	152	0	0	*	2
420	16824	57	153	0	0	*	2
421	16864	57	154	0	0	*	2
422	16904	56	156	0	0	*	2
423	16944	56	157	0	0	*	2
424	16984	56	159	0	0	*	2
425	17024	55	161	0	0	*	2
426	17064	55	162	0	0	*	2
427	17104	55	163	0	0	*	2
428	17144	54	164	0	0	*	2
429	17184	54	166	0	0	*	2
430	17224	54	167	0	0	*	2
431	17264	54	169	0	0	*	2
432	17304	53	171	0	0	*	2
433	17344	53	172	0	0	*	2
434	17384	53	173	0	0	*	2
435	17424	52	174	0	0	*	2
436	17464	52	176	0	0	*	2
437	17504	51	177	0	0	*	2
438	17544	51	178	0	0	*	2
439	17584	50	180	0	0	*	2
440	17624	49	185	0	0	*	2
441	17664	49	185	0	0	*	2
442	17704	49	184	0	0	*	2
443	17744	48	185	0	0	*	2
444	17784	47	187	0	0	*	2
445	17824	47	187	0	0	*	2
446	17864	46	189	0	0	*	2
447	17904	45	190	0	0	*	2
448	17944	44	191	0	0	*	2
449	17984	43	192	0	0	*	2
450	18024	42	193	0	0	*	2
451	18064	42	195	0	0	*	2
452	18104	41	196	0	0	*	2
453	18144	40	197	0	0	*	2
454	18184	38	199	0	0	*	2
455	18224	38	200	0	0	*	2
456	18264	38	200	0	0	*	2
457	18304	37	201	0	0	*	2
458	18344	37	202	0	0	*	2
459	18384	37	202	0	0	*	2
460	18424	38	203	0	0	*	2
461	18464	38	204	0	0	*	2
462	18504	39	205	0	0	*	2
463	18544	40	205	0	0	*	2
464	18584	40	206	0	0	*	2
465	18624	40	205	0	0	*	2
466	18664	41	204	0	0	*	2
467	18704	42	205	0	0	*	2
468	18744	43	205	0	0	*	2
469	18784	43	206	0	0	*	2
470	18824	44	206	0	0	*	2
471	18864	44	207	0	0	*	2
472	18904	45	207	0	0	*	2
473	18944	46	208	0	0	*	2
474	18984	47	208	0	0	*	2
475	19024	48	209	0	0	*	2
476	19064	48	209	0	0	*	2
477	19104	49	209	0	0	*	2
478	19144	50	209	0	0	*	2
479	19184	51	209	0	0	*	2
480	19224	52	210	0	0	*	2
481	19264	53	210	0	0	*	2
482	19304	54	211	0	0	*	2
483	19344	55	211	0	0	*	2
484	19384	57	211	0	0	*	2
485	19424	58	211	0	0	*	2
486	19464	60	211	0	0	*	2
487	19504	61	211	0	0	*	2
488	19544	62	211	0	0	*	2
489	19584	64	211	0	0	*	2
490	19624	66	211	0	0	*	2
491	19664	68	210	0	0	*	2
492	19704	70	210	0	0	*	2
493	19744	71	210	0	0	*	2
494	19784	72	209	0	0	*	2
495	19824	74	209	0	0	*	2
496	19864	75	209	0	0	*	2
497	19904	77	208	0	0	*	2
498	19944	78	208	0	0	*	2
499	19984	80	208	0	0	*	2
500	20024	81	207	0	0	*	2
501	20064	83	207	0	0	*	2
502	20104	85	206	0	0	*	2
503	20144	86	206	0	0	*	2
504	20184	87	205	0	0	*	2
505	20224	89	204	0	0	*	2
506	20264	90	204	0	0	*	2
507	20304	92	203	0	0	*	2
508	20344	94	202	0	0	*	2
509	20384	95	201	0	0	*	2
510	20424	97	200	0	0	*	2
511	20464	98	199	0	0	*	2
512	20504	99	198	0	0	*	2
513	20544	100	198	0	0	*	2
514	20584	102	196	0	0	*	2
515	20624	103	195	0	0	*	2
516	20664	104	193	0	0	*	2
517	20704	105	192	0	0	*	2
518	20744	106	191	0	0	*	2
519	20784	107	190	0	0	*	2
520	20824	108	188	0	0	*	2
521	20864	109	187	0	0	*	2
522	20904	109	185	0	0	*	2
523	20944	109	184	0	0	*	2
524	20984	110	183	0	0	*	2
525	21024	110	181	0	0	*	2
526	21064	110	180	0	0	*	2
527	21104	111	179	0	0	*	2
528	21144	111	177	0	0	*	2
529	21184	111	175	0	0	*	2
530	21224	111	173	0	0	*	2
531	21264	111	172	0	0	*	2
532	21304	111	171	0	0	*	2
533	21344	111	170	0	0	*	2
534	21384	111	168	0	0	*	2
535	21424	111	167	0	0	*	2
536	21464	111	165	0	0	*	2
537	21504	111	164	0	0	*	2
538	21544	111	162	0	0	*	2
539	21584	111	161	0	0	*	2
540	21624	111	160	0	0	*	2
541	21664	110	158	0	0	*	2
542	21704	110	156	0	0	*	2
543	21744	110	155	0	0	*	2
544	21784	110	154	0	0	*	2
545	21824	109	153	0	0	*	2
546	21864	109	151	0	0	*	2
547	21904	108	150	0	0	*	2
548	21944	108	148	0	0	*	2
549	21984	107	146	0	0	*	2
550	22024	106	144	0	0	*	2
551	22064	105	143	0	0	*	2
552	22104	104	141	0	0	*	2
553	22144	103	140	0	0	*	2
554	22184	102	138	0	0	*	2
555	22224	100	135	0	0	*	2
556	22264	102	137	0	0	*	2
557	22304	101	135	0	0	*	2
558	22344	100	134	0	0	*	2
559	22384	98	132	0	0	*	2
560	22424	97	131	0	0	*	2
561	22464	97	130	0	0	*	2
562	22504	97	128	0	0	*	2
563	22544	96	127	0	0	*	2
564	22584	95	126	0	0	*	2
565	22624	93	124	0	0	*	2
566	22664	92	123	0	0	*	2
567	22704	91	122	0	0	*	2
568	22744	91	121	0	0	*	2
569	22784	90	120	0	0	*	2
570	22824	88	118	0	0	*	2
571	22864	87	117	0	0	*	2
572	22904	86	116	0	0	*	2
573	22944	85	116	0	0	*	2
574	22984	85	115	0	0	*	2
575	23024	85	114	0	0	*	2
576	23064	84	113	0	0	*	2
577	23104	83	111	0	0	*	2
578	23144	82	110	0	0	*	2
579	23184	81	109	0	0	*	2
580	23224	80	108	0	0	*	2
581	23264	80	108	0	0	*	2
582	23304	79	107	0	0	*	2
583	23344	78	106	0	0	*	2
584	23384	76	104	0	0	*	2
585	23424	73	100	0	0	*	2
586	23464	74	102	0	0	*	2
587	23504	74	101	0	0	*	2
588	23544	73	100	0	0	*	2
589	23584	72	99	0	0	*	2
590	23624	70	98	0	0	*	2
591	23664	69	96	0	0	*	2
592	23704	67	94	0	0	*	2
593	23744	67	94	0	0	*	2
594	23784	66	93	0	0	*	2
595	23824	65	93	0	0	*	2
596	23864	64	92	0	0	*	2
597	23904	63	90	0	0	*	2
598	23944	61	89	0	0	*	2
599	23984	60	88	0	0	*	2
600	24024	59	87	0	0	*	2
601	24064	58	86	0	0	*	2
602	24104	56	85	0	0	*	2
603	24144	56	84	0	0	*	2
604	24184	54	83	0	0	*	2
605	24224	53	82	0	0	*	2
606	24264	52	81	0	0	*	2
607	24304	50	80	0	0	*	2
608	24344	50	79	0	0	*	2
609	24384	49	78	0	0	*	2
610	24424	48	78	0	0	*	2
611	24464	47	77	0	0	*	2
612	24504	45	76	0	0	*	2
613	24544	45	75	0	0	*	2
614	24584	44	75	0	0	*	2
615	24624	43	74	0	0	*	2
616	24664	41	73	0	0	*	2
617	24704	40	73	0	0	*	2
618	24744	39	72	0	0	*	2
619	24784	38	71	0	0	*	2
620	24824	37	70	0	0	*	2
621	24864	36	70	0	0	*	2
622	24904	34	69	0	0	*	2
623	24944	33	68	0	0	*	2
624	24984	32	68	0	0	*	2
625	25024	31	67	0	0	*	2
626	25064	29	66	0	0	*	2
627	25104	28	65	0	0	*	2
628	25144	27	65	0	0	*	2
629	25184	26	64	0	0	*	2
630	25224	26	64	0	0	*	2
631	25264	26	64	0	0	*	2
632	25304	26	63	0	0	*	2
633	25344	25	63	0	0	*	2
634	25384	26	63	0	0	*	2
635	25424	26	63	0	0	*	2
636	25464	26	63	0	0	*	2
637	25504	26	63	0	0	*	2
638	25544	26	62	0	0	*	2
639	25584	25	62	0	0	*	2
640	25624	25	62	0	0	*	2
641	25664	25	63	0	0	*	2
642	25704	25	63	0	0	*	2
643	25744	25	63	0	0	*	2
644	25784	25	63	0	0	*	2
645	25824	24	63	0	0	*	2
646	25864	24	64	0	0	*	2
647	25904	24	64	0	0	*	2
648	25944	25	64	0	0	*	2
649	25984	24	64	0	0	*	2
650	26024	24	65	0	0	*	2
651	26064	24	64	0	0	*	2
652	26104	24	64	0	0	*	2
653	26144	24	64	0	0	*	2
654	26184	24	65	0	0	*	2
655	26224	24	65	0	0	*	2
656	26264	24	64	0	0	*	2
657	26304	25	64	0	0	*	2
658	26344	25	64	0	0	*	2
659	26384	24	64	0	0	*	2
660	26424	24	63	0	0	*	2
661	26464	25	63	0	0	*	2
662	26504	26	63	0	0	*	2
663	26544	27	63	0	0	*	2
664	26584	27	63	0	0	*	2
665	26624	28	63	0	0	*	2
666	26664	28	63	0	0	*	2
667	26704	28	63	0	0	*	2
668	26744	28	63	0	0	*	2
669	26784	29	63	0	0	*	2
670	26824	30	63	0	0	*	2
671	26864	30	62	0	0	*	2
672	26904	29	61	0	0	*	2
673	26944	29	61	0	0	*	2
674	26984	29	60	0	0	*	2
675	27024	31	58	0	0	*	2
676	27064	31	58	0	0	*	2
677	27104	32	58	0	0	*	2
678	27144	33	58	0	0	*	2
679	27184	32	57	0	0	*	2
680	27224	32	56	0	0	*	2
681	27264	32	55	0	0	*	2
682	27304	33	55	0	0	*	2
683	27344	32	54	0	0	*	2
684	27384	32	53	0	0	*	2
685	27424	32	53	0	0	*	2
686	27464	32	52	0	0	*	2
687	27504	32	52	0	0	*	2
688	27544	32	52	0	0	*	2
689	27584	33	51	0	0	*	2
690	27624	34	51	0	0	*	2
691	27664	34	51	0	0	*	2
692	27704	34	51	0	0	*	2
693	27744	35	51	0	0	*	2
694	27784	37	53	0	0	*	2
695	27824	39	55	0	0	*	2
696	27864	40	55	0	0	*	2
697	27904	41	56	0	0	*	2
698	27944	44	56	0	0	*	2
699	27984	46	56	0	0	*	2
700	28024	47	57	0	0	*	2
701	28064	48	57	0	0	*	2
702	28104	49	58	0	0	*	2
703	28144	50	59	0	0	*	2
704	28184	52	60	0	0	*	2
705	28224	54	61	0	0	*	2
706	28264	54	61	0	0	*	2
707	28304	55	62	0	0	*	2
708	28344	57	63	0	0	*	2
709	28384	58	65	0	0	*	2
710	28424	60	66	0	0	*	2
711	28464	61	67	0	0	*	2
712	28504	61	67	0	0	*	2
713	28544	62	68	0	0	*	2
714	28584	63	70	0	0	*	2
715	28624	64	70	0	0	*	2
716	28664	66	73	0	0	*	2
717	28704	67	74	0	0	*	2
718	28744	68	76	0	0	*	2
719	28784	68	77	0	0	*	2
720	28824	69	78	0	0	*	2
721	28864	70	81	0	0	*	2
722	28904	71	82	0	0	*	2
723	28944	72	85	0	0	*	2
724	28984	72	87	0	0	*	2
725	29024	73	89	0	0	*	2
726	29064	73	90	0	0	*	2
727	29104	74	92	0	0	*	2
728	29144	74	93	0	0	*	2
729	29184	75	95	0	0	*	2
730	29224	75	97	0	0	*	2
731	29264	75	99	0	0	*	2
732	29304	76	101	0	0	*	2
733	29344	76	103	0	0	*	2
734	29384	76	105	0	0	*	2
735	29424	76	107	0	0	*	2
736	29464	76	110	0	0	*	2
737	29504	76	113	0	0	*	2
738	29544	75	113	0	0	*	2
739	29584	75	116	0	0	*	2
740	29624	75	117	0	0	*	2
741	29664	74	119	0	0	*	2
742	29704	74	121	0	0	*	2
743	29744	73	123	0	0	*	2
744	29784	73	125	0	0	*	2
745	29824	72	127	0	0	*	2
746	29864	71	129	0	0	*	2
747	29904	70	131	0	0	*	2
748	29944	69	133	0	0	*	2
749	29984	68	133	0	0	*	2
750	30024	67	135	0	0	*	2
751	30064	67	136	0	0	*	2
752	30104	65	137	0	0	*	2
753	30144	64	139	0	0	*	2
754	30184	63	140	0	0	*	2
755	30224	62	141	0	0	*	2
756	30264	61	142	0	0	*	2
757	30304	60	143	0	0	*	2
758	30344	58	145	0	0	*	2
759	30384	57	146	0	0	*	2
760	30424	56	147	0	0	*	2
761	30464	55	147	0	0	*	2
762	30504	54	148	0	0	*	2
763	30544	52	149	0	0	*	2
764	30584	51	150	0	0	*	2
765	30624	49	151	0	0	*	2
766	30664	48	152	0	0	*	2
767	30704	47	152	0	0	*	2
768	30744	45	153	0	0	*	2
769	30784	44	153	0	0	*	2
770	30824	42	153	0	0	*	2
771	30864	41	154	0	0	*	2
772	30904	39	154	0	0	*	2
773	30944	37	154	0	0	*	2
774	30984	36	155	0	0	*	2
775	31024	34	155	0	0	*	2
776	31064	33	155	0	0	*	2
777	31104	32	154	0	0	*	2
778	31144	30	155	0	0	*	2
779	31184	29	155	0	0	*	2
780	31224	26	155	0	0	*	2
781	31264	25	155	0	0	*	2
782	31304	24	155	0	0	*	2
783	31344	23	155	0	0	*	2
784	31384	21	155	0	0	*	2
785	31424	18	155	0	0	*	2
786	31464	17	155	0	0	*	2
787	31504	15	155	0	0	*	2
788	31544	14	155	0	0	*	2
789	31584	14	155	0	0	*	2
790	31624	14	156	0	0	*	2
791	31664	14	156	0	0	*	2
792	31704	13	156	0	0	*	2
793	31744	13	157	0	0	*	2
794	31784	13	158	0	0	*	2
795	31824	13	158	0	0	*	2
796	31864	13	158	0	0	*	2
797	31904	13	159	0	0	*	2
798	31944	13	159	0	0	*	2
799	31984	13	160	0	0	*	2
800	32024	14	160	0	0	*	2
801	32064	14	159	0	0	*	2
802	32104	14	160	0	0	*	2
803	32144	15	162	0	0	*	2
804	32184	15	161	0	0	*	2
805	32224	15	162	0	0	*	2
806	32264	16	162	0	0	*	2
807	32304	16	163	0	0	*	2
808	32344	17	163	0	0	*	2
809	32384	18	164	0	0	*	2
810	32424	18	164	0	0	*	2
811	32464	19	165	0	0	*	2
812	32504	19	166	0	0	*	2
813	32544	21	167	0	0	*	2
814	32584	21	168	0	0	*	2
815	32624	22	169	0	0	*	2
816	32664	24	169	0	0	*	2
817	32704	24	170	0	0	*	2
818	32744	25	171	0	0	*	2
819	32784	27	172	0	0	*	2
820	32824	28	173	0	0	*	2
821	32864	29	174	0	0	*	2
822	32904	30	174	0	0	*	2
823	32944	32	176	0	0	*	2
824	32984	33	177	0	0	*	2
825	33024	34	178	0	0	*	2
826	33064	34	178	0	0	*	2
827	33104	36	180	0	0	*	2
828	33144	37	181	0	0	*	2
829	33184	38	182	0	0	*	2
830	33224	39	183	0	0	*	2
831	33264	40	185	0	0	*	2
832	33304	42	186	0	0	*	2
833	33344	42	187	0	0	*	2
834	33384	44	188	0	0	*	2
835	33424	45	189	0	0	*	2
836	33464	46	190	0	0	*	2
837	33504	47	192	0	0	*	2
838	33544	48	193	0	0	*	2
839	33584	49	194	0	0	*	2
840	33624	50	196	0	0	*	2
841	33664	51	197	0	0	*	2
842	33704	52	197	0	0	*	2
843	33744	53	198	0	0	*	2
844	33784	54	200	0	0	*	2
845	33824	55	201	0	0	*	2
846	33864	56	202	0	0	*	2
847	33904	58	205	0	0	*	2
848	33944	58	205	0	0	*	2
849	33984	59	205	0	0	*	2
850	34024	60	207	0	0	*	2
851	34064	62	209	0	0	*	2
852	34104	62	209	0	0	*	2
853	34144	63	210	0	0	*	2
854	34184	64	211	0	0	*	2
855	34224	68	215	0	0	*	2
856	34264	65	213	0	0	*	2
857	34304	67	215	0	0	*	2
858	34344	69	217	0	0	*	2
859	34384	70	217	0	0	*	2
860	34424	71	219	0	0	*	2
861	34464	72	220	0	0	*	2
862	34504	72	220	0	0	*	2
863	34544	73	221	0	0	*	2
864	34584	74	223	0	0	*	2
865	34624	76	224	0	0	*	2
866	34664	77	225	0	0	*	2
867	34704	78	227	0	0	*	2
868	34744	79	227	0	0	*	2
869	34784	80	228	0	0	*	2
870	34824	81	229	0	0	*	2
871	34864	83	230	0	0	*	2
872	34904	84	231	0	0	*	2
873	34944	85	232	0	0	*	2
874	34984	85	232	0	0	*	2
875	35024	85	232	0	0	*	2
876	35064	87	233	0	0	*	2
877	35104	89	234	0	0	*	2
878	35144	90	236	0	0	*	2
879	35184	91	237	0	0	*	2
880	35224	91	237	0	0	*	2
881	35264	92	237	0	0	*	2
882	35304	94	238	0	0	*	2
883	35344	96	239	0	0	*	2
884	35384	97	240	0	0	*	2
885	35424	97	241	0	0	*	2
886	35464	98	241	0	0	*	2
887	35504	99	241	0	0	*	2
888	35544	101	242	0	0	*	2
889	35584	102	242	0	0	*	2
890	35624	104	243	0	0	*	2
891	35664	104	243	0	0	*	2
892	35704	105	243	0	0	*	2
893	35744	107	243	0	0	*	2
894	35784	108	244	0	0	*	2
895	35824	109	243	0	0	*	2
896	35864	110	244	0	0	*	2
897	35904	112	244	0	0	*	2
898	35944	113	244	0	0	*	2
899	35984	116	244	0	0	*	2
900	36024	116	244	0	0	*	2
901	36064	117	243	0	0	*	2
902	36104	118	243	0	0	*	2
903	36144	120	243	0	0	*	2
904	36184	121	243	0	0	*	2
905	36224	122	242	0	0	*	2
906	36264	123	242	0	0	*	2
907	36304	125	241	0	0	*	2
908	36344	127	241	0	0	*	2
909	36384	128	240	0	0	*	2
910	36424	130	240	0	0	*	2
911	36464	130	240	0	0	*	2
912	36504	132	239	0	0	*	2
913	36544	134	238	0	0	*	2
914	36584	134	238	0	0	*	2
915	36624	135	237	0	0	*	2
916	36664	136	237	0	0	*	2
917	36704	138	236	0	0	*	2
918	36744	139	235	0	0	*	2
919	36784	140	235	0	0	*	2
920	36824	141	234	0	0	*	2
921	36864	142	233	0	0	*	2
922	36904	144	232	0	0	*	2
923	36944	145	232	0	0	*	2
924	36984	146	232	0	0	*	2
925	37024	147	230	0	0	*	2
926	37064	147	230	0	0	*	2
927	37104	148	229	0	0	*	2
928	37144	149	228	0	0	*	2
929	37184	150	227	0	0	*	2
930	37224	151	226	0	0	*	2
931	37264	152	225	0	0	*	2
932	37304	153	224	0	0	*	2
933	37344	153	223	0	0	*	2
934	37384	153	222	0	0	*	2
935	37424	154	221	0	0	*	2
936	37464	155	220	0	0	*	2
937	37504	155	219	0	0	*	2
938	37544	155	217	0	0	*	2
939	37584	156	216	0	0	*	2
940	37624	156	215	0	0	*	2
941	37664	156	214	0	0	*	2
942	37704	156	212	0	0	*	2
943	37744	156	211	0	0	*	2
944	37784	156	210	0	0	*	2
945	37824	156	209	0	0	*	2
946	37864	156	208	0	0	*	2
947	37904	156	207	0	0	*	2
948	37944	156	206	0	0	*	2
949	37984	156	205	0	0	*	2
950	38024	155	203	0	0	*	2
951	38064	155	202	0	0	*	2
952	38104	155	201	0	0	*	2
953	38144	154	201	0	0	*	2
954	38184	154	200	0	0	*	2
955	38224	153	199	0	0	*	2
956	38264	152	197	0	0	*	2
957	38304	151	196	0	0	*	2
958	38344	151	195	0	0	*	2
959	38384	150	194	0	0	*	2
960	38424	149	193	0	0	*	2
961	38464	149	193	0	0	*	2
962	38504	148	192	0	0	*	2
963	38544	147	191	0	0	*	2
964	38584	146	190	0	0	*	2
965	38624	146	189	0	0	*	2
966	38664	146	189	0	0	*	2
967	38704	145	188	0	0	*	2
968	38744	143	187	0	0	*	2
969	38784	143	186	0	0	*	2
970	38824	142	185	0	0	*	2
971	38864	141	185	0	0	*	2
972	38904	141	184	0	0	*	2
973	38944	140	183	0	0	*	2
974	38984	139	183	0	0	*	2
975	39024	138	182	0	0	*	2
976	39064	137	181	0	0	*	2
977	39104	136	180	0	0	*	2
978	39144	135	179	0	0	*	2
979	39184	134	179	0	0	*	2
980	39224	134	178	0	0	*	2
981	39264	133	177	0	0	*	2
982	39304	132	176	0	0	*	2
983	39344	131	175	0	0	*	2
984	39384	131	175	0	0	*	2
985	39424	129	174	0	0	*	2
986	39464	129	174	0	0	*	2
987	39504	127	173	0	0	*	2
988	39544	125	171	0	0	*	2
989	39584	125	171	0	0	*	2
990	39624	124	170	0	0	*	2
991	39664	123	169	0	0	*	2
992	39704	122	169	0	0	*	2
993	39744	119	167	0	0	*	2
994	39784	119	166	0	0	*	2
995	39824	119	166	0	0	*	2
996	39864	118	165	0	0	*	2
997	39904	116	165	0	0	*	2
998	39944	115	164	0	0	*	2
999	39984	113	162	0	0	*	2
1000	40024	111	161	0	0	*	2
1001	40064	110	161	0	0	*	2
1002	40104	110	161	0	0	*	2
1003	40144	109	160	0	0	*	2
1004	40184	108	159	0	0	*	2
1005	40224	106	158	0	0	*	2
1006	40264	105	157	0	0	*	2
1007	40304	105	156	0	0	*	2
1008	40344	104	156	0	0	*	2
1009	40384	102	155	0	0	*	2
1010	40424	101	154	0	0	*	2
1011	40464	99	152	0	0	*	2
1012	40504	100	152	0	0	*	2
1013	40544	100	152	0	0	*	2
1014	40584	98	151	0	0	*	2
1015	40624	97	150	0	0	*	2
1016	40664	96	149	0	0	*	2
1017	40704	93	148	0	0	*	2
1018	40744	93	147	0	0	*	2
1019	40784	93	147	0	0	*	2
1020	40824	92	147	0	0	*	2
1021	40864	91	146	0	0	*	2
1022	40904	89	145	0	0	*	2
1023	40944	86	143	0	0	*	2
1024	40984	87	143	0	0	*	2
1025	41024	87	142	0	0	*	2
1026	41064	86	142	0	0	*	2
1027	41104	85	141	0	0	*	2
1028	41144	84	140	0	0	*	2
1029	41184	82	139	0	0	*	2
1030	41224	81	138	0	0	*	2
1031	41264	81	137	0	0	*	2
1032	41304	80	137	0	0	*	2
1033	41344	78	136	0	0	*	2
1034	41384	77	134	0	0	*	2
1035	41424	75	133	0	0	*	2
1036	41464	74	132	0	0	*	2
1037	41504	73	131	0	0	*	2
1038	41544	73	131	0	0	*	2
1039	41584	72	130	0	0	*	2
1040	41624	71	128	0	0	*	2
1041	41664	69	127	0	0	*	2
1042	41704	68	126	0	0	*	2
1043	41744	67	124	0	0	*	2
1044	41784	67	124	0	0	*	2
1045	41824	66	123	0	0	*	2
1046	41864	65	122	0	0	*	2
1047	41904	64	121	0	0	*	2
1048	41944	63	119	0	0	*	2
1049	41984	63	118	0	0	*	2
1050	42024	62	117	0	0	*	2
1051	42064	62	116	0	0	*	2
1052	42104	61	116	0	0	*	2
1053	42144	61	114	0	0	*	2
1054	42184	60	113	0	0	*	2
1055	42224	60	111	0	0	*	2
1056	42264	60	111	0	0	*	2
1057	42304	59	110	0	0	*	2
1058	42344	59	109	0	0	*	2
1059	42384	59	108	0	0	*	2
1060	42424	59	107	0	0	*	2
1061	42464	58	105	0	0	*	2
1062	42504	58	104	0	0	*	2
1063	42544	58	103	0	0	*	2
1064	42584	58	101	0	0	*	2
1065	42624	57	100	0	0	*	2
1066	42664	57	99	0	0	*	2
1067	42704	57	98	0	0	*	2
1068	42744	57	97	0	0	*	2
1069	42784	57	95	0	0	*	2
1070	42824	57	94	0	0	*	2
1071	42864	56	93	0	0	*	2
1072	42904	56	92	0	0	*	2
1073	42944	56	90	0	0	*	2
1074	42984	56	89	0	0	*	2
1075	43024	56	88	0	0	*	2
1076	43064	56	86	0	0	*	2
1077	43104	56	85	0	0	*	2
1078	43144	56	84	0	0	*	2
1079	43184	56	82	0	0	*	2
1080	43224	56	81	0	0	*	2
1081	43264	56	79	0	0	*	2
1082	43304	56	78	0	0	*	2
1083	43344	56	76	0	0	*	2
1084	43384	56	75	0	0	*	2
1085	43424	56	74	0	0	*	2
1086	43464	56	71	0	0	*	2
1087	43504	56	70	0	0	*	2
1088	43544	56	69	0	0	*	2
1089	43584	56	68	0	0	*	2
1090	43624	56	66	0	0	*	2
1091	43664	56	65	0	0	*	2
1092	43704	56	64	0	0	*	2
1093	43744	55	62	0	0	*	2
1094	43784	55	61	0	0	*	2
1095	43824	55	59	0	0	*	2
1096	43864	54	58	0	0	*	2
1097	43904	54	56	0	0	*	2
1098	43944	54	55	0	0	*	2
1099	43984	53	53	0	0	*	2
1100	44024	53	51	0	0	*	2
1101	44064	52	50	0	0	*	2
1102	44104	52	50	0	0	*	2
1103	44144	51	48	0	0	*	2
1104	44184	50	47	0	0	*	2
1105	44224	49	46	0	0	*	2
1106	44264	49	46	0	0	*	2
1107	44304	49	46	0	0	*	2
1108	44344	48	45	0	0	*	2
1109	44384	46	44	0	0	*	2
1110	44424	45	43	0	0	*	2
1111	44464	45	43	0	0	*	2
1112	44504	46	43	0	0	*	2
1113	44544	43	43	0	0	*	2
1114	44584	43	43	0	0	*	2
1115	44624	42	43	0	0	*	2
1116	44664	41	43	0	0	*	2
1117	44704	41	44	0	0	*	2
1118	44744	41	43	0	0	*	2
1119	44784	42	43	0	0	*	2
1120	44824	42	43	0	0	*	2
1121	44864	41	43	0	0	*	2
1122	44904	41	45	0	0	*	2
1123	44944	41	45	0	0	*	2
1124	44984	41	44	0	0	*	2
1125	45024	42	44	0	0	*	2
1126	45064	42	45	0	0	*	2
1127	45104	42	46	0	0	*	2
1128	45144	42	46	0	0	*	2
1129	45184	41	46	0	0	*	2
1130	45224	41	47	0	0	*	2
1131	45264	42	47	0	0	*	2
1132	45304	42	48	0	0	*	2
1133	45344	42	49	0	0	*	2
1134	45384	42	50	0	0	*	2
1135	45424	43	51	0	0	*	2
1136	45464	43	52	0	0	*	2
1137	45504	43	53	0	0	*	2
1138	45544	45	55	0	0	*	2
1139	45584	45	57	0	0	*	2
1140	45624	45	57	0	0	*	2
1141	45664	45	58	0	0	*	2
1142	45704	46	61	0	0	*	2
1143	45744	46	62	0	0	*	2
1144	45784	47	63	0	0	*	2
1145	45824	47	63	0	0	*	2
1146	45864	47	63	0	0	*	2
1147	45904	47	64	0	0	*	2
1148	45944	47	65	0	0	*	2
1149	45984	48	66	0	0	*	2
1150	46024	48	68	0	0	*	2
1151	46064	49	69	0	0	*	2
1152	46104	49	69	0	0	*	2
1153	46144	49	70	0	0	*	2
1154	46184	49	70	0	0	*	2
1155	46224	50	71	0	0	*	2
1156	46264	51	73	0	0	*	2
1157	46304	51	74	0	0	*	2
1158	46344	51	75	0	0	*	2
1159	46384	51	76	0	0	*	2
1160	46424	52	77	0	0	*	2
1161	46464	52	78	0	0	*	2
1162	46504	53	79	0	0	*	2
1163	46544	53	80	0	0	*	2
1164	46584	54	81	0	0	*	2
1165	46624	54	83	0	0	*	2
1166	46664	55	83	0	0	*	2
1167	46704	55	84	0	0	*	2
1168	46744	56	85	0	0	*	2
1169	46784	57	86	0	0	*	2
1170	46824	57	88	0	0	*	2
1171	46864	57	89	0	0	*	2
1172	46904	58	90	0	0	*	2
1173	46944	59	91	0	0	*	2
1174	46984	60	92	0	0	*	2
1175	47024	60	93	0	0	*	2
1176	47064	61	94	0	0	*	2
1177	47104	61	96	0	0	*	2
1178	47144	61	97	0	0	*	2
1179	47184	61	98	0	0	*	2
1180	47224	62	100	0	0	*	2
1181	47264	62	101	0	0	*	2
1182	47304	63	102	0	0	*	2
1183	47344	63	104	0	0	*	2
1184	47384	63	105	0	0	*	2
1185	47424	64	106	0	0	*	2
1186	47464	64	107	0	0	*	2
1187	47504	65	109	0	0	*	2
1188	47544	65	110	0	0	*	2
1189	47584	65	112	0	0	*	2
1190	47624	65	113	0	0	*	2
1191	47664	65	114	0	0	*	2
1192	47704	66	115	0	0	*	2
1193	47744	66	117	0	0	*	2
1194	47784	66	118	0	0	*	2
1195	47824	66	119	0	0	*	2
1196	47864	67	121	0	0	*	2
1197	47904	67	122	0	0	*	2
1198	47944	67	123	0	0	*	2
1199	47984	67	124	0	0	*	2
1200	48024	67	126	0	0	*	2
1201	48064	67	127	0	0	*	2
1202	48104	67	128	0	0	*	2
1203	48144	68	130	0	0	*	2
1204	48184	68	132	0	0	*	2
1205	48224	68	133	0	0	*	2
1206	48264	68	134	0	0	*	2
1207	48304	69	135	0	0	*	2
1208	48344	69	137	0	0	*	2
1209	48384	69	138	0	0	*	2
1210	48424	69	139	0	0	*	2
1211	48464	70	140	0	0	*	2
1212	48504	70	141	0	0	*	2
1213	48544	70	143	0	0	*	2
1214	48584	71	145	0	0	*	2
1215	48624	71	146	0	0	*	2
1216	48664	71	148	0	0	*	2
1217	48704	71	149	0	0	*	2
1218	48744	71	150	0	0	*	2
1219	48784	72	151	0	0	*	2
1220	48824	72	153	0	0	*	2
1221	48864	72	154	0	0	*	2
1222	48904	72	156	0	0	*	2
1223	48944	73	157	0	0	*	2
1224	48984	73	158	0	0	*	2
1225	49024	73	159	0	0	*	2
1226	49064	73	161	0	0	*	2
1227	49104	73	162	0	0	*	2
1228	49144	73	162	0	0	*	2
1229	49184	73	163	0	0	*	2
1230	49224	73	164	0	0	*	2
1231	49264	74	164	0	0	*	2
1232	49304	74	165	0	0	*	2
1233	49344	74	165	0	0	*	2
1234	49384	74	165	0	0	*	2
1235	49424	74	166	0	0	*	2
1236	49464	74	167	0	0	*	2
1237	49504	75	168	0	0	*	2
1238	49544	75	170	0	0	*	2
1239	49584	75	171	0	0	*	2
1240	49624	76	172	0	0	*	2
1241	49664	76	173	0	0	*	2
1242	49704	76	174	0	0	*	2
1243	49744	76	176	0	0	*	2
1244	49784	76	177	0	0	*	2
1245	49824	76	178	0	0	*	2
1246	49864	76	179	0	0	*	2
1247	49904	76	181	0	0	*	2
1248	49944	77	182	0	0	*	2
1249	49984	76	185	0	0	*	2
1250	50024	76	185	0	0	*	2
1251	50064	76	185	0	0	*	2
1252	50104	77	185	0	0	*	2
1253	50144	77	186	0	0	*	2
1254	50184	77	186	0	0	*	2
1255	50224	77	188	0	0	*	2
1256	50264	77	188	0	0	*	2
1257	50304	76	190	0	0	*	2
1258	50344	76	190	0	0	*	2
1259	50384	77	191	0	0	*	2
1260	50424	77	191	0	0	*	2
1261	50464	77	193	0	0	*	2
1262	50504	77	194	0	0	*	2
1263	50544	77	195	0	0	*	2
1264	50584	77	197	0	0	*	2
1265	50624	77	198	0	0	*	2
1266	50664	77	198	0	0	*	2
1267	50704	77	199	0	0	*	2
1268	50744	77	199	0	0	*	2
1269	50784	77	200	0	0	*	2
1270	50824	77	201	0	0	*	2
1271	50864	77	202	0	0	*	2
1272	50904	77	203	0	0	*	2
1273	50944	77	204	0	0	*	2
1274	50984	77	205	0	0	*	2
1275	51024	78	209	0	0	*	2
1276	51064	78	209	0	0	*	2
1277	51104	78	210	0	0	*	2
1278	51144	78	210	0	0	*	2
1279	51184	78	211	0	0	*	2
1280	51224	78	211	0	0	*	2
1281	51264	78	212	0	0	*	2
1282	51304	78	213	0	0	*	2
1283	51344	78	217	0	0	*	2
1284	51384	78	217	0	0	*	2
1285	51424	78	218	0	0	*	2
1286	51464	78	219	0	0	*	2
1287	51504	78	221	0	0	*	2
1288	51544	78	222	0	0	*	2
1289	51584	78	224	0	0	*	2
1290	51624	78	225	0	0	*	2
1291	51664	78	225	0	0	*	2
1292	51704	78	225	0	0	*	2
1293	51744	79	227	0	0	*	2
1294	51784	79	229	0	0	*	2
1295	51824	80	231	0	0	*	2
1296	51864	80	231	0	0	*	2
1297	51904	80	232	0	0	*	2
1298	51944	81	231	0	0	*	2
1299	51984	81	232	0	0	*	2
1300	52024	81	232	0	0	*	2
1301	52064	82	233	0	0	*	2
1302	52104	83	234	0	0	*	2
1303	52144	83	234	0	0	*	2
1304	52184	83	235	0	0	*	2
1305	52224	83	235	0	0	*	2
1306	52264	83	235	0	0	*	2
1307	52304	84	236	0	0	*	2
1308	52344	85	236	0	0	*	2
1309	52384	85	237	0	0	*	2
1310	52424	86	237	0	0	*	2
1311	52464	86	237	0	0	*	2
1312	52504	87	237	0	0	*	2
1313	52544	87	237	0	0	*	2
1314	52584	88	237	0	0	*	2
1315	52624	89	236	0	0	*	2
1316	52664	89	236	0	0	*	2
1317	52704	90	236	0	0	*	2
1318	52744	90	235	0	0	*	2
1319	52784	91	235	0	0	*	2
1320	52824	91	234	0	0	*	2
1321	52864	92	233	0	0	*	2
1322	52904	92	233	0	0	*	2
1323	52944	92	233	0	0	*	2
1324	52984	92	231	0	0	*	2
1325	53024	92	230	0	0	*	2
1326	53064	92	229	0	0	*	2
1327	53104	93	228	0	0	*	2
1328	53144	93	228	0	0	*	2
1329	53184	93	226	0	0	*	2
1330	53224	92	225	0	0	*	2
1331	53264	92	224	0	0	*	2
1332	53304	92	223	0	0	*	2
1333	53344	92	222	0	0	*	2
1334	53384	92	221	0	0	*	2
1335	53424	91	220	0	0	*	2
1336	53464	91	218	0	0	*	2
1337	53504	90	217	0	0	*	2
1338	53544	90	216	0	0	*	2
1339	53584	89	215	0	0	*	2
1340	53624	89	215	0	0	*	2
1341	53664	88	213	0	0	*	2
1342	53704	87	211	0	0	*	2
1343	53744	87	210	0	0	*	2
1344	53784	86	210	0	0	*	2
1345	53824	86	210	0	0	*	2
1346	53864	85	209	0	0	*	2
1347	53904	85	208	0	0	*	2
1348	53944	84	206	0	0	*	2
1349	53984	84	205	0	0	*	2
1350	54024	84	205	0	0	*	2
1351	54064	83	204	0	0	*	2
1352	54104	83	203	0	0	*	2
1353	54144	82	202	0	0	*	2
1354	54184	81	201	0	0	*	2
1355	54224	81	200	0	0	*	2
1356	54264	81	199	0	0	*	2
1357	54304	81	198	0	0	*	2
1358	54344	80	198	0	0	*	2
1359	54384	80	197	0	0	*	2
1360	54424	79	196	0	0	*	2
1361	54464	79	195	0	0	*	2
1362	54504	79	194	0	0	*	2
1363	54544	79	193	0	0	*	2
1364	54584	78	192	0	0	*	2
1365	54624	77	191	0	0	*	2
1366	54664	77	190	0	0	*	2
1367	54704	77	190	0	0	*	2
1368	54744	77	189	0	0	*	2
1369	54784	77	188	0	0	*	2
1370	54824	76	187	0	0	*	2
1371	54864	75	187	0	0	*	2
1372	54904	75	186	0	0	*	2
1373	54944	74	185	0	0	*	2
1374	54984	74	185	0	0	*	2
1375	55024	75	185	0	0	*	2
1376	55064	75	185	0	0	*	2
1377	55104	74	185	0	0	*	2
1378	55144	73	184	0	0	*	2
1379	55184	71	183	0	0	*	2
1380	55224	70	182	0	0	*	2
1381	55264	70	182	0	0	*	2
1382	55304	69	181	0	0	*	2
1383	55344	68	180	0	0	*	2
1384	55384	66	180	0	0	*	2
1385	55424	65	179	0	0	*	2
1386	55464	64	178	0	0	*	2
1387	55504	63	178	0	0	*	2
1388	55544	62	177	0	0	*	2
1389	55584	61	177	0	0	*	2
1390	55624	61	176	0	0	*	2
1391	55664	60	176	0	0	*	2
1392	55704	59	175	0	0	*	2
1393	55744	59	175	0	0	*	2
1394	55784	58	175	0	0	*	2
1395	55824	57	174	0	0	*	2
1396	55864	57	174	0	0	*	2
1397	55904	56	174	0	0	*	2
1398	55944	56	173	0	0	*	2
1399	55984	55	173	0	0	*	2
1400	56024	55	173	0	0	*	2
1401	56064	54	173	0	0	*	2
1402	56104	53	172	0	0	*	2
1403	56144	53	172	0	0	*	2
1404	56184	53	172	0	0	*	2
1405	56224	51	171	0	0	*	2
1406	56264	51	172	0	0	*	2
1407	56304	50	172	0	0	*	2
1408	56344	50	172	0	0	*	2
1409	56384	50	172	0	0	*	2
1410	56424	50	172	0	0	*	2
1411	56464	49	171	0	0	*	2
1412	56504	49	171	0	0	*	2
1413	56544	49	171	0	0	*	2
1414	56584	48	171	0	0	*	2
1415	56624	48	171	0	0	*	2
1416	56664	48	171	0	0	*	2
1417	56704	47	171	0	0	*	2
1418	56744	46	171	0	0	*	2
1419	56784	45	171	0	0	*	2
1420	56824	45	171	0	0	*	2
1421	56864	45	171	0	0	*	2
1422	56904	44	171	0	0	*	2
1423	56944	43	170	0	0	*	2
1424	56984	42	170	0	0	*	2
1425	57024	41	169	0	0	*	2
1426	57064	41	169	0	0	*	2
1427	57104	40	169	0	0	*	2
1428	57144	39	169	0	0	*	2
1429	57184	39	168	0	0	*	2
1430	57224	37	168	0	0	*	2
1431	57264	36	167	0	0	*	2
1432	57304	36	167	0	0	*	2
1433	57344	36	166	0	0	*	2
1434	57384	35	166	0	0	*	2
1435	57424	35	165	0	0	*	2
1436	57464	32	164	0	0	*	2
1437	57504	33	164	0	0	*	2
1438	57544	33	164	0	0	*	2
1439	57584	33	163	0	0	*	2
1440	57624	32	162	0	0	*	2
1441	57664	32	162	0	0	*	2
1442	57704	30	160	0	0	*	2
1443	57744	31	160	0	0	*	2
1444	57784	31	160	0	0	*	2
1445	57824	31	159	0	0	*	2
1446	57864	31	158	0	0	*	2
1447	57904	30	157	0	0	*	2
1448	57944	30	156	0	0	*	2
1449	57984	30	156	0	0	*	2
1450	58024	30	155	0	0	*	2
1451	58064	30	154	0	0	*	2
1452	58104	30	153	0	0	*	2
1453	58144	30	152	0	0	*	2
1454	58184	30	151	0	0	*	2
1455	58224	30	150	0	0	*	2
1456	58264	30	149	0	0	*	2
1457	58304	30	148	0	0	*	2
1458	58344	30	148	0	0	*	2
1459	58384	31	147	0	0	*	2
1460	58424	31	146	0	0	*	2
1461	58464	32	145	0	0	*	2
1462	58504	32	144	0	0	*	2
1463	58544	33	143	0	0	*	2
1464	58584	33	143	0	0	*	2
1465	58624	34	142	0	0	*	2
1466	58664	35	141	0	0	*	2
1467	58704	36	140	0	0	*	2
1468	58744	36	140	0	0	*	2
1469	58784	36	139	0	0	*	2
1470	58824	37	138	0	0	*	2
1471	58864	38	138	0	0	*	2
1472	58904	39	137	0	0	*	2
1473	58944	40	137	0	0	*	2
1474	58984	41	136	0	0	*	2
1475	59024	42	136	0	0	*	2
1476	59064	43	135	0	0	*	2
1477	59104	44	135	0	0	*	2
1478	59144	44	135	0	0	*	2
1479	59184	46	134	0	0	*	2
1480	59224	47	134	0	0	*	2
1481	59264	47	133	0	0	*	2
1482	59304	48	133	0	0	*	2
1483	59344	49	132	0	0	*	2
1484	59384	50	132	0	0	*	2
1485	59424	51	132	0	0	*	2
1486	59464	52	132	0	0	*	2
1487	59504	53	131	0	0	*	2
1488	59544	54	131	0	0	*	2
1489	59584	56	130	0	0	*	2
1490	59624	56	130	0	0	*	2
1491	59664	57	130	0	0	*	2
1492	59704	59	130	0	0	*	2
1493	59744	60	130	0	0	*	2
1494	59784	61	129	0	0	*	2
1495	59824	63	129	0	0	*	2
1496	59864	64	129	0	0	*	2
1497	59904	65	129	0	0	*	2
1498	59944	66	129	0	0	*	2
1499	59984	67	128	0	0	*	2
1500	60024	68	128	0	0	*	2
1501	60064	69	128	0	0	*	2
1502	60104	71	128	0	0	*	2
1503	60144	72	128	0	0	*	2
1504	60184	77	127	0	0	*	2
1505	60224	74	128	0	0	*	2
1506	60264	76	128	0	0	*	2
1507	60304	77	128	0	0	*	2
1508	60344	78	128	0	0	*	2
1509	60384	80	128	0	0	*	2
1510	60424	81	128	0	0	*	2
1511	60464	82	128	0	0	*	2
1512	60504	84	128	0	0	*	2
1513	60544	85	127	0	0	*	2
1514	60584	86	127	0	0	*	2
1515	60624	88	127	0	0	*	2
1516	60664	89	127	0	0	*	2
1517	60704	90	127	0	0	*	2
1518	60744	91	127	0	0	*	2
1519	60784	93	127	0	0	*	2
1520	60824	94	127	0	0	*	2
1521	60864	95	127	0	0	*	2
1522	60904	97	127	0	0	*	2
1523	60944	98	126	0	0	*	2
1524	60984	99	126	0	0	*	2
1525	61024	101	126	0	0	*	2
1526	61064	103	126	0	0	*	2
1527	61104	104	126	0	0	*	2
1528	61144	105	126	0	0	*	2
1529	61184	106	126	0	0	*	2
