%%BEGIN_HEADER
	%%BEGIN DATABASE_INFORMATION
		%Date.0 ( 13.9.2019 )
		%Time.0 ( 17:43 )
	%%END DATABASE_INFORMATION
	%%BEGIN SETUP_INFORMATION
		%TrackerVersion.0 ( Tracker version 2.38 release 12.8.2012 )
		%ElapsedTime_ms.0 ( 62728 )
		%Paradigm.0 ( PlacePreference )
		%FeederParameters.0 ( 1500 0 )
			// %FeederParameters.0 ( ENTRANCE_LATENCY EXIT_LATENCY )
		%ElapsedPath_m.0 ( 0.00 )
		%ArenaDiameter_m.0 ( 1.80 )
		%TrackerResolution_PixPerCM.0 ( 1.4222 )
		%ArenaCenterXY.0 ( 127.5 127.5 )
		%Frame.0 ( RoomFrame )
		%ReinforcedSector.0 ( 127.5000 38.2500 7 )
			//%ReinforcedSector.0 ( CENTER_X CENTER_Y RADIUS )
		%RoomTrackReinforcedSector.0 ( 127.5000 38.2500 7 )
			//%RoomTrackReinforcedSector.0 ( CENTER_X CENTER_Y RADIUS )
	%%END SETUP_INFORMATION
	%%BEGIN RECORD_FORMAT
		%Sample.0 ( FrameCount 1msTimeStamp RoomX RoomY Sectors State Flags FrameInfo )
			//Sectors indicate if the object is in a target. Number is binary coded. Sectors = 0: no target, Sectors = 1: room target, Sectors: = 2 arena target, Sectors: = 3 room and arena target
			////State indicates the Watermaze State: OutsideTarget = 0, EntranceLatency = 1, InsideTarget = 3, OutsideRefractory = 4, BadSpot = 5
			//FrameInfo indicates succesfuly tracked spots: ReferencePoint * 2^0 + Spot0 * 2^(1+0) + Spot1 * 2^(1+1) + Spot2 * 2^(1+2) .... 
	%%END RECORD_FORMAT
%%END_HEADER
1	47	235	172	0	0	*	2
2	87	234	172	0	0	*	2
3	127	233	172	0	0	*	2
4	167	231	172	0	0	*	2
5	207	231	172	0	0	*	2
6	247	230	172	0	0	*	2
7	287	229	173	0	0	*	2
8	327	228	172	0	0	*	2
9	367	227	172	0	0	*	2
10	407	226	171	0	0	*	2
11	447	225	170	0	0	*	2
12	487	225	170	0	0	*	2
13	527	225	169	0	0	*	2
14	567	224	168	0	0	*	2
15	607	223	166	0	0	*	2
16	647	222	165	0	0	*	2
17	687	222	165	0	0	*	2
18	727	221	165	0	0	*	2
19	767	220	163	0	0	*	2
20	807	219	162	0	0	*	2
21	847	219	161	0	0	*	2
22	887	217	160	0	0	*	2
23	927	216	158	0	0	*	2
24	967	215	157	0	0	*	2
25	1007	214	155	0	0	*	2
26	1047	213	153	0	0	*	2
27	1087	212	152	0	0	*	2
28	1127	210	149	0	0	*	2
29	1167	209	147	0	0	*	2
30	1207	208	146	0	0	*	2
31	1247	207	144	0	0	*	2
32	1287	206	142	0	0	*	2
33	1327	205	140	0	0	*	2
34	1367	204	139	0	0	*	2
35	1407	202	137	0	0	*	2
36	1447	201	135	0	0	*	2
37	1487	200	133	0	0	*	2
38	1527	199	131	0	0	*	2
39	1567	198	129	0	0	*	2
40	1607	196	126	0	0	*	2
41	1647	195	124	0	0	*	2
42	1687	194	123	0	0	*	2
43	1727	193	120	0	0	*	2
44	1767	192	118	0	0	*	2
45	1807	190	115	0	0	*	2
46	1847	189	113	0	0	*	2
47	1887	185	107	0	0	*	2
48	1927	187	109	0	0	*	2
49	1967	186	107	0	0	*	2
50	2007	185	105	0	0	*	2
51	2047	183	102	0	0	*	2
52	2087	182	100	0	0	*	2
53	2127	182	98	0	0	*	2
54	2167	180	95	0	0	*	2
55	2207	179	93	0	0	*	2
56	2247	175	88	0	0	*	2
57	2287	176	90	0	0	*	2
58	2327	176	88	0	0	*	2
59	2367	175	86	0	0	*	2
60	2407	173	83	0	0	*	2
61	2447	172	81	0	0	*	2
62	2487	169	75	0	0	*	2
63	2527	168	72	0	0	*	2
64	2567	167	71	0	0	*	2
65	2607	168	74	0	0	*	2
66	2647	167	71	0	0	*	2
67	2687	165	69	0	0	*	2
68	2727	164	67	0	0	*	2
69	2767	163	66	0	0	*	2
70	2807	162	64	0	0	*	2
71	2847	160	62	0	0	*	2
72	2887	158	59	0	0	*	2
73	2927	156	56	0	0	*	2
74	2967	156	55	0	0	*	2
75	3007	155	54	0	0	*	2
76	3047	154	53	0	0	*	2
77	3087	153	51	0	0	*	2
78	3127	151	49	0	0	*	2
79	3167	148	47	0	0	*	2
80	3207	147	46	0	0	*	2
81	3247	146	45	0	0	*	2
82	3287	144	43	0	0	*	2
83	3327	142	42	0	0	*	2
84	3367	140	41	0	0	*	2
85	3407	135	39	0	1	*	2
86	3447	135	38	0	1	*	2
87	3487	135	38	0	1	*	2
88	3527	133	37	0	1	*	2
89	3567	132	36	0	1	*	2
90	3607	131	35	0	1	*	2
91	3647	130	34	0	1	*	2
92	3687	128	33	0	1	*	2
93	3727	127	33	0	1	*	2
94	3767	126	32	0	1	*	2
95	3807	126	32	0	1	*	2
96	3847	125	31	0	1	*	2
97	3887	124	31	0	1	*	2
98	3927	123	30	0	0	*	2
99	3967	122	30	0	0	*	2
100	4007	117	30	0	0	*	2
101	4047	116	30	0	0	*	2
102	4087	115	30	0	0	*	2
103	4127	114	31	0	0	*	2
104	4167	114	31	0	0	*	2
105	4207	112	31	0	0	*	2
106	4247	111	30	0	0	*	2
107	4287	110	30	0	0	*	2
108	4327	109	30	0	0	*	2
109	4367	108	30	0	0	*	2
110	4407	107	30	0	0	*	2
111	4447	106	30	0	0	*	2
112	4487	105	30	0	0	*	2
113	4527	103	30	0	0	*	2
114	4567	102	30	0	0	*	2
115	4607	100	31	0	0	*	2
116	4647	99	31	0	0	*	2
117	4687	98	32	0	0	*	2
118	4727	97	32	0	0	*	2
119	4767	96	32	0	0	*	2
120	4807	95	32	0	0	*	2
121	4847	96	31	0	0	*	2
122	4887	96	31	0	0	*	2
123	4927	94	32	0	0	*	2
124	4967	93	32	0	0	*	2
125	5007	91	32	0	0	*	2
126	5047	90	33	0	0	*	2
127	5087	88	34	0	0	*	2
128	5127	87	34	0	0	*	2
129	5167	85	34	0	0	*	2
130	5207	84	35	0	0	*	2
131	5247	82	35	0	0	*	2
132	5287	80	36	0	0	*	2
133	5327	79	37	0	0	*	2
134	5367	78	37	0	0	*	2
135	5407	77	38	0	0	*	2
136	5447	76	38	0	0	*	2
137	5487	74	39	0	0	*	2
138	5527	73	41	0	0	*	2
139	5567	72	41	0	0	*	2
140	5607	71	42	0	0	*	2
141	5647	69	43	0	0	*	2
142	5687	68	44	0	0	*	2
143	5727	67	46	0	0	*	2
144	5767	66	47	0	0	*	2
145	5807	65	48	0	0	*	2
146	5847	64	50	0	0	*	2
147	5887	63	51	0	0	*	2
148	5927	62	53	0	0	*	2
149	5967	62	54	0	0	*	2
150	6007	61	56	0	0	*	2
151	6047	60	58	0	0	*	2
152	6087	59	59	0	0	*	2
153	6127	59	61	0	0	*	2
154	6167	58	63	0	0	*	2
155	6207	58	65	0	0	*	2
156	6247	57	66	0	0	*	2
157	6287	56	68	0	0	*	2
158	6327	55	70	0	0	*	2
159	6367	55	72	0	0	*	2
160	6407	55	73	0	0	*	2
161	6447	54	75	0	0	*	2
162	6487	53	77	0	0	*	2
163	6527	53	80	0	0	*	2
164	6567	52	82	0	0	*	2
165	6607	52	84	0	0	*	2
166	6647	51	85	0	0	*	2
167	6687	50	87	0	0	*	2
168	6727	50	89	0	0	*	2
169	6767	49	91	0	0	*	2
170	6807	49	93	0	0	*	2
171	6847	49	95	0	0	*	2
172	6887	48	97	0	0	*	2
173	6927	48	99	0	0	*	2
174	6967	48	102	0	0	*	2
175	7007	47	104	0	0	*	2
176	7047	47	106	0	0	*	2
177	7087	47	108	0	0	*	2
178	7127	47	110	0	0	*	2
179	7167	47	112	0	0	*	2
180	7207	47	114	0	0	*	2
181	7247	47	116	0	0	*	2
182	7287	47	118	0	0	*	2
183	7327	48	120	0	0	*	2
184	7367	48	122	0	0	*	2
185	7407	48	125	0	0	*	2
186	7447	48	127	0	0	*	2
187	7487	48	129	0	0	*	2
188	7527	49	131	0	0	*	2
189	7567	49	133	0	0	*	2
190	7607	49	135	0	0	*	2
191	7647	49	137	0	0	*	2
192	7687	50	139	0	0	*	2
193	7727	50	141	0	0	*	2
194	7767	51	143	0	0	*	2
195	7807	51	145	0	0	*	2
196	7847	51	147	0	0	*	2
197	7887	52	149	0	0	*	2
198	7927	52	153	0	0	*	2
199	7967	53	154	0	0	*	2
200	8007	54	156	0	0	*	2
201	8047	54	158	0	0	*	2
202	8087	55	160	0	0	*	2
203	8127	55	162	0	0	*	2
204	8167	56	163	0	0	*	2
205	8207	57	165	0	0	*	2
206	8247	58	167	0	0	*	2
207	8287	58	169	0	0	*	2
208	8327	59	172	0	0	*	2
209	8367	60	174	0	0	*	2
210	8407	61	176	0	0	*	2
211	8447	61	178	0	0	*	2
212	8487	62	180	0	0	*	2
213	8527	63	183	0	0	*	2
214	8567	64	185	0	0	*	2
215	8607	66	187	0	0	*	2
216	8647	67	188	0	0	*	2
217	8687	68	190	0	0	*	2
218	8727	69	191	0	0	*	2
219	8767	71	193	0	0	*	2
220	8807	72	195	0	0	*	2
221	8847	73	196	0	0	*	2
222	8887	74	198	0	0	*	2
223	8927	75	199	0	0	*	2
224	8967	77	201	0	0	*	2
225	9007	78	202	0	0	*	2
226	9047	79	204	0	0	*	2
227	9087	82	206	0	0	*	2
228	9127	83	207	0	0	*	2
229	9167	84	207	0	0	*	2
230	9207	85	209	0	0	*	2
231	9247	86	209	0	0	*	2
232	9287	88	210	0	0	*	2
233	9327	90	211	0	0	*	2
234	9367	91	211	0	0	*	2
235	9407	93	212	0	0	*	2
236	9447	95	213	0	0	*	2
237	9487	97	213	0	0	*	2
238	9527	99	214	0	0	*	2
239	9567	101	214	0	0	*	2
240	9607	103	215	0	0	*	2
241	9647	104	215	0	0	*	2
242	9687	106	215	0	0	*	2
243	9727	109	215	0	0	*	2
244	9767	110	215	0	0	*	2
245	9807	113	215	0	0	*	2
246	9847	116	215	0	0	*	2
247	9887	119	216	0	0	*	2
248	9927	121	215	0	0	*	2
249	9967	122	215	0	0	*	2
250	10007	124	215	0	0	*	2
251	10047	126	215	0	0	*	2
252	10087	134	215	0	0	*	2
253	10127	130	215	0	0	*	2
254	10167	132	215	0	0	*	2
255	10207	134	215	0	0	*	2
256	10247	136	215	0	0	*	2
257	10287	139	215	0	0	*	2
258	10327	140	215	0	0	*	2
259	10367	142	215	0	0	*	2
260	10407	144	215	0	0	*	2
261	10447	145	215	0	0	*	2
262	10487	147	215	0	0	*	2
263	10527	149	215	0	0	*	2
264	10567	151	215	0	0	*	2
265	10607	153	215	0	0	*	2
266	10647	155	215	0	0	*	2
267	10687	157	215	0	0	*	2
268	10727	158	214	0	0	*	2
269	10767	160	214	0	0	*	2
270	10807	162	214	0	0	*	2
271	10847	163	214	0	0	*	2
272	10887	165	213	0	0	*	2
273	10927	167	213	0	0	*	2
274	10967	168	212	0	0	*	2
275	11007	170	212	0	0	*	2
276	11047	172	211	0	0	*	2
277	11087	173	210	0	0	*	2
278	11127	175	209	0	0	*	2
279	11167	176	209	0	0	*	2
280	11207	178	208	0	0	*	2
281	11247	180	207	0	0	*	2
282	11287	181	206	0	0	*	2
283	11327	182	205	0	0	*	2
284	11367	184	204	0	0	*	2
285	11407	185	202	0	0	*	2
286	11447	187	201	0	0	*	2
287	11487	189	200	0	0	*	2
288	11527	190	198	0	0	*	2
289	11567	192	197	0	0	*	2
290	11607	193	195	0	0	*	2
291	11647	194	194	0	0	*	2
292	11687	196	192	0	0	*	2
293	11727	197	191	0	0	*	2
294	11767	198	190	0	0	*	2
295	11807	200	187	0	0	*	2
296	11847	201	186	0	0	*	2
297	11887	203	185	0	0	*	2
298	11927	204	183	0	0	*	2
299	11967	205	182	0	0	*	2
300	12007	206	181	0	0	*	2
301	12047	208	178	0	0	*	2
302	12087	209	177	0	0	*	2
303	12127	210	175	0	0	*	2
304	12167	211	174	0	0	*	2
305	12207	212	172	0	0	*	2
306	12247	213	170	0	0	*	2
307	12287	215	169	0	0	*	2
308	12327	215	168	0	0	*	2
309	12367	217	166	0	0	*	2
310	12407	218	164	0	0	*	2
311	12447	219	162	0	0	*	2
312	12487	220	161	0	0	*	2
313	12527	220	160	0	0	*	2
314	12567	222	158	0	0	*	2
315	12607	223	156	0	0	*	2
316	12647	224	154	0	0	*	2
317	12687	225	152	0	0	*	2
318	12727	225	150	0	0	*	2
319	12767	226	149	0	0	*	2
320	12807	226	147	0	0	*	2
321	12847	227	145	0	0	*	2
322	12887	227	144	0	0	*	2
323	12927	228	141	0	0	*	2
324	12967	228	139	0	0	*	2
325	13007	229	137	0	0	*	2
326	13047	229	135	0	0	*	2
327	13087	229	133	0	0	*	2
328	13127	230	131	0	0	*	2
329	13167	230	128	0	0	*	2
330	13207	230	126	0	0	*	2
331	13247	230	125	0	0	*	2
332	13287	230	122	0	0	*	2
333	13327	230	121	0	0	*	2
334	13367	230	118	0	0	*	2
335	13407	229	113	0	0	*	2
336	13447	229	115	0	0	*	2
337	13487	229	113	0	0	*	2
338	13527	229	111	0	0	*	2
339	13567	229	109	0	0	*	2
340	13607	228	107	0	0	*	2
341	13647	227	101	0	0	*	2
342	13687	228	104	0	0	*	2
343	13727	227	102	0	0	*	2
344	13767	225	95	0	0	*	2
345	13807	224	94	0	0	*	2
346	13847	224	95	0	0	*	2
347	13887	222	91	0	0	*	2
348	13927	224	93	0	0	*	2
349	13967	222	91	0	0	*	2
350	14007	221	88	0	0	*	2
351	14047	218	84	0	0	*	2
352	14087	217	83	0	0	*	2
353	14127	216	82	0	0	*	2
354	14167	218	83	0	0	*	2
355	14207	216	81	0	0	*	2
356	14247	213	78	0	0	*	2
357	14287	210	75	0	0	*	2
358	14327	209	74	0	0	*	2
359	14367	207	72	0	0	*	2
360	14407	206	71	0	0	*	2
361	14447	204	70	0	0	*	2
362	14487	202	69	0	0	*	2
363	14527	201	67	0	0	*	2
364	14567	203	69	0	0	*	2
365	14607	197	64	0	0	*	2
366	14647	199	65	0	0	*	2
367	14687	194	61	0	0	*	2
368	14727	193	60	0	0	*	2
369	14767	191	58	0	0	*	2
370	14807	189	57	0	0	*	2
371	14847	188	56	0	0	*	2
372	14887	190	57	0	0	*	2
373	14927	185	53	0	0	*	2
374	14967	183	52	0	0	*	2
375	15007	182	51	0	0	*	2
376	15047	180	49	0	0	*	2
377	15087	182	51	0	0	*	2
378	15127	179	49	0	0	*	2
379	15167	175	46	0	0	*	2
380	15207	177	48	0	0	*	2
381	15247	176	47	0	0	*	2
382	15287	174	46	0	0	*	2
383	15327	171	45	0	0	*	2
384	15367	169	43	0	0	*	2
385	15407	166	42	0	0	*	2
386	15447	167	42	0	0	*	2
387	15487	166	41	0	0	*	2
388	15527	163	40	0	0	*	2
389	15567	160	39	0	0	*	2
390	15607	159	39	0	0	*	2
391	15647	158	38	0	0	*	2
392	15687	156	38	0	0	*	2
393	15727	155	37	0	0	*	2
394	15767	152	36	0	0	*	2
395	15807	150	36	0	0	*	2
396	15847	148	36	0	0	*	2
397	15887	146	35	0	0	*	2
398	15927	145	35	0	0	*	2
399	15967	143	34	0	0	*	2
400	16007	140	34	0	0	*	2
401	16047	138	33	0	0	*	2
402	16087	137	33	0	0	*	2
403	16127	135	32	0	0	*	2
404	16167	134	32	0	0	*	2
405	16207	133	31	0	0	*	2
406	16247	131	30	0	1	*	2
407	16287	129	30	0	1	*	2
408	16327	126	30	0	1	*	2
409	16367	125	29	0	0	*	2
410	16407	123	29	0	0	*	2
411	16447	121	29	0	0	*	2
412	16487	120	29	0	0	*	2
413	16527	119	29	0	0	*	2
414	16567	118	29	0	0	*	2
415	16607	116	29	0	0	*	2
416	16647	115	29	0	0	*	2
417	16687	113	29	0	0	*	2
418	16727	112	29	0	0	*	2
419	16767	111	29	0	0	*	2
420	16807	109	29	0	0	*	2
421	16847	108	29	0	0	*	2
422	16887	106	29	0	0	*	2
423	16927	105	29	0	0	*	2
424	16967	104	29	0	0	*	2
425	17007	102	29	0	0	*	2
426	17047	100	29	0	0	*	2
427	17087	101	28	0	0	*	2
428	17127	96	28	0	0	*	2
429	17167	98	27	0	0	*	2
430	17207	96	27	0	0	*	2
431	17247	96	26	0	0	*	2
432	17287	94	26	0	0	*	2
433	17327	92	25	0	0	*	2
434	17367	91	25	0	0	*	2
435	17407	93	26	0	0	*	2
436	17447	93	26	0	0	*	2
437	17487	92	26	0	0	*	2
438	17527	90	26	0	0	*	2
439	17567	88	25	0	0	*	2
440	17607	87	26	0	0	*	2
441	17647	86	26	0	0	*	2
442	17687	85	26	0	0	*	2
443	17727	84	26	0	0	*	2
444	17767	84	26	0	0	*	2
445	17807	83	25	0	0	*	2
446	17847	82	25	0	0	*	2
447	17887	79	25	0	0	*	2
448	17927	81	26	0	0	*	2
449	17967	77	25	0	0	*	2
450	18007	76	26	0	0	*	2
451	18047	76	26	0	0	*	2
452	18087	74	27	0	0	*	2
453	18127	74	27	0	0	*	2
454	18167	74	28	0	0	*	2
455	18207	74	28	0	0	*	2
456	18247	75	28	0	0	*	2
457	18287	74	28	0	0	*	2
458	18327	75	28	0	0	*	2
459	18367	75	28	0	0	*	2
460	18407	74	28	0	0	*	2
461	18447	74	29	0	0	*	2
462	18487	73	29	0	0	*	2
463	18527	73	29	0	0	*	2
464	18567	73	30	0	0	*	2
465	18607	72	31	0	0	*	2
466	18647	72	32	0	0	*	2
467	18687	71	33	0	0	*	2
468	18727	71	33	0	0	*	2
469	18767	70	35	0	0	*	2
470	18807	70	35	0	0	*	2
471	18847	69	36	0	0	*	2
472	18887	69	39	0	0	*	2
473	18927	69	40	0	0	*	2
474	18967	68	42	0	0	*	2
475	19007	68	43	0	0	*	2
476	19047	68	48	0	0	*	2
477	19087	67	50	0	0	*	2
478	19127	67	52	0	0	*	2
479	19167	67	53	0	0	*	2
480	19207	67	49	0	0	*	2
481	19247	67	51	0	0	*	2
482	19287	67	53	0	0	*	2
483	19327	66	55	0	0	*	2
484	19367	67	57	0	0	*	2
485	19407	67	58	0	0	*	2
486	19447	67	60	0	0	*	2
487	19487	67	61	0	0	*	2
488	19527	67	63	0	0	*	2
489	19567	67	65	0	0	*	2
490	19607	68	67	0	0	*	2
491	19647	68	68	0	0	*	2
492	19687	68	69	0	0	*	2
493	19727	68	71	0	0	*	2
494	19767	69	73	0	0	*	2
495	19807	69	75	0	0	*	2
496	19847	70	77	0	0	*	2
497	19887	70	78	0	0	*	2
498	19927	70	81	0	0	*	2
499	19967	71	82	0	0	*	2
500	20007	71	84	0	0	*	2
501	20047	72	86	0	0	*	2
502	20087	73	88	0	0	*	2
503	20127	73	90	0	0	*	2
504	20167	73	92	0	0	*	2
505	20207	74	93	0	0	*	2
506	20247	74	95	0	0	*	2
507	20287	75	98	0	0	*	2
508	20327	76	99	0	0	*	2
509	20367	76	101	0	0	*	2
510	20407	79	107	0	0	*	2
511	20447	78	105	0	0	*	2
512	20487	78	107	0	0	*	2
513	20527	79	109	0	0	*	2
514	20567	80	110	0	0	*	2
515	20607	81	113	0	0	*	2
516	20647	81	115	0	0	*	2
517	20687	82	116	0	0	*	2
518	20727	83	118	0	0	*	2
519	20767	84	120	0	0	*	2
520	20807	85	122	0	0	*	2
521	20847	87	128	0	0	*	2
522	20887	86	127	0	0	*	2
523	20927	87	127	0	0	*	2
524	20967	88	129	0	0	*	2
525	21007	89	131	0	0	*	2
526	21047	90	133	0	0	*	2
527	21087	93	139	0	0	*	2
528	21127	94	140	0	0	*	2
529	21167	93	138	0	0	*	2
530	21207	94	140	0	0	*	2
531	21247	95	142	0	0	*	2
532	21287	98	147	0	0	*	2
533	21327	99	149	0	0	*	2
534	21367	101	151	0	0	*	2
535	21407	102	152	0	0	*	2
536	21447	101	151	0	0	*	2
537	21487	104	154	0	0	*	2
538	21527	106	157	0	0	*	2
539	21567	108	159	0	0	*	2
540	21607	107	158	0	0	*	2
541	21647	108	159	0	0	*	2
542	21687	109	161	0	0	*	2
543	21727	112	164	0	0	*	2
544	21767	115	167	0	0	*	2
545	21807	116	168	0	0	*	2
546	21847	114	166	0	0	*	2
547	21887	116	168	0	0	*	2
548	21927	118	170	0	0	*	2
549	21967	120	172	0	0	*	2
550	22007	123	176	0	0	*	2
551	22047	125	177	0	0	*	2
552	22087	123	176	0	0	*	2
553	22127	125	177	0	0	*	2
554	22167	126	179	0	0	*	2
555	22207	127	180	0	0	*	2
556	22247	129	182	0	0	*	2
557	22287	130	183	0	0	*	2
558	22327	132	185	0	0	*	2
559	22367	133	186	0	0	*	2
560	22407	134	187	0	0	*	2
561	22447	135	189	0	0	*	2
562	22487	136	190	0	0	*	2
563	22527	137	192	0	0	*	2
564	22567	138	193	0	0	*	2
565	22607	140	195	0	0	*	2
566	22647	141	196	0	0	*	2
567	22687	142	197	0	0	*	2
568	22727	143	198	0	0	*	2
569	22767	145	200	0	0	*	2
570	22807	146	201	0	0	*	2
571	22847	146	202	0	0	*	2
572	22887	148	203	0	0	*	2
573	22927	149	205	0	0	*	2
574	22967	151	207	0	0	*	2
575	23007	151	208	0	0	*	2
576	23047	153	209	0	0	*	2
577	23087	154	210	0	0	*	2
578	23127	155	212	0	0	*	2
579	23167	156	213	0	0	*	2
580	23207	157	214	0	0	*	2
581	23247	157	214	0	0	*	2
582	23287	158	216	0	0	*	2
583	23327	159	217	0	0	*	2
584	23367	160	218	0	0	*	2
585	23407	161	219	0	0	*	2
586	23447	164	222	0	0	*	2
587	23487	165	222	0	0	*	2
588	23527	166	222	0	0	*	2
589	23567	167	222	0	0	*	2
590	23607	167	221	0	0	*	2
591	23647	168	221	0	0	*	2
592	23687	170	221	0	0	*	2
593	23727	171	221	0	0	*	2
594	23767	172	221	0	0	*	2
595	23807	172	221	0	0	*	2
596	23847	173	221	0	0	*	2
597	23887	174	221	0	0	*	2
598	23927	174	222	0	0	*	2
599	23967	174	222	0	0	*	2
600	24007	175	222	0	0	*	2
601	24047	176	222	0	0	*	2
602	24087	177	222	0	0	*	2
603	24127	179	222	0	0	*	2
604	24167	179	223	0	0	*	2
605	24207	179	223	0	0	*	2
606	24247	179	223	0	0	*	2
607	24287	180	222	0	0	*	2
608	24327	182	221	0	0	*	2
609	24367	183	221	0	0	*	2
610	24407	183	222	0	0	*	2
611	24447	183	221	0	0	*	2
612	24487	184	221	0	0	*	2
613	24527	185	221	0	0	*	2
614	24567	186	220	0	0	*	2
615	24607	186	219	0	0	*	2
616	24647	187	219	0	0	*	2
617	24687	188	218	0	0	*	2
618	24727	189	217	0	0	*	2
619	24767	190	216	0	0	*	2
620	24807	191	214	0	0	*	2
621	24847	192	213	0	0	*	2
622	24887	192	212	0	0	*	2
623	24927	193	211	0	0	*	2
624	24967	194	210	0	0	*	2
625	25007	194	209	0	0	*	2
626	25047	195	207	0	0	*	2
627	25087	196	206	0	0	*	2
628	25127	197	204	0	0	*	2
629	25167	197	202	0	0	*	2
630	25207	198	201	0	0	*	2
631	25247	198	199	0	0	*	2
632	25287	199	197	0	0	*	2
633	25327	199	196	0	0	*	2
634	25367	200	194	0	0	*	2
635	25407	200	192	0	0	*	2
636	25447	201	190	0	0	*	2
637	25487	202	188	0	0	*	2
638	25527	202	187	0	0	*	2
639	25567	203	185	0	0	*	2
640	25607	203	183	0	0	*	2
641	25647	204	181	0	0	*	2
642	25687	204	179	0	0	*	2
643	25727	205	177	0	0	*	2
644	25767	205	176	0	0	*	2
645	25807	205	174	0	0	*	2
646	25847	205	172	0	0	*	2
647	25887	206	170	0	0	*	2
648	25927	206	168	0	0	*	2
649	25967	206	166	0	0	*	2
650	26007	205	163	0	0	*	2
651	26047	205	162	0	0	*	2
652	26087	205	161	0	0	*	2
653	26127	205	159	0	0	*	2
654	26167	205	156	0	0	*	2
655	26207	204	154	0	0	*	2
656	26247	204	151	0	0	*	2
657	26287	204	150	0	0	*	2
658	26327	203	149	0	0	*	2
659	26367	203	147	0	0	*	2
660	26407	203	145	0	0	*	2
661	26447	202	143	0	0	*	2
662	26487	201	141	0	0	*	2
663	26527	200	139	0	0	*	2
664	26567	200	137	0	0	*	2
665	26607	199	135	0	0	*	2
666	26647	198	133	0	0	*	2
667	26687	197	131	0	0	*	2
668	26727	196	129	0	0	*	2
669	26767	196	128	0	0	*	2
670	26807	195	126	0	0	*	2
671	26847	194	125	0	0	*	2
672	26887	190	117	0	0	*	2
673	26927	189	116	0	0	*	2
674	26967	191	118	0	0	*	2
675	27007	190	116	0	0	*	2
676	27047	189	115	0	0	*	2
677	27087	188	113	0	0	*	2
678	27127	187	112	0	0	*	2
679	27167	186	110	0	0	*	2
680	27207	184	108	0	0	*	2
681	27247	183	106	0	0	*	2
682	27287	182	104	0	0	*	2
683	27327	181	102	0	0	*	2
684	27367	176	96	0	0	*	2
685	27407	175	95	0	0	*	2
686	27447	177	97	0	0	*	2
687	27487	174	94	0	0	*	2
688	27527	175	94	0	0	*	2
689	27567	173	93	0	0	*	2
690	27607	171	91	0	0	*	2
691	27647	170	90	0	0	*	2
692	27687	169	89	0	0	*	2
693	27727	167	87	0	0	*	2
694	27767	166	86	0	0	*	2
695	27807	160	82	0	0	*	2
696	27847	158	80	0	0	*	2
697	27887	161	82	0	0	*	2
698	27927	159	80	0	0	*	2
699	27967	158	79	0	0	*	2
700	28007	156	78	0	0	*	2
701	28047	154	76	0	0	*	2
702	28087	153	76	0	0	*	2
703	28127	150	74	0	0	*	2
704	28167	148	73	0	0	*	2
705	28207	147	72	0	0	*	2
706	28247	145	70	0	0	*	2
707	28287	144	70	0	0	*	2
708	28327	142	69	0	0	*	2
709	28367	139	67	0	0	*	2
710	28407	135	65	0	0	*	2
711	28447	136	66	0	0	*	2
712	28487	134	64	0	0	*	2
713	28527	133	64	0	0	*	2
714	28567	131	62	0	0	*	2
715	28607	129	61	0	0	*	2
716	28647	127	60	0	0	*	2
717	28687	125	58	0	0	*	2
718	28727	124	57	0	0	*	2
719	28767	122	57	0	0	*	2
720	28807	121	56	0	0	*	2
721	28847	118	54	0	0	*	2
722	28887	117	54	0	0	*	2
723	28927	115	53	0	0	*	2
724	28967	114	52	0	0	*	2
725	29007	111	51	0	0	*	2
726	29047	110	50	0	0	*	2
727	29087	109	49	0	0	*	2
728	29127	107	48	0	0	*	2
729	29167	105	48	0	0	*	2
730	29207	103	47	0	0	*	2
731	29247	100	46	0	0	*	2
732	29287	98	46	0	0	*	2
733	29327	97	46	0	0	*	2
734	29367	96	45	0	0	*	2
735	29407	94	45	0	0	*	2
736	29447	90	44	0	0	*	2
737	29487	87	44	0	0	*	2
738	29527	88	44	0	0	*	2
739	29567	87	44	0	0	*	2
740	29607	86	44	0	0	*	2
741	29647	84	43	0	0	*	2
742	29687	79	44	0	0	*	2
743	29727	80	43	0	0	*	2
744	29767	79	43	0	0	*	2
745	29807	78	43	0	0	*	2
746	29847	76	43	0	0	*	2
747	29887	75	43	0	0	*	2
748	29927	73	43	0	0	*	2
749	29967	72	44	0	0	*	2
750	30007	72	44	0	0	*	2
751	30047	71	44	0	0	*	2
752	30087	70	44	0	0	*	2
753	30127	68	45	0	0	*	2
754	30167	67	45	0	0	*	2
755	30207	65	46	0	0	*	2
756	30247	64	46	0	0	*	2
757	30287	64	47	0	0	*	2
758	30327	63	48	0	0	*	2
759	30367	62	49	0	0	*	2
760	30407	62	49	0	0	*	2
761	30447	61	50	0	0	*	2
762	30487	59	53	0	0	*	2
763	30527	58	55	0	0	*	2
764	30567	57	56	0	0	*	2
765	30607	58	52	0	0	*	2
766	30647	57	53	0	0	*	2
767	30687	57	54	0	0	*	2
768	30727	56	56	0	0	*	2
769	30767	55	58	0	0	*	2
770	30807	54	59	0	0	*	2
771	30847	54	60	0	0	*	2
772	30887	53	61	0	0	*	2
773	30927	52	62	0	0	*	2
774	30967	52	64	0	0	*	2
775	31007	51	65	0	0	*	2
776	31047	50	66	0	0	*	2
777	31087	50	68	0	0	*	2
778	31127	49	70	0	0	*	2
779	31167	49	72	0	0	*	2
780	31207	49	73	0	0	*	2
781	31247	48	75	0	0	*	2
782	31287	48	76	0	0	*	2
783	31327	48	77	0	0	*	2
784	31367	47	79	0	0	*	2
785	31407	47	81	0	0	*	2
786	31447	47	83	0	0	*	2
787	31487	46	84	0	0	*	2
788	31527	46	86	0	0	*	2
789	31567	45	88	0	0	*	2
790	31607	45	90	0	0	*	2
791	31647	45	92	0	0	*	2
792	31687	44	93	0	0	*	2
793	31727	44	95	0	0	*	2
794	31767	44	96	0	0	*	2
795	31807	43	98	0	0	*	2
796	31847	43	100	0	0	*	2
797	31887	42	102	0	0	*	2
798	31927	42	104	0	0	*	2
799	31967	42	106	0	0	*	2
800	32007	41	108	0	0	*	2
801	32047	40	110	0	0	*	2
802	32087	40	112	0	0	*	2
803	32127	40	114	0	0	*	2
804	32167	39	115	0	0	*	2
805	32207	39	116	0	0	*	2
806	32247	39	118	0	0	*	2
807	32287	38	120	0	0	*	2
808	32327	38	121	0	0	*	2
809	32367	38	123	0	0	*	2
810	32407	37	125	0	0	*	2
811	32447	37	127	0	0	*	2
812	32487	36	129	0	0	*	2
813	32527	36	131	0	0	*	2
814	32567	36	132	0	0	*	2
815	32607	35	135	0	0	*	2
816	32647	35	136	0	0	*	2
817	32687	35	138	0	0	*	2
818	32727	34	139	0	0	*	2
819	32767	34	140	0	0	*	2
820	32807	33	141	0	0	*	2
821	32847	33	143	0	0	*	2
822	32887	33	144	0	0	*	2
823	32927	33	145	0	0	*	2
824	32967	32	147	0	0	*	2
825	33007	32	148	0	0	*	2
826	33047	32	150	0	0	*	2
827	33087	32	152	0	0	*	2
828	33127	32	152	0	0	*	2
829	33167	32	153	0	0	*	2
830	33207	33	155	0	0	*	2
831	33247	33	156	0	0	*	2
832	33287	33	158	0	0	*	2
833	33327	33	159	0	0	*	2
834	33367	33	160	0	0	*	2
835	33407	34	161	0	0	*	2
836	33447	34	162	0	0	*	2
837	33487	34	163	0	0	*	2
838	33527	35	165	0	0	*	2
839	33567	35	166	0	0	*	2
840	33607	36	168	0	0	*	2
841	33647	36	169	0	0	*	2
842	33687	37	171	0	0	*	2
843	33727	37	172	0	0	*	2
844	33767	38	174	0	0	*	2
845	33807	38	175	0	0	*	2
846	33847	39	177	0	0	*	2
847	33887	40	179	0	0	*	2
848	33927	41	180	0	0	*	2
849	33967	42	182	0	0	*	2
850	34007	43	184	0	0	*	2
851	34047	44	185	0	0	*	2
852	34087	45	186	0	0	*	2
853	34127	46	188	0	0	*	2
854	34167	47	190	0	0	*	2
855	34207	49	192	0	0	*	2
856	34247	49	193	0	0	*	2
857	34287	50	194	0	0	*	2
858	34327	51	196	0	0	*	2
859	34367	52	198	0	0	*	2
860	34407	53	199	0	0	*	2
861	34447	54	202	0	0	*	2
862	34487	55	203	0	0	*	2
863	34527	56	204	0	0	*	2
864	34567	57	205	0	0	*	2
865	34607	58	206	0	0	*	2
866	34647	58	207	0	0	*	2
867	34687	59	209	0	0	*	2
868	34727	60	209	0	0	*	2
869	34767	61	210	0	0	*	2
870	34807	62	211	0	0	*	2
871	34847	63	212	0	0	*	2
872	34887	64	213	0	0	*	2
873	34927	64	214	0	0	*	2
874	34967	65	215	0	0	*	2
875	35007	66	215	0	0	*	2
876	35047	67	216	0	0	*	2
877	35087	68	216	0	0	*	2
878	35127	70	217	0	0	*	2
879	35167	71	218	0	0	*	2
880	35207	72	218	0	0	*	2
881	35247	74	218	0	0	*	2
882	35287	75	219	0	0	*	2
883	35327	77	219	0	0	*	2
884	35367	78	219	0	0	*	2
885	35407	80	219	0	0	*	2
886	35447	82	219	0	0	*	2
887	35487	83	219	0	0	*	2
888	35527	85	219	0	0	*	2
889	35567	86	219	0	0	*	2
890	35607	88	219	0	0	*	2
891	35647	90	218	0	0	*	2
892	35687	91	218	0	0	*	2
893	35727	93	218	0	0	*	2
894	35767	95	218	0	0	*	2
895	35807	97	218	0	0	*	2
896	35847	98	217	0	0	*	2
897	35887	100	217	0	0	*	2
898	35927	101	217	0	0	*	2
899	35967	104	217	0	0	*	2
900	36007	105	217	0	0	*	2
901	36047	109	216	0	0	*	2
902	36087	110	215	0	0	*	2
903	36127	111	215	0	0	*	2
904	36167	114	215	0	0	*	2
905	36207	116	215	0	0	*	2
906	36247	118	214	0	0	*	2
907	36287	120	214	0	0	*	2
908	36327	121	214	0	0	*	2
909	36367	124	214	0	0	*	2
910	36407	126	214	0	0	*	2
911	36447	129	213	0	0	*	2
912	36487	130	213	0	0	*	2
913	36527	133	212	0	0	*	2
914	36567	134	212	0	0	*	2
915	36607	136	212	0	0	*	2
916	36647	138	211	0	0	*	2
917	36687	140	211	0	0	*	2
918	36727	143	210	0	0	*	2
919	36767	144	210	0	0	*	2
920	36807	146	209	0	0	*	2
921	36847	148	209	0	0	*	2
922	36887	150	208	0	0	*	2
923	36927	152	208	0	0	*	2
924	36967	154	207	0	0	*	2
925	37007	155	206	0	0	*	2
926	37047	158	205	0	0	*	2
927	37087	159	205	0	0	*	2
928	37127	161	204	0	0	*	2
929	37167	163	203	0	0	*	2
930	37207	165	202	0	0	*	2
931	37247	167	201	0	0	*	2
932	37287	168	200	0	0	*	2
933	37327	170	199	0	0	*	2
934	37367	171	199	0	0	*	2
935	37407	173	197	0	0	*	2
936	37447	175	196	0	0	*	2
937	37487	177	195	0	0	*	2
938	37527	179	194	0	0	*	2
939	37567	181	193	0	0	*	2
940	37607	182	192	0	0	*	2
941	37647	184	191	0	0	*	2
942	37687	185	190	0	0	*	2
943	37727	188	188	0	0	*	2
944	37767	190	187	0	0	*	2
945	37807	190	187	0	0	*	2
946	37847	192	185	0	0	*	2
947	37887	194	184	0	0	*	2
948	37927	196	184	0	0	*	2
949	37967	199	182	0	0	*	2
950	38007	200	181	0	0	*	2
951	38047	201	181	0	0	*	2
952	38087	203	180	0	0	*	2
953	38127	204	179	0	0	*	2
954	38167	206	178	0	0	*	2
955	38207	209	177	0	0	*	2
956	38247	210	176	0	0	*	2
957	38287	211	176	0	0	*	2
958	38327	213	175	0	0	*	2
959	38367	214	174	0	0	*	2
960	38407	216	173	0	0	*	2
961	38447	219	172	0	0	*	2
962	38487	219	171	0	0	*	2
963	38527	220	170	0	0	*	2
964	38567	220	170	0	0	*	2
965	38607	221	169	0	0	*	2
966	38647	223	168	0	0	*	2
967	38687	224	166	0	0	*	2
968	38727	224	166	0	0	*	2
969	38767	225	165	0	0	*	2
970	38807	226	164	0	0	*	2
971	38847	226	163	0	0	*	2
972	38887	227	162	0	0	*	2
973	38927	227	162	0	0	*	2
974	38967	228	159	0	0	*	2
975	39007	229	158	0	0	*	2
976	39047	229	156	0	0	*	2
977	39087	229	155	0	0	*	2
978	39127	230	155	0	0	*	2
979	39167	230	153	0	0	*	2
980	39207	231	150	0	0	*	2
981	39247	231	150	0	0	*	2
982	39287	231	147	0	0	*	2
983	39327	231	147	0	0	*	2
984	39367	231	145	0	0	*	2
985	39407	231	144	0	0	*	2
986	39447	231	137	0	0	*	2
987	39487	231	140	0	0	*	2
988	39527	231	137	0	0	*	2
989	39567	231	136	0	0	*	2
990	39607	231	135	0	0	*	2
991	39647	231	133	0	0	*	2
992	39687	231	131	0	0	*	2
993	39727	231	130	0	0	*	2
994	39767	231	127	0	0	*	2
995	39807	231	126	0	0	*	2
996	39847	230	124	0	0	*	2
997	39887	230	121	0	0	*	2
998	39927	229	120	0	0	*	2
999	39967	228	115	0	0	*	2
1000	40007	229	117	0	0	*	2
1001	40047	228	115	0	0	*	2
1002	40087	227	113	0	0	*	2
1003	40127	227	111	0	0	*	2
1004	40167	226	109	0	0	*	2
1005	40207	225	107	0	0	*	2
1006	40247	224	105	0	0	*	2
1007	40287	224	103	0	0	*	2
1008	40327	222	100	0	0	*	2
1009	40367	220	96	0	0	*	2
1010	40407	219	95	0	0	*	2
1011	40447	220	96	0	0	*	2
1012	40487	219	93	0	0	*	2
1013	40527	218	92	0	0	*	2
1014	40567	217	90	0	0	*	2
1015	40607	213	86	0	0	*	2
1016	40647	212	84	0	0	*	2
1017	40687	213	86	0	0	*	2
1018	40727	212	84	0	0	*	2
1019	40767	209	81	0	0	*	2
1020	40807	206	78	0	0	*	2
1021	40847	205	76	0	0	*	2
1022	40887	204	75	0	0	*	2
1023	40927	206	76	0	0	*	2
1024	40967	204	74	0	0	*	2
1025	41007	200	70	0	0	*	2
1026	41047	198	68	0	0	*	2
1027	41087	196	67	0	0	*	2
1028	41127	198	69	0	0	*	2
1029	41167	197	67	0	0	*	2
1030	41207	192	62	0	0	*	2
1031	41247	191	61	0	0	*	2
1032	41287	190	59	0	0	*	2
1033	41327	188	58	0	0	*	2
1034	41367	187	56	0	0	*	2
1035	41407	189	59	0	0	*	2
1036	41447	188	57	0	0	*	2
1037	41487	182	53	0	0	*	2
1038	41527	181	52	0	0	*	2
1039	41567	183	54	0	0	*	2
1040	41607	182	52	0	0	*	2
1041	41647	180	50	0	0	*	2
1042	41687	177	48	0	0	*	2
1043	41727	173	46	0	0	*	2
1044	41767	175	47	0	0	*	2
1045	41807	170	45	0	0	*	2
1046	41847	173	46	0	0	*	2
1047	41887	170	44	0	0	*	2
1048	41927	169	44	0	0	*	2
1049	41967	163	41	0	0	*	2
1050	42007	165	42	0	0	*	2
1051	42047	164	41	0	0	*	2
1052	42087	162	40	0	0	*	2
1053	42127	159	39	0	0	*	2
1054	42167	157	38	0	0	*	2
1055	42207	156	38	0	0	*	2
1056	42247	155	37	0	0	*	2
1057	42287	153	37	0	0	*	2
1058	42327	150	36	0	0	*	2
1059	42367	149	36	0	0	*	2
1060	42407	146	35	0	0	*	2
1061	42447	144	35	0	0	*	2
1062	42487	143	34	0	0	*	2
1063	42527	141	34	0	0	*	2
1064	42567	139	33	0	0	*	2
1065	42607	138	33	0	0	*	2
1066	42647	133	32	0	1	*	2
1067	42687	133	31	0	0	*	2
1068	42727	132	30	0	0	*	2
1069	42767	133	30	0	0	*	2
1070	42807	130	30	0	1	*	2
1071	42847	129	30	0	1	*	2
1072	42887	128	30	0	1	*	2
1073	42927	127	30	0	1	*	2
1074	42967	126	30	0	1	*	2
1075	43007	125	30	0	1	*	2
1076	43047	125	30	0	1	*	2
1077	43087	124	30	0	1	*	2
1078	43127	123	31	0	1	*	2
1079	43167	121	31	0	0	*	2
1080	43207	120	32	0	0	*	2
1081	43247	119	32	0	0	*	2
1082	43287	118	33	0	0	*	2
1083	43327	117	33	0	0	*	2
1084	43367	116	34	0	0	*	2
1085	43407	115	34	0	0	*	2
1086	43447	115	34	0	0	*	2
1087	43487	114	35	0	0	*	2
1088	43527	113	35	0	0	*	2
1089	43567	112	35	0	0	*	2
1090	43607	111	36	0	0	*	2
1091	43647	111	36	0	0	*	2
1092	43687	109	39	0	0	*	2
1093	43727	108	39	0	0	*	2
1094	43767	107	40	0	0	*	2
1095	43807	106	41	0	0	*	2
1096	43847	105	42	0	0	*	2
1097	43887	104	43	0	0	*	2
1098	43927	103	44	0	0	*	2
1099	43967	101	46	0	0	*	2
1100	44007	100	46	0	0	*	2
1101	44047	99	46	0	0	*	2
1102	44087	97	48	0	0	*	2
1103	44127	97	48	0	0	*	2
1104	44167	95	49	0	0	*	2
1105	44207	95	49	0	0	*	2
1106	44247	93	49	0	0	*	2
1107	44287	95	48	0	0	*	2
1108	44327	91	51	0	0	*	2
1109	44367	89	51	0	0	*	2
1110	44407	88	52	0	0	*	2
1111	44447	86	52	0	0	*	2
1112	44487	85	52	0	0	*	2
1113	44527	88	51	0	0	*	2
1114	44567	88	51	0	0	*	2
1115	44607	87	51	0	0	*	2
1116	44647	86	51	0	0	*	2
1117	44687	86	51	0	0	*	2
1118	44727	85	52	0	0	*	2
1119	44767	83	52	0	0	*	2
1120	44807	82	53	0	0	*	2
1121	44847	80	53	0	0	*	2
1122	44887	79	53	0	0	*	2
1123	44927	78	54	0	0	*	2
1124	44967	76	55	0	0	*	2
1125	45007	75	55	0	0	*	2
1126	45047	75	56	0	0	*	2
1127	45087	75	56	0	0	*	2
1128	45127	74	56	0	0	*	2
1129	45167	73	57	0	0	*	2
1130	45207	73	57	0	0	*	2
1131	45247	73	58	0	0	*	2
1132	45287	72	59	0	0	*	2
1133	45327	72	60	0	0	*	2
1134	45367	71	61	0	0	*	2
1135	45407	71	62	0	0	*	2
1136	45447	71	67	0	0	*	2
1137	45487	71	64	0	0	*	2
1138	45527	71	65	0	0	*	2
1139	45567	71	66	0	0	*	2
1140	45607	71	66	0	0	*	2
1141	45647	72	67	0	0	*	2
1142	45687	72	69	0	0	*	2
1143	45727	73	70	0	0	*	2
1144	45767	73	70	0	0	*	2
1145	45807	73	71	0	0	*	2
1146	45847	75	73	0	0	*	2
1147	45887	74	73	0	0	*	2
1148	45927	75	74	0	0	*	2
1149	45967	75	75	0	0	*	2
1150	46007	76	77	0	0	*	2
1151	46047	77	78	0	0	*	2
1152	46087	78	79	0	0	*	2
1153	46127	79	81	0	0	*	2
1154	46167	79	82	0	0	*	2
1155	46207	80	84	0	0	*	2
1156	46247	81	85	0	0	*	2
1157	46287	82	86	0	0	*	2
1158	46327	83	87	0	0	*	2
1159	46367	83	89	0	0	*	2
1160	46407	84	90	0	0	*	2
1161	46447	85	92	0	0	*	2
1162	46487	85	93	0	0	*	2
1163	46527	87	94	0	0	*	2
1164	46567	87	95	0	0	*	2
1165	46607	89	97	0	0	*	2
1166	46647	89	99	0	0	*	2
1167	46687	91	100	0	0	*	2
1168	46727	92	102	0	0	*	2
1169	46767	93	103	0	0	*	2
1170	46807	94	105	0	0	*	2
1171	46847	95	107	0	0	*	2
1172	46887	96	108	0	0	*	2
1173	46927	97	110	0	0	*	2
1174	46967	98	111	0	0	*	2
1175	47007	99	113	0	0	*	2
1176	47047	100	115	0	0	*	2
1177	47087	101	116	0	0	*	2
1178	47127	102	117	0	0	*	2
1179	47167	103	119	0	0	*	2
1180	47207	105	121	0	0	*	2
1181	47247	106	123	0	0	*	2
1182	47287	107	125	0	0	*	2
1183	47327	109	127	0	0	*	2
1184	47367	110	128	0	0	*	2
1185	47407	111	130	0	0	*	2
1186	47447	113	132	0	0	*	2
1187	47487	115	135	0	0	*	2
1188	47527	117	138	0	0	*	2
1189	47567	118	139	0	0	*	2
1190	47607	120	140	0	0	*	2
1191	47647	119	139	0	0	*	2
1192	47687	121	142	0	0	*	2
1193	47727	123	146	0	0	*	2
1194	47767	125	147	0	0	*	2
1195	47807	126	149	0	0	*	2
1196	47847	125	147	0	0	*	2
1197	47887	125	148	0	0	*	2
1198	47927	128	152	0	0	*	2
1199	47967	131	155	0	0	*	2
1200	48007	131	156	0	0	*	2
1201	48047	131	156	0	0	*	2
1202	48087	132	157	0	0	*	2
1203	48127	134	160	0	0	*	2
1204	48167	134	160	0	0	*	2
1205	48207	134	161	0	0	*	2
1206	48247	136	162	0	0	*	2
1207	48287	136	164	0	0	*	2
1208	48327	138	165	0	0	*	2
1209	48367	139	167	0	0	*	2
1210	48407	140	168	0	0	*	2
1211	48447	140	169	0	0	*	2
1212	48487	142	171	0	0	*	2
1213	48527	143	173	0	0	*	2
1214	48567	144	174	0	0	*	2
1215	48607	144	175	0	0	*	2
1216	48647	145	176	0	0	*	2
1217	48687	146	178	0	0	*	2
1218	48727	147	179	0	0	*	2
1219	48767	148	180	0	0	*	2
1220	48807	149	181	0	0	*	2
1221	48847	150	182	0	0	*	2
1222	48887	151	183	0	0	*	2
1223	48927	153	185	0	0	*	2
1224	48967	153	185	0	0	*	2
1225	49007	154	186	0	0	*	2
1226	49047	155	187	0	0	*	2
1227	49087	157	188	0	0	*	2
1228	49127	158	189	0	0	*	2
1229	49167	159	190	0	0	*	2
1230	49207	160	190	0	0	*	2
1231	49247	161	191	0	0	*	2
1232	49287	163	192	0	0	*	2
1233	49327	164	192	0	0	*	2
1234	49367	166	193	0	0	*	2
1235	49407	167	194	0	0	*	2
1236	49447	170	195	0	0	*	2
1237	49487	171	196	0	0	*	2
1238	49527	171	196	0	0	*	2
1239	49567	172	196	0	0	*	2
1240	49607	174	197	0	0	*	2
1241	49647	174	197	0	0	*	2
1242	49687	175	198	0	0	*	2
1243	49727	176	198	0	0	*	2
1244	49767	178	198	0	0	*	2
1245	49807	180	198	0	0	*	2
1246	49847	181	199	0	0	*	2
1247	49887	182	199	0	0	*	2
1248	49927	182	199	0	0	*	2
1249	49967	184	199	0	0	*	2
1250	50007	186	198	0	0	*	2
1251	50047	187	198	0	0	*	2
1252	50087	188	198	0	0	*	2
1253	50127	188	198	0	0	*	2
1254	50167	189	198	0	0	*	2
1255	50207	190	198	0	0	*	2
1256	50247	191	198	0	0	*	2
1257	50287	192	197	0	0	*	2
1258	50327	193	197	0	0	*	2
1259	50367	194	197	0	0	*	2
1260	50407	194	197	0	0	*	2
1261	50447	195	196	0	0	*	2
1262	50487	195	196	0	0	*	2
1263	50527	196	195	0	0	*	2
1264	50567	197	195	0	0	*	2
1265	50607	197	194	0	0	*	2
1266	50647	198	193	0	0	*	2
1267	50687	199	192	0	0	*	2
1268	50727	200	191	0	0	*	2
1269	50767	201	190	0	0	*	2
1270	50807	201	190	0	0	*	2
1271	50847	202	188	0	0	*	2
1272	50887	203	187	0	0	*	2
1273	50927	204	185	0	0	*	2
1274	50967	205	185	0	0	*	2
1275	51007	206	183	0	0	*	2
1276	51047	206	182	0	0	*	2
1277	51087	206	181	0	0	*	2
1278	51127	207	180	0	0	*	2
1279	51167	208	179	0	0	*	2
1280	51207	208	178	0	0	*	2
1281	51247	209	176	0	0	*	2
1282	51287	210	175	0	0	*	2
1283	51327	210	174	0	0	*	2
1284	51367	211	173	0	0	*	2
1285	51407	212	171	0	0	*	2
1286	51447	213	170	0	0	*	2
1287	51487	213	169	0	0	*	2
1288	51527	213	168	0	0	*	2
1289	51567	214	166	0	0	*	2
1290	51607	215	164	0	0	*	2
1291	51647	215	163	0	0	*	2
1292	51687	216	162	0	0	*	2
1293	51727	216	161	0	0	*	2
1294	51767	217	159	0	0	*	2
1295	51807	217	158	0	0	*	2
1296	51847	218	156	0	0	*	2
1297	51887	219	154	0	0	*	2
1298	51927	219	153	0	0	*	2
1299	51967	219	151	0	0	*	2
1300	52007	220	150	0	0	*	2
1301	52047	220	148	0	0	*	2
1302	52087	221	146	0	0	*	2
1303	52127	221	145	0	0	*	2
1304	52167	221	143	0	0	*	2
1305	52207	222	142	0	0	*	2
1306	52247	222	140	0	0	*	2
1307	52287	223	138	0	0	*	2
1308	52327	223	136	0	0	*	2
1309	52367	223	135	0	0	*	2
1310	52407	224	133	0	0	*	2
1311	52447	224	132	0	0	*	2
1312	52487	224	130	0	0	*	2
1313	52527	225	127	0	0	*	2
1314	52567	225	126	0	0	*	2
1315	52607	225	125	0	0	*	2
1316	52647	225	118	0	0	*	2
1317	52687	225	120	0	0	*	2
1318	52727	225	115	0	0	*	2
1319	52767	225	117	0	0	*	2
1320	52807	225	114	0	0	*	2
1321	52847	225	113	0	0	*	2
1322	52887	225	108	0	0	*	2
1323	52927	224	105	0	0	*	2
1324	52967	225	107	0	0	*	2
1325	53007	224	101	0	0	*	2
1326	53047	224	99	0	0	*	2
1327	53087	223	98	0	0	*	2
1328	53127	223	97	0	0	*	2
1329	53167	222	95	0	0	*	2
1330	53207	223	98	0	0	*	2
1331	53247	223	95	0	0	*	2
1332	53287	222	93	0	0	*	2
1333	53327	220	89	0	0	*	2
1334	53367	219	87	0	0	*	2
1335	53407	218	86	0	0	*	2
1336	53447	217	85	0	0	*	2
1337	53487	218	85	0	0	*	2
1338	53527	215	81	0	0	*	2
1339	53567	214	80	0	0	*	2
1340	53607	213	79	0	0	*	2
1341	53647	212	78	0	0	*	2
1342	53687	214	79	0	0	*	2
1343	53727	209	74	0	0	*	2
1344	53767	208	73	0	0	*	2
1345	53807	206	72	0	0	*	2
1346	53847	206	70	0	0	*	2
1347	53887	204	69	0	0	*	2
1348	53927	203	68	0	0	*	2
1349	53967	201	67	0	0	*	2
1350	54007	200	66	0	0	*	2
1351	54047	199	65	0	0	*	2
1352	54087	201	66	0	0	*	2
1353	54127	198	64	0	0	*	2
1354	54167	195	62	0	0	*	2
1355	54207	192	59	0	0	*	2
1356	54247	191	58	0	0	*	2
1357	54287	189	57	0	0	*	2
1358	54327	187	56	0	0	*	2
1359	54367	189	57	0	0	*	2
1360	54407	184	53	0	0	*	2
1361	54447	182	52	0	0	*	2
1362	54487	182	51	0	0	*	2
1363	54527	184	53	0	0	*	2
1364	54567	182	51	0	0	*	2
1365	54607	180	50	0	0	*	2
1366	54647	175	47	0	0	*	2
1367	54687	173	46	0	0	*	2
1368	54727	171	46	0	0	*	2
1369	54767	174	46	0	0	*	2
1370	54807	172	46	0	0	*	2
1371	54847	170	45	0	0	*	2
1372	54887	168	44	0	0	*	2
1373	54927	167	43	0	0	*	2
1374	54967	165	42	0	0	*	2
1375	55007	164	42	0	0	*	2
1376	55047	161	41	0	0	*	2
1377	55087	160	40	0	0	*	2
1378	55127	158	40	0	0	*	2
1379	55167	157	39	0	0	*	2
1380	55207	156	39	0	0	*	2
1381	55247	154	38	0	0	*	2
1382	55287	152	38	0	0	*	2
1383	55327	149	38	0	0	*	2
1384	55367	148	37	0	0	*	2
1385	55407	146	37	0	0	*	2
1386	55447	145	37	0	0	*	2
1387	55487	144	37	0	0	*	2
1388	55527	141	37	0	0	*	2
1389	55567	139	37	0	0	*	2
1390	55607	137	37	0	0	*	2
1391	55647	135	37	0	1	*	2
1392	55687	134	37	0	1	*	2
1393	55727	133	37	0	1	*	2
1394	55767	133	37	0	1	*	2
1395	55807	132	38	0	1	*	2
1396	55847	131	38	0	1	*	2
1397	55887	129	39	0	1	*	2
1398	55927	129	39	0	1	*	2
1399	55967	127	40	0	1	*	2
1400	56007	127	41	0	1	*	2
1401	56047	126	42	0	1	*	2
1402	56087	125	42	0	1	*	2
1403	56127	124	43	0	1	*	2
1404	56167	122	43	0	1	*	2
1405	56207	121	44	0	1	*	2
1406	56247	120	45	0	0	*	2
1407	56287	120	46	0	0	*	2
1408	56327	119	46	0	0	*	2
1409	56367	118	46	0	0	*	2
1410	56407	117	46	0	0	*	2
1411	56447	117	46	0	0	*	2
1412	56487	115	46	0	0	*	2
1413	56527	109	44	0	0	*	2
1414	56567	108	44	0	0	*	2
1415	56607	108	44	0	0	*	2
1416	56647	107	44	0	0	*	2
1417	56687	107	44	0	0	*	2
1418	56727	114	46	0	0	*	2
1419	56767	114	46	0	0	*	2
1420	56807	115	46	0	0	*	2
1421	56847	115	46	0	0	*	2
1422	56887	115	46	0	0	*	2
1423	56927	115	46	0	0	*	2
1424	56967	115	45	0	0	*	2
1425	57007	114	45	0	0	*	2
1426	57047	114	44	0	0	*	2
1427	57087	114	42	0	0	*	2
1428	57127	114	42	0	0	*	2
1429	57167	114	41	0	0	*	2
1430	57207	112	35	0	0	*	2
1431	57247	115	39	0	0	*	2
1432	57287	116	38	0	0	*	2
1433	57327	116	37	0	0	*	2
1434	57367	116	31	0	0	*	2
1435	57407	117	31	0	0	*	2
1436	57447	118	30	0	0	*	2
1437	57487	119	30	0	0	*	2
1438	57527	119	30	0	0	*	2
1439	57567	120	30	0	0	*	2
1440	57607	120	30	0	0	*	2
1441	57647	120	31	0	0	*	2
1442	57687	120	31	0	0	*	2
1443	57727	120	31	0	0	*	2
1444	57767	119	32	0	0	*	2
1445	57807	120	32	0	0	*	2
1446	57847	121	33	0	0	*	2
1447	57888	121	34	0	1	*	2
1448	57927	121	34	0	1	*	2
1449	57967	121	35	0	1	*	2
1450	58008	121	36	0	1	*	2
1451	58047	120	37	0	1	*	2
1452	58087	120	38	0	1	*	2
1453	58127	120	39	0	1	*	2
1454	58168	119	40	0	1	*	2
1455	58207	119	41	0	0	*	2
1456	58247	118	43	0	0	*	2
1457	58287	118	45	0	0	*	2
1458	58327	117	47	0	0	*	2
1459	58368	117	49	0	0	*	2
1460	58408	116	50	0	0	*	2
1461	58448	116	51	0	0	*	2
1462	58488	115	53	0	0	*	2
1463	58528	115	56	0	0	*	2
1464	58568	116	59	0	0	*	2
1465	58608	119	65	0	0	*	2
1466	58648	119	67	0	0	*	2
1467	58688	120	69	0	0	*	2
1468	58728	120	70	0	0	*	2
1469	58768	120	72	0	0	*	2
1470	58808	120	73	0	0	*	2
1471	58848	120	74	0	0	*	2
1472	58888	121	76	0	0	*	2
1473	58928	121	78	0	0	*	2
1474	58968	121	79	0	0	*	2
1475	59008	121	80	0	0	*	2
1476	59048	121	81	0	0	*	2
1477	59088	122	82	0	0	*	2
1478	59128	122	82	0	0	*	2
1479	59168	122	84	0	0	*	2
1480	59208	123	85	0	0	*	2
1481	59248	123	86	0	0	*	2
1482	59288	124	87	0	0	*	2
1483	59328	124	89	0	0	*	2
1484	59368	125	91	0	0	*	2
1485	59408	125	92	0	0	*	2
1486	59448	125	93	0	0	*	2
1487	59488	126	95	0	0	*	2
1488	59528	127	98	0	0	*	2
1489	59568	127	99	0	0	*	2
1490	59608	127	101	0	0	*	2
1491	59648	127	102	0	0	*	2
1492	59688	128	104	0	0	*	2
1493	59728	128	106	0	0	*	2
1494	59768	129	108	0	0	*	2
1495	59808	129	110	0	0	*	2
1496	59848	130	112	0	0	*	2
1497	59888	130	114	0	0	*	2
1498	59928	130	115	0	0	*	2
1499	59968	131	116	0	0	*	2
1500	60008	131	118	0	0	*	2
1501	60048	133	124	0	0	*	2
1502	60088	133	125	0	0	*	2
1503	60128	133	124	0	0	*	2
1504	60168	133	126	0	0	*	2
1505	60208	134	130	0	0	*	2
1506	60248	134	129	0	0	*	2
1507	60288	136	133	0	0	*	2
1508	60328	136	132	0	0	*	2
1509	60368	137	134	0	0	*	2
1510	60408	138	135	0	0	*	2
1511	60448	140	136	0	0	*	2
1512	60488	142	136	0	0	*	2
1513	60528	141	136	0	0	*	2
1514	60568	144	137	0	0	*	2
1515	60608	144	137	0	0	*	2
1516	60648	145	137	0	0	*	2
1517	60688	148	138	0	0	*	2
1518	60728	148	138	0	0	*	2
1519	60768	148	138	0	0	*	2
1520	60808	149	138	0	0	*	2
1521	60848	149	138	0	0	*	2
1522	60888	151	138	0	0	*	2
1523	60928	153	137	0	0	*	2
1524	60968	154	137	0	0	*	2
1525	61008	151	138	0	0	*	2
1526	61048	152	138	0	0	*	2
1527	61088	153	138	0	0	*	2
1528	61128	158	137	0	0	*	2
1529	61168	159	136	0	0	*	2
1530	61208	159	137	0	0	*	2
1531	61248	159	137	0	0	*	2
1532	61288	160	136	0	0	*	2
1533	61328	162	136	0	0	*	2
1534	61368	162	136	0	0	*	2
1535	61408	163	136	0	0	*	2
1536	61448	163	136	0	0	*	2
1537	61488	165	136	0	0	*	2
1538	61528	166	135	0	0	*	2
1539	61568	167	134	0	0	*	2
1540	61608	169	134	0	0	*	2
1541	61648	169	133	0	0	*	2
1542	61688	170	133	0	0	*	2
1543	61728	170	132	0	0	*	2
1544	61768	172	131	0	0	*	2
1545	61808	173	129	0	0	*	2
1546	61848	173	129	0	0	*	2
1547	61888	174	129	0	0	*	2
1548	61928	174	128	0	0	*	2
1549	61968	175	127	0	0	*	2
1550	62008	176	126	0	0	*	2
1551	62048	176	125	0	0	*	2
1552	62088	177	124	0	0	*	2
1553	62128	177	124	0	0	*	2
1554	62168	177	122	0	0	*	2
1555	62208	177	121	0	0	*	2
1556	62248	178	120	0	0	*	2
1557	62288	178	119	0	0	*	2
1558	62328	178	117	0	0	*	2
1559	62368	179	116	0	0	*	2
1560	62408	179	115	0	0	*	2
1561	62448	179	114	0	0	*	2
1562	62488	179	112	0	0	*	2
1563	62528	179	106	0	0	*	2
1564	62568	179	109	0	0	*	2
1565	62608	179	104	0	0	*	2
1566	62648	179	103	0	0	*	2
1567	62688	180	103	0	0	*	2
1568	62728	179	103	0	0	*	2
