%%BEGIN_HEADER
	%%BEGIN DATABASE_INFORMATION
		%Date.0 ( 30.9.2019 )
		%Time.0 ( 12:47 )
	%%END DATABASE_INFORMATION
	%%BEGIN SETUP_INFORMATION
		%TrackerVersion.0 ( Tracker version 2.38 release 12.8.2012 )
		%ElapsedTime_ms.0 ( 56121 )
		%Paradigm.0 ( PlacePreference )
		%FeederParameters.0 ( 1500 0 )
			// %FeederParameters.0 ( ENTRANCE_LATENCY EXIT_LATENCY )
		%ElapsedPath_m.0 ( 0.00 )
		%ArenaDiameter_m.0 ( 1.80 )
		%TrackerResolution_PixPerCM.0 ( 1.4222 )
		%ArenaCenterXY.0 ( 127.5 127.5 )
		%Frame.0 ( RoomFrame )
		%ReinforcedSector.0 ( 64.3907 190.6093 7 )
			//%ReinforcedSector.0 ( CENTER_X CENTER_Y RADIUS )
		%RoomTrackReinforcedSector.0 ( 64.3907 190.6093 7 )
			//%RoomTrackReinforcedSector.0 ( CENTER_X CENTER_Y RADIUS )
	%%END SETUP_INFORMATION
	%%BEGIN RECORD_FORMAT
		%Sample.0 ( FrameCount 1msTimeStamp RoomX RoomY Sectors State Flags FrameInfo )
			//Sectors indicate if the object is in a target. Number is binary coded. Sectors = 0: no target, Sectors = 1: room target, Sectors: = 2 arena target, Sectors: = 3 room and arena target
			////State indicates the Watermaze State: OutsideTarget = 0, EntranceLatency = 1, InsideTarget = 3, OutsideRefractory = 4, BadSpot = 5
			//FrameInfo indicates succesfuly tracked spots: ReferencePoint * 2^0 + Spot0 * 2^(1+0) + Spot1 * 2^(1+1) + Spot2 * 2^(1+2) .... 
	%%END RECORD_FORMAT
%%END_HEADER
1	40	239	138	0	0	*	2
2	80	237	137	0	0	*	2
3	120	235	136	0	0	*	2
4	160	233	134	0	0	*	2
5	200	231	133	0	0	*	2
6	240	230	132	0	0	*	2
7	280	230	131	0	0	*	2
8	320	230	131	0	0	*	2
9	360	229	131	0	0	*	2
10	400	227	130	0	0	*	2
11	440	226	130	0	0	*	2
12	480	224	130	0	0	*	2
13	520	222	129	0	0	*	2
14	560	221	129	0	0	*	2
15	600	219	128	0	0	*	2
16	640	218	128	0	0	*	2
17	680	217	127	0	0	*	2
18	720	215	126	0	0	*	2
19	760	213	126	0	0	*	2
20	800	211	125	0	0	*	2
21	840	209	125	0	0	*	2
22	880	207	124	0	0	*	2
23	920	205	124	0	0	*	2
24	960	203	123	0	0	*	2
25	1000	200	123	0	0	*	2
26	1040	197	122	0	0	*	2
27	1080	195	122	0	0	*	2
28	1120	193	121	0	0	*	2
29	1160	192	121	0	0	*	2
30	1200	188	121	0	0	*	2
31	1240	185	120	0	0	*	2
32	1280	183	120	0	0	*	2
33	1320	180	119	0	0	*	2
34	1360	179	119	0	0	*	2
35	1400	177	119	0	0	*	2
36	1440	175	118	0	0	*	2
37	1480	172	118	0	0	*	2
38	1520	170	118	0	0	*	2
39	1560	169	118	0	0	*	2
40	1600	165	117	0	0	*	2
41	1640	162	117	0	0	*	2
42	1680	160	117	0	0	*	2
43	1720	158	117	0	0	*	2
44	1760	156	117	0	0	*	2
45	1800	153	116	0	0	*	2
46	1840	150	116	0	0	*	2
47	1880	147	116	0	0	*	2
48	1920	145	116	0	0	*	2
49	1960	142	116	0	0	*	2
50	2000	138	116	0	0	*	2
51	2040	136	116	0	0	*	2
52	2080	133	116	0	0	*	2
53	2120	130	116	0	0	*	2
54	2160	126	116	0	0	*	2
55	2200	122	116	0	0	*	2
56	2240	121	116	0	0	*	2
57	2280	118	116	0	0	*	2
58	2320	115	116	0	0	*	2
59	2360	112	116	0	0	*	2
60	2400	109	116	0	0	*	2
61	2440	107	116	0	0	*	2
62	2480	105	116	0	0	*	2
63	2520	101	116	0	0	*	2
64	2560	98	116	0	0	*	2
65	2600	97	116	0	0	*	2
66	2640	94	117	0	0	*	2
67	2680	91	117	0	0	*	2
68	2720	89	117	0	0	*	2
69	2760	86	118	0	0	*	2
70	2800	85	118	0	0	*	2
71	2840	82	119	0	0	*	2
72	2880	80	120	0	0	*	2
73	2920	78	120	0	0	*	2
74	2960	76	122	0	0	*	2
75	3000	73	123	0	0	*	2
76	3040	71	125	0	0	*	2
77	3080	70	126	0	0	*	2
78	3120	68	127	0	0	*	2
79	3160	67	129	0	0	*	2
80	3200	66	130	0	0	*	2
81	3240	65	133	0	0	*	2
82	3280	64	135	0	0	*	2
83	3320	64	136	0	0	*	2
84	3360	64	137	0	0	*	2
85	3400	63	139	0	0	*	2
86	3440	63	140	0	0	*	2
87	3480	63	142	0	0	*	2
88	3520	64	143	0	0	*	2
89	3560	64	145	0	0	*	2
90	3600	65	146	0	0	*	2
91	3640	66	149	0	0	*	2
92	3680	66	149	0	0	*	2
93	3720	67	150	0	0	*	2
94	3760	68	152	0	0	*	2
95	3800	69	153	0	0	*	2
96	3840	70	154	0	0	*	2
97	3880	71	156	0	0	*	2
98	3920	73	157	0	0	*	2
99	3960	73	157	0	0	*	2
100	4000	74	158	0	0	*	2
101	4040	76	159	0	0	*	2
102	4080	78	160	0	0	*	2
103	4120	80	161	0	0	*	2
104	4160	82	162	0	0	*	2
105	4200	84	162	0	0	*	2
106	4240	85	163	0	0	*	2
107	4280	86	163	0	0	*	2
108	4320	88	164	0	0	*	2
109	4360	90	164	0	0	*	2
110	4400	93	164	0	0	*	2
111	4440	94	164	0	0	*	2
112	4480	96	164	0	0	*	2
113	4520	97	164	0	0	*	2
114	4560	100	164	0	0	*	2
115	4600	101	164	0	0	*	2
116	4640	103	163	0	0	*	2
117	4680	106	163	0	0	*	2
118	4721	108	162	0	0	*	2
119	4760	109	162	0	0	*	2
120	4800	113	161	0	0	*	2
121	4840	114	161	0	0	*	2
122	4880	116	160	0	0	*	2
123	4920	117	160	0	0	*	2
124	4960	119	159	0	0	*	2
125	5000	121	158	0	0	*	2
126	5040	124	157	0	0	*	2
127	5081	125	156	0	0	*	2
128	5121	127	155	0	0	*	2
129	5160	129	154	0	0	*	2
130	5201	132	153	0	0	*	2
131	5241	134	152	0	0	*	2
132	5280	137	151	0	0	*	2
133	5321	137	150	0	0	*	2
134	5361	140	149	0	0	*	2
135	5400	142	148	0	0	*	2
136	5441	144	147	0	0	*	2
137	5481	146	146	0	0	*	2
138	5521	148	145	0	0	*	2
139	5561	149	144	0	0	*	2
140	5601	151	143	0	0	*	2
141	5641	152	142	0	0	*	2
142	5681	156	140	0	0	*	2
143	5721	158	139	0	0	*	2
144	5761	159	139	0	0	*	2
145	5801	159	138	0	0	*	2
146	5841	162	136	0	0	*	2
147	5880	164	136	0	0	*	2
148	5921	166	134	0	0	*	2
149	5961	168	133	0	0	*	2
150	6001	172	131	0	0	*	2
151	6041	173	131	0	0	*	2
152	6081	175	129	0	0	*	2
153	6121	177	128	0	0	*	2
154	6161	180	126	0	0	*	2
155	6201	182	125	0	0	*	2
156	6241	183	124	0	0	*	2
157	6281	185	122	0	0	*	2
158	6321	187	121	0	0	*	2
159	6361	188	119	0	0	*	2
160	6401	190	118	0	0	*	2
161	6441	193	116	0	0	*	2
162	6481	194	115	0	0	*	2
163	6521	196	113	0	0	*	2
164	6561	198	110	0	0	*	2
165	6601	199	109	0	0	*	2
166	6641	201	107	0	0	*	2
167	6681	203	105	0	0	*	2
168	6721	204	103	0	0	*	2
169	6761	206	100	0	0	*	2
170	6801	207	97	0	0	*	2
171	6841	207	95	0	0	*	2
172	6881	208	93	0	0	*	2
173	6921	208	93	0	0	*	2
174	6961	208	92	0	0	*	2
175	7001	208	90	0	0	*	2
176	7041	209	87	0	0	*	2
177	7081	208	85	0	0	*	2
178	7121	208	81	0	0	*	2
179	7161	208	80	0	0	*	2
180	7201	207	78	0	0	*	2
181	7241	207	76	0	0	*	2
182	7281	206	74	0	0	*	2
183	7321	206	72	0	0	*	2
184	7361	205	71	0	0	*	2
185	7401	204	69	0	0	*	2
186	7441	203	66	0	0	*	2
187	7481	202	65	0	0	*	2
188	7521	200	63	0	0	*	2
189	7561	199	62	0	0	*	2
190	7601	198	61	0	0	*	2
191	7641	197	59	0	0	*	2
192	7681	195	57	0	0	*	2
193	7721	195	56	0	0	*	2
194	7761	194	54	0	0	*	2
195	7801	193	53	0	0	*	2
196	7841	193	53	0	0	*	2
197	7881	190	50	0	0	*	2
198	7921	190	50	0	0	*	2
199	7961	187	48	0	0	*	2
200	8001	185	47	0	0	*	2
201	8041	182	46	0	0	*	2
202	8081	181	45	0	0	*	2
203	8121	178	44	0	0	*	2
204	8161	178	44	0	0	*	2
205	8201	175	42	0	0	*	2
206	8241	173	42	0	0	*	2
207	8281	171	41	0	0	*	2
208	8321	170	40	0	0	*	2
209	8361	168	40	0	0	*	2
210	8401	167	39	0	0	*	2
211	8441	163	39	0	0	*	2
212	8481	162	39	0	0	*	2
213	8521	161	39	0	0	*	2
214	8561	159	38	0	0	*	2
215	8601	157	38	0	0	*	2
216	8641	154	38	0	0	*	2
217	8681	151	37	0	0	*	2
218	8721	148	37	0	0	*	2
219	8761	148	37	0	0	*	2
220	8801	146	37	0	0	*	2
221	8841	145	37	0	0	*	2
222	8881	143	37	0	0	*	2
223	8921	141	38	0	0	*	2
224	8961	139	38	0	0	*	2
225	9001	138	38	0	0	*	2
226	9041	136	39	0	0	*	2
227	9081	134	40	0	0	*	2
228	9121	132	41	0	0	*	2
229	9161	130	42	0	0	*	2
230	9201	129	43	0	0	*	2
231	9241	126	45	0	0	*	2
232	9281	126	46	0	0	*	2
233	9321	124	47	0	0	*	2
234	9361	123	49	0	0	*	2
235	9401	121	51	0	0	*	2
236	9441	121	53	0	0	*	2
237	9481	120	53	0	0	*	2
238	9521	119	55	0	0	*	2
239	9561	117	57	0	0	*	2
240	9601	116	58	0	0	*	2
241	9641	115	60	0	0	*	2
242	9681	114	62	0	0	*	2
243	9721	113	64	0	0	*	2
244	9761	112	65	0	0	*	2
245	9801	110	68	0	0	*	2
246	9841	110	68	0	0	*	2
247	9881	109	70	0	0	*	2
248	9921	109	71	0	0	*	2
249	9961	107	73	0	0	*	2
250	10001	106	76	0	0	*	2
251	10041	105	77	0	0	*	2
252	10081	104	79	0	0	*	2
253	10121	102	83	0	0	*	2
254	10161	101	84	0	0	*	2
255	10201	99	87	0	0	*	2
256	10241	99	88	0	0	*	2
257	10281	98	90	0	0	*	2
258	10321	97	93	0	0	*	2
259	10361	97	94	0	0	*	2
260	10401	96	97	0	0	*	2
261	10441	95	99	0	0	*	2
262	10481	94	101	0	0	*	2
263	10521	93	105	0	0	*	2
264	10561	93	107	0	0	*	2
265	10601	92	109	0	0	*	2
266	10641	92	112	0	0	*	2
267	10681	91	114	0	0	*	2
268	10721	91	117	0	0	*	2
269	10761	91	119	0	0	*	2
270	10801	91	121	0	0	*	2
271	10841	91	124	0	0	*	2
272	10881	91	126	0	0	*	2
273	10921	91	129	0	0	*	2
274	10961	92	131	0	0	*	2
275	11001	92	133	0	0	*	2
276	11041	92	134	0	0	*	2
277	11081	93	136	0	0	*	2
278	11121	93	139	0	0	*	2
279	11161	94	143	0	0	*	2
280	11201	95	145	0	0	*	2
281	11241	96	146	0	0	*	2
282	11281	97	148	0	0	*	2
283	11321	97	149	0	0	*	2
284	11361	98	151	0	0	*	2
285	11401	100	153	0	0	*	2
286	11441	101	155	0	0	*	2
287	11481	103	157	0	0	*	2
288	11521	105	159	0	0	*	2
289	11561	106	160	0	0	*	2
290	11601	107	161	0	0	*	2
291	11641	109	162	0	0	*	2
292	11681	110	164	0	0	*	2
293	11721	111	165	0	0	*	2
294	11761	114	166	0	0	*	2
295	11801	116	167	0	0	*	2
296	11841	118	169	0	0	*	2
297	11881	120	170	0	0	*	2
298	11921	121	171	0	0	*	2
299	11961	122	171	0	0	*	2
300	12001	124	172	0	0	*	2
301	12041	126	173	0	0	*	2
302	12081	128	173	0	0	*	2
303	12121	131	174	0	0	*	2
304	12161	133	174	0	0	*	2
305	12201	134	175	0	0	*	2
306	12241	136	175	0	0	*	2
307	12281	139	175	0	0	*	2
308	12321	142	176	0	0	*	2
309	12361	144	176	0	0	*	2
310	12401	146	175	0	0	*	2
311	12441	146	175	0	0	*	2
312	12481	148	175	0	0	*	2
313	12521	150	175	0	0	*	2
314	12561	153	174	0	0	*	2
315	12601	156	173	0	0	*	2
316	12641	156	173	0	0	*	2
317	12681	158	172	0	0	*	2
318	12721	160	171	0	0	*	2
319	12761	162	170	0	0	*	2
320	12801	165	169	0	0	*	2
321	12841	167	168	0	0	*	2
322	12881	168	167	0	0	*	2
323	12921	170	166	0	0	*	2
324	12961	171	165	0	0	*	2
325	13001	173	164	0	0	*	2
326	13041	175	162	0	0	*	2
327	13081	177	161	0	0	*	2
328	13121	176	161	0	0	*	2
329	13161	178	159	0	0	*	2
330	13201	179	158	0	0	*	2
331	13241	181	156	0	0	*	2
332	13281	182	154	0	0	*	2
333	13321	183	153	0	0	*	2
334	13361	185	151	0	0	*	2
335	13401	186	149	0	0	*	2
336	13441	188	147	0	0	*	2
337	13481	189	145	0	0	*	2
338	13521	190	144	0	0	*	2
339	13561	192	142	0	0	*	2
340	13601	193	140	0	0	*	2
341	13641	194	138	0	0	*	2
342	13681	196	136	0	0	*	2
343	13721	197	134	0	0	*	2
344	13761	199	132	0	0	*	2
345	13801	201	129	0	0	*	2
346	13841	203	126	0	0	*	2
347	13881	204	124	0	0	*	2
348	13921	206	122	0	0	*	2
349	13961	205	123	0	0	*	2
350	14001	206	120	0	0	*	2
351	14041	207	119	0	0	*	2
352	14081	210	116	0	0	*	2
353	14121	210	115	0	0	*	2
354	14161	211	113	0	0	*	2
355	14201	213	110	0	0	*	2
356	14241	214	109	0	0	*	2
357	14281	216	106	0	0	*	2
358	14321	218	103	0	0	*	2
359	14361	219	101	0	0	*	2
360	14401	220	98	0	0	*	2
361	14441	222	95	0	0	*	2
362	14481	223	93	0	0	*	2
363	14521	224	92	0	0	*	2
364	14561	225	90	0	0	*	2
365	14601	226	88	0	0	*	2
366	14641	228	86	0	0	*	2
367	14681	229	84	0	0	*	2
368	14721	229	82	0	0	*	2
369	14761	230	81	0	0	*	2
370	14801	231	79	0	0	*	2
371	14841	231	78	0	0	*	2
372	14881	231	75	0	0	*	2
373	14921	232	73	0	0	*	2
374	14961	231	72	0	0	*	2
375	15001	231	71	0	0	*	2
376	15041	231	70	0	0	*	2
377	15081	230	69	0	0	*	2
378	15121	230	68	0	0	*	2
379	15161	230	68	0	0	*	2
380	15201	229	67	0	0	*	2
381	15241	230	68	0	0	*	2
382	15281	231	68	0	0	*	2
383	15321	230	67	0	0	*	2
384	15361	229	66	0	0	*	2
385	15401	228	65	0	0	*	2
386	15441	226	63	0	0	*	2
387	15481	225	62	0	0	*	2
388	15521	223	61	0	0	*	2
389	15561	221	60	0	0	*	2
390	15601	219	59	0	0	*	2
391	15641	217	57	0	0	*	2
392	15681	215	56	0	0	*	2
393	15721	214	55	0	0	*	2
394	15761	210	54	0	0	*	2
395	15801	209	53	0	0	*	2
396	15841	209	52	0	0	*	2
397	15881	206	50	0	0	*	2
398	15921	205	50	0	0	*	2
399	15961	202	48	0	0	*	2
400	16001	201	47	0	0	*	2
401	16041	199	46	0	0	*	2
402	16081	197	45	0	0	*	2
403	16121	195	45	0	0	*	2
404	16161	193	44	0	0	*	2
405	16201	191	43	0	0	*	2
406	16241	189	42	0	0	*	2
407	16281	187	41	0	0	*	2
408	16321	185	40	0	0	*	2
409	16361	183	39	0	0	*	2
410	16401	181	38	0	0	*	2
411	16441	179	37	0	0	*	2
412	16481	177	36	0	0	*	2
413	16521	175	35	0	0	*	2
414	16561	176	35	0	0	*	2
415	16601	171	34	0	0	*	2
416	16641	170	34	0	0	*	2
417	16681	169	33	0	0	*	2
418	16721	166	32	0	0	*	2
419	16761	164	32	0	0	*	2
420	16801	161	31	0	0	*	2
421	16841	158	31	0	0	*	2
422	16881	156	30	0	0	*	2
423	16921	153	30	0	0	*	2
424	16961	151	29	0	0	*	2
425	17001	149	29	0	0	*	2
426	17041	148	28	0	0	*	2
427	17081	146	28	0	0	*	2
428	17121	142	28	0	0	*	2
429	17161	141	27	0	0	*	2
430	17201	139	27	0	0	*	2
431	17241	137	27	0	0	*	2
432	17281	135	26	0	0	*	2
433	17321	133	26	0	0	*	2
434	17361	130	26	0	0	*	2
435	17401	127	26	0	0	*	2
436	17441	125	26	0	0	*	2
437	17481	124	26	0	0	*	2
438	17521	121	26	0	0	*	2
439	17561	118	26	0	0	*	2
440	17601	116	26	0	0	*	2
441	17641	114	26	0	0	*	2
442	17681	114	27	0	0	*	2
443	17721	112	27	0	0	*	2
444	17761	109	28	0	0	*	2
445	17801	108	28	0	0	*	2
446	17841	106	29	0	0	*	2
447	17881	103	29	0	0	*	2
448	17921	101	30	0	0	*	2
449	17961	97	31	0	0	*	2
450	18001	96	31	0	0	*	2
451	18041	93	32	0	0	*	2
452	18081	91	33	0	0	*	2
453	18121	87	35	0	0	*	2
454	18161	88	34	0	0	*	2
455	18201	85	35	0	0	*	2
456	18241	84	36	0	0	*	2
457	18281	82	37	0	0	*	2
458	18321	81	38	0	0	*	2
459	18361	78	40	0	0	*	2
460	18401	77	41	0	0	*	2
461	18441	76	43	0	0	*	2
462	18481	75	45	0	0	*	2
463	18521	73	46	0	0	*	2
464	18561	71	50	0	0	*	2
465	18601	71	50	0	0	*	2
466	18641	70	52	0	0	*	2
467	18681	69	55	0	0	*	2
468	18721	68	58	0	0	*	2
469	18761	67	60	0	0	*	2
470	18801	66	63	0	0	*	2
471	18841	66	64	0	0	*	2
472	18881	65	65	0	0	*	2
473	18921	64	68	0	0	*	2
474	18961	64	69	0	0	*	2
475	19001	64	71	0	0	*	2
476	19041	64	72	0	0	*	2
477	19081	63	75	0	0	*	2
478	19121	63	76	0	0	*	2
479	19161	63	79	0	0	*	2
480	19201	62	81	0	0	*	2
481	19241	62	83	0	0	*	2
482	19281	63	85	0	0	*	2
483	19321	63	87	0	0	*	2
484	19361	63	89	0	0	*	2
485	19401	63	91	0	0	*	2
486	19441	65	95	0	0	*	2
487	19481	66	97	0	0	*	2
488	19521	67	98	0	0	*	2
489	19561	68	99	0	0	*	2
490	19601	69	101	0	0	*	2
491	19641	71	103	0	0	*	2
492	19681	72	104	0	0	*	2
493	19721	73	106	0	0	*	2
494	19761	75	107	0	0	*	2
495	19801	77	108	0	0	*	2
496	19841	78	109	0	0	*	2
497	19881	80	110	0	0	*	2
498	19921	82	111	0	0	*	2
499	19961	83	112	0	0	*	2
500	20001	85	113	0	0	*	2
501	20041	86	114	0	0	*	2
502	20081	89	115	0	0	*	2
503	20121	91	116	0	0	*	2
504	20161	92	116	0	0	*	2
505	20201	95	117	0	0	*	2
506	20241	97	118	0	0	*	2
507	20281	98	119	0	0	*	2
508	20321	100	120	0	0	*	2
509	20361	102	120	0	0	*	2
510	20401	104	120	0	0	*	2
511	20441	106	121	0	0	*	2
512	20481	108	121	0	0	*	2
513	20521	111	122	0	0	*	2
514	20561	112	122	0	0	*	2
515	20601	115	123	0	0	*	2
516	20641	118	123	0	0	*	2
517	20681	121	123	0	0	*	2
518	20721	124	123	0	0	*	2
519	20761	126	123	0	0	*	2
520	20801	129	123	0	0	*	2
521	20841	131	123	0	0	*	2
522	20881	134	123	0	0	*	2
523	20921	136	123	0	0	*	2
524	20961	138	123	0	0	*	2
525	21001	141	123	0	0	*	2
526	21041	142	123	0	0	*	2
527	21081	145	122	0	0	*	2
528	21121	146	122	0	0	*	2
529	21161	148	122	0	0	*	2
530	21201	152	122	0	0	*	2
531	21241	153	122	0	0	*	2
532	21281	156	122	0	0	*	2
533	21321	158	121	0	0	*	2
534	21361	159	121	0	0	*	2
535	21401	162	121	0	0	*	2
536	21441	166	121	0	0	*	2
537	21481	167	121	0	0	*	2
538	21521	170	121	0	0	*	2
539	21561	172	121	0	0	*	2
540	21601	174	121	0	0	*	2
541	21641	177	121	0	0	*	2
542	21681	180	121	0	0	*	2
543	21721	182	121	0	0	*	2
544	21761	184	120	0	0	*	2
545	21801	187	120	0	0	*	2
546	21841	189	120	0	0	*	2
547	21881	191	120	0	0	*	2
548	21921	195	120	0	0	*	2
549	21961	196	120	0	0	*	2
550	22001	198	120	0	0	*	2
551	22041	200	120	0	0	*	2
552	22081	203	120	0	0	*	2
553	22121	206	121	0	0	*	2
554	22161	208	121	0	0	*	2
555	22201	210	122	0	0	*	2
556	22241	211	122	0	0	*	2
557	22281	213	123	0	0	*	2
558	22321	215	124	0	0	*	2
559	22361	216	126	0	0	*	2
560	22401	217	128	0	0	*	2
561	22441	218	128	0	0	*	2
562	22481	218	129	0	0	*	2
563	22521	219	131	0	0	*	2
564	22561	219	133	0	0	*	2
565	22601	219	134	0	0	*	2
566	22641	220	136	0	0	*	2
567	22681	219	136	0	0	*	2
568	22721	219	138	0	0	*	2
569	22761	219	139	0	0	*	2
570	22801	219	140	0	0	*	2
571	22841	218	142	0	0	*	2
572	22881	218	143	0	0	*	2
573	22921	217	143	0	0	*	2
574	22961	216	145	0	0	*	2
575	23001	215	146	0	0	*	2
576	23041	214	148	0	0	*	2
577	23081	213	149	0	0	*	2
578	23121	212	150	0	0	*	2
579	23161	210	151	0	0	*	2
580	23201	209	152	0	0	*	2
581	23241	207	153	0	0	*	2
582	23281	205	155	0	0	*	2
583	23321	204	156	0	0	*	2
584	23361	203	156	0	0	*	2
585	23401	202	156	0	0	*	2
586	23441	200	157	0	0	*	2
587	23481	198	159	0	0	*	2
588	23521	196	160	0	0	*	2
589	23561	193	161	0	0	*	2
590	23601	192	161	0	0	*	2
591	23641	191	162	0	0	*	2
592	23681	189	162	0	0	*	2
593	23721	186	163	0	0	*	2
594	23761	185	164	0	0	*	2
595	23801	183	164	0	0	*	2
596	23841	181	165	0	0	*	2
597	23881	179	166	0	0	*	2
598	23921	176	167	0	0	*	2
599	23961	173	167	0	0	*	2
600	24001	170	169	0	0	*	2
601	24041	170	169	0	0	*	2
602	24081	167	170	0	0	*	2
603	24121	164	170	0	0	*	2
604	24161	162	171	0	0	*	2
605	24201	160	172	0	0	*	2
606	24241	158	173	0	0	*	2
607	24281	155	174	0	0	*	2
608	24321	153	175	0	0	*	2
609	24361	151	175	0	0	*	2
610	24401	148	176	0	0	*	2
611	24441	146	177	0	0	*	2
612	24481	144	178	0	0	*	2
613	24521	140	179	0	0	*	2
614	24561	136	181	0	0	*	2
615	24601	136	181	0	0	*	2
616	24641	132	182	0	0	*	2
617	24681	131	182	0	0	*	2
618	24721	129	183	0	0	*	2
619	24761	126	184	0	0	*	2
620	24801	123	184	0	0	*	2
621	24841	121	185	0	0	*	2
622	24881	118	185	0	0	*	2
623	24921	116	185	0	0	*	2
624	24961	113	186	0	0	*	2
625	25001	110	186	0	0	*	2
626	25041	108	186	0	0	*	2
627	25081	105	186	0	0	*	2
628	25121	103	185	0	0	*	2
629	25161	101	185	0	0	*	2
630	25201	99	185	0	0	*	2
631	25241	96	185	0	0	*	2
632	25281	93	184	0	0	*	2
633	25321	91	183	0	0	*	2
634	25361	89	182	0	0	*	2
635	25401	87	182	0	0	*	2
636	25441	85	181	0	0	*	2
637	25481	84	180	0	0	*	2
638	25521	82	179	0	0	*	2
639	25561	79	178	0	0	*	2
640	25601	78	177	0	0	*	2
641	25641	75	176	0	0	*	2
642	25681	74	175	0	0	*	2
643	25721	72	174	0	0	*	2
644	25761	70	172	0	0	*	2
645	25801	68	171	0	0	*	2
646	25841	67	170	0	0	*	2
647	25881	66	170	0	0	*	2
648	25921	64	168	0	0	*	2
649	25961	61	166	0	0	*	2
650	26001	61	165	0	0	*	2
651	26041	60	164	0	0	*	2
652	26081	58	162	0	0	*	2
653	26121	57	161	0	0	*	2
654	26161	55	159	0	0	*	2
655	26201	53	157	0	0	*	2
656	26241	51	155	0	0	*	2
657	26281	50	153	0	0	*	2
658	26321	49	152	0	0	*	2
659	26361	49	150	0	0	*	2
660	26401	47	147	0	0	*	2
661	26441	46	146	0	0	*	2
662	26481	45	144	0	0	*	2
663	26521	44	142	0	0	*	2
664	26561	43	140	0	0	*	2
665	26601	42	138	0	0	*	2
666	26641	41	136	0	0	*	2
667	26681	40	134	0	0	*	2
668	26721	39	131	0	0	*	2
669	26761	39	129	0	0	*	2
670	26801	39	127	0	0	*	2
671	26841	38	125	0	0	*	2
672	26881	38	123	0	0	*	2
673	26921	38	121	0	0	*	2
674	26961	38	119	0	0	*	2
675	27001	38	116	0	0	*	2
676	27041	38	114	0	0	*	2
677	27081	38	113	0	0	*	2
678	27121	39	110	0	0	*	2
679	27161	39	108	0	0	*	2
680	27201	39	106	0	0	*	2
681	27241	40	103	0	0	*	2
682	27281	40	101	0	0	*	2
683	27321	41	99	0	0	*	2
684	27361	42	97	0	0	*	2
685	27401	42	95	0	0	*	2
686	27441	43	93	0	0	*	2
687	27481	44	92	0	0	*	2
688	27521	45	90	0	0	*	2
689	27561	46	88	0	0	*	2
690	27601	48	86	0	0	*	2
691	27641	49	84	0	0	*	2
692	27681	50	82	0	0	*	2
693	27721	52	80	0	0	*	2
694	27761	53	79	0	0	*	2
695	27801	55	77	0	0	*	2
696	27841	57	76	0	0	*	2
697	27881	59	74	0	0	*	2
698	27921	61	72	0	0	*	2
699	27961	62	71	0	0	*	2
700	28001	64	70	0	0	*	2
701	28041	66	68	0	0	*	2
702	28081	68	67	0	0	*	2
703	28121	70	66	0	0	*	2
704	28161	72	64	0	0	*	2
705	28201	73	63	0	0	*	2
706	28241	75	61	0	0	*	2
707	28281	77	60	0	0	*	2
708	28321	79	58	0	0	*	2
709	28361	81	57	0	0	*	2
710	28401	84	55	0	0	*	2
711	28441	85	53	0	0	*	2
712	28481	87	52	0	0	*	2
713	28521	89	51	0	0	*	2
714	28561	91	49	0	0	*	2
715	28601	94	48	0	0	*	2
716	28641	97	46	0	0	*	2
717	28681	98	45	0	0	*	2
718	28721	99	44	0	0	*	2
719	28761	103	43	0	0	*	2
720	28801	104	42	0	0	*	2
721	28841	106	42	0	0	*	2
722	28881	108	41	0	0	*	2
723	28921	110	40	0	0	*	2
724	28961	112	40	0	0	*	2
725	29001	115	39	0	0	*	2
726	29041	118	39	0	0	*	2
727	29081	120	39	0	0	*	2
728	29121	122	39	0	0	*	2
729	29161	124	39	0	0	*	2
730	29201	126	39	0	0	*	2
731	29241	128	39	0	0	*	2
732	29281	132	39	0	0	*	2
733	29321	134	39	0	0	*	2
734	29361	135	40	0	0	*	2
735	29401	137	40	0	0	*	2
736	29441	139	40	0	0	*	2
737	29481	142	40	0	0	*	2
738	29521	144	40	0	0	*	2
739	29561	146	41	0	0	*	2
740	29601	149	41	0	0	*	2
741	29641	151	41	0	0	*	2
742	29681	154	42	0	0	*	2
743	29721	156	42	0	0	*	2
744	29761	158	43	0	0	*	2
745	29801	161	43	0	0	*	2
746	29841	163	44	0	0	*	2
747	29881	165	44	0	0	*	2
748	29921	168	45	0	0	*	2
749	29961	170	46	0	0	*	2
750	30001	172	47	0	0	*	2
751	30041	175	48	0	0	*	2
752	30081	178	49	0	0	*	2
753	30121	180	50	0	0	*	2
754	30161	182	51	0	0	*	2
755	30201	184	53	0	0	*	2
756	30241	186	54	0	0	*	2
757	30281	189	57	0	0	*	2
758	30321	191	58	0	0	*	2
759	30361	192	58	0	0	*	2
760	30401	194	60	0	0	*	2
761	30441	195	62	0	0	*	2
762	30481	197	63	0	0	*	2
763	30521	200	67	0	0	*	2
764	30561	201	68	0	0	*	2
765	30601	201	68	0	0	*	2
766	30641	203	70	0	0	*	2
767	30681	205	71	0	0	*	2
768	30721	206	74	0	0	*	2
769	30761	208	77	0	0	*	2
770	30801	208	78	0	0	*	2
771	30841	208	78	0	0	*	2
772	30881	209	80	0	0	*	2
773	30921	211	83	0	0	*	2
774	30961	212	86	0	0	*	2
775	31001	213	88	0	0	*	2
776	31041	213	89	0	0	*	2
777	31081	214	90	0	0	*	2
778	31121	214	91	0	0	*	2
779	31161	216	93	0	0	*	2
780	31201	216	96	0	0	*	2
781	31241	217	99	0	0	*	2
782	31281	218	101	0	0	*	2
783	31321	218	100	0	0	*	2
784	31361	218	102	0	0	*	2
785	31401	218	104	0	0	*	2
786	31441	218	106	0	0	*	2
787	31481	218	108	0	0	*	2
788	31521	217	112	0	0	*	2
789	31561	217	112	0	0	*	2
790	31601	216	114	0	0	*	2
791	31641	216	115	0	0	*	2
792	31681	215	118	0	0	*	2
793	31721	213	120	0	0	*	2
794	31761	213	121	0	0	*	2
795	31801	211	124	0	0	*	2
796	31841	210	124	0	0	*	2
797	31881	209	126	0	0	*	2
798	31921	207	128	0	0	*	2
799	31961	207	128	0	0	*	2
800	32001	205	130	0	0	*	2
801	32041	204	131	0	0	*	2
802	32081	204	132	0	0	*	2
803	32121	202	132	0	0	*	2
804	32161	199	135	0	0	*	2
805	32201	198	136	0	0	*	2
806	32241	197	136	0	0	*	2
807	32281	196	136	0	0	*	2
808	32321	194	138	0	0	*	2
809	32361	192	138	0	0	*	2
810	32401	191	139	0	0	*	2
811	32441	187	141	0	0	*	2
812	32481	187	141	0	0	*	2
813	32521	184	142	0	0	*	2
814	32561	182	143	0	0	*	2
815	32601	179	144	0	0	*	2
816	32641	178	144	0	0	*	2
817	32681	175	145	0	0	*	2
818	32721	173	146	0	0	*	2
819	32761	171	147	0	0	*	2
820	32801	169	147	0	0	*	2
821	32841	166	148	0	0	*	2
822	32881	164	148	0	0	*	2
823	32921	162	149	0	0	*	2
824	32961	159	149	0	0	*	2
825	33001	158	150	0	0	*	2
826	33041	154	150	0	0	*	2
827	33081	152	150	0	0	*	2
828	33121	150	151	0	0	*	2
829	33161	147	151	0	0	*	2
830	33201	144	151	0	0	*	2
831	33241	143	151	0	0	*	2
832	33281	139	151	0	0	*	2
833	33321	138	151	0	0	*	2
834	33361	135	151	0	0	*	2
835	33401	133	151	0	0	*	2
836	33441	130	151	0	0	*	2
837	33481	128	150	0	0	*	2
838	33521	126	150	0	0	*	2
839	33561	123	149	0	0	*	2
840	33601	119	148	0	0	*	2
841	33641	118	148	0	0	*	2
842	33681	115	147	0	0	*	2
843	33721	112	145	0	0	*	2
844	33761	109	144	0	0	*	2
845	33801	108	143	0	0	*	2
846	33841	107	143	0	0	*	2
847	33881	105	142	0	0	*	2
848	33921	102	141	0	0	*	2
849	33961	99	139	0	0	*	2
850	34001	97	138	0	0	*	2
851	34041	97	137	0	0	*	2
852	34081	94	135	0	0	*	2
853	34121	91	134	0	0	*	2
854	34161	90	132	0	0	*	2
855	34201	89	131	0	0	*	2
856	34241	87	129	0	0	*	2
857	34281	86	129	0	0	*	2
858	34321	84	126	0	0	*	2
859	34361	82	125	0	0	*	2
860	34401	81	123	0	0	*	2
861	34441	80	122	0	0	*	2
862	34481	78	120	0	0	*	2
863	34521	77	119	0	0	*	2
864	34561	75	117	0	0	*	2
865	34601	73	116	0	0	*	2
866	34641	73	114	0	0	*	2
867	34681	72	112	0	0	*	2
868	34721	70	110	0	0	*	2
869	34761	69	109	0	0	*	2
870	34801	68	106	0	0	*	2
871	34841	67	104	0	0	*	2
872	34881	66	102	0	0	*	2
873	34921	65	100	0	0	*	2
874	34961	64	97	0	0	*	2
875	35001	64	96	0	0	*	2
876	35041	63	94	0	0	*	2
877	35081	63	92	0	0	*	2
878	35121	63	91	0	0	*	2
879	35161	63	88	0	0	*	2
880	35201	63	86	0	0	*	2
881	35241	63	84	0	0	*	2
882	35281	63	82	0	0	*	2
883	35321	64	80	0	0	*	2
884	35361	64	78	0	0	*	2
885	35401	66	75	0	0	*	2
886	35441	66	74	0	0	*	2
887	35481	67	72	0	0	*	2
888	35521	68	70	0	0	*	2
889	35561	69	70	0	0	*	2
890	35601	70	68	0	0	*	2
891	35641	73	66	0	0	*	2
892	35681	73	65	0	0	*	2
893	35721	74	64	0	0	*	2
894	35761	77	63	0	0	*	2
895	35801	78	62	0	0	*	2
896	35841	81	61	0	0	*	2
897	35881	84	59	0	0	*	2
898	35921	84	59	0	0	*	2
899	35961	86	58	0	0	*	2
900	36001	89	56	0	0	*	2
901	36041	90	55	0	0	*	2
902	36081	93	55	0	0	*	2
903	36121	94	54	0	0	*	2
904	36161	96	53	0	0	*	2
905	36201	98	52	0	0	*	2
906	36241	101	51	0	0	*	2
907	36281	103	51	0	0	*	2
908	36321	106	50	0	0	*	2
909	36361	108	50	0	0	*	2
910	36401	109	50	0	0	*	2
911	36441	112	49	0	0	*	2
912	36481	115	49	0	0	*	2
913	36521	118	48	0	0	*	2
914	36561	120	48	0	0	*	2
915	36601	123	48	0	0	*	2
916	36641	125	47	0	0	*	2
917	36681	128	47	0	0	*	2
918	36721	131	47	0	0	*	2
919	36761	134	47	0	0	*	2
920	36801	135	47	0	0	*	2
921	36841	138	47	0	0	*	2
922	36881	140	47	0	0	*	2
923	36921	143	47	0	0	*	2
924	36961	145	47	0	0	*	2
925	37001	148	48	0	0	*	2
926	37041	150	48	0	0	*	2
927	37081	153	48	0	0	*	2
928	37121	155	48	0	0	*	2
929	37161	158	48	0	0	*	2
930	37201	160	49	0	0	*	2
931	37241	163	50	0	0	*	2
932	37281	165	50	0	0	*	2
933	37321	167	50	0	0	*	2
934	37361	170	51	0	0	*	2
935	37401	172	51	0	0	*	2
936	37441	174	52	0	0	*	2
937	37481	178	53	0	0	*	2
938	37521	179	54	0	0	*	2
939	37561	182	55	0	0	*	2
940	37601	184	56	0	0	*	2
941	37641	186	57	0	0	*	2
942	37681	190	59	0	0	*	2
943	37721	191	59	0	0	*	2
944	37761	193	60	0	0	*	2
945	37801	194	60	0	0	*	2
946	37841	196	62	0	0	*	2
947	37881	199	63	0	0	*	2
948	37921	201	65	0	0	*	2
949	37961	204	67	0	0	*	2
950	38001	206	68	0	0	*	2
951	38041	206	69	0	0	*	2
952	38081	208	71	0	0	*	2
953	38121	210	73	0	0	*	2
954	38161	211	74	0	0	*	2
955	38201	213	76	0	0	*	2
956	38241	214	78	0	0	*	2
957	38281	215	79	0	0	*	2
958	38321	217	82	0	0	*	2
959	38361	218	83	0	0	*	2
960	38401	219	86	0	0	*	2
961	38441	219	88	0	0	*	2
962	38481	220	89	0	0	*	2
963	38521	220	89	0	0	*	2
964	38561	222	93	0	0	*	2
965	38601	222	94	0	0	*	2
966	38641	222	95	0	0	*	2
967	38681	222	98	0	0	*	2
968	38721	222	101	0	0	*	2
969	38761	222	100	0	0	*	2
970	38801	222	104	0	0	*	2
971	38841	222	105	0	0	*	2
972	38881	221	107	0	0	*	2
973	38921	221	109	0	0	*	2
974	38961	221	110	0	0	*	2
975	39001	220	115	0	0	*	2
976	39041	219	116	0	0	*	2
977	39081	219	118	0	0	*	2
978	39121	218	120	0	0	*	2
979	39161	218	122	0	0	*	2
980	39201	217	125	0	0	*	2
981	39241	217	127	0	0	*	2
982	39281	216	128	0	0	*	2
983	39321	216	130	0	0	*	2
984	39361	214	133	0	0	*	2
985	39401	213	134	0	0	*	2
986	39441	213	135	0	0	*	2
987	39481	212	136	0	0	*	2
988	39521	211	138	0	0	*	2
989	39561	209	139	0	0	*	2
990	39601	208	141	0	0	*	2
991	39641	207	143	0	0	*	2
992	39681	206	144	0	0	*	2
993	39721	204	147	0	0	*	2
994	39761	203	148	0	0	*	2
995	39801	200	150	0	0	*	2
996	39841	199	151	0	0	*	2
997	39881	197	153	0	0	*	2
998	39921	194	155	0	0	*	2
999	39961	194	156	0	0	*	2
1000	40001	192	157	0	0	*	2
1001	40041	189	158	0	0	*	2
1002	40081	188	159	0	0	*	2
1003	40121	185	160	0	0	*	2
1004	40161	183	161	0	0	*	2
1005	40201	182	162	0	0	*	2
1006	40241	179	162	0	0	*	2
1007	40281	177	163	0	0	*	2
1008	40321	175	164	0	0	*	2
1009	40361	173	165	0	0	*	2
1010	40401	171	166	0	0	*	2
1011	40441	169	167	0	0	*	2
1012	40481	167	167	0	0	*	2
1013	40521	164	168	0	0	*	2
1014	40561	162	169	0	0	*	2
1015	40601	160	170	0	0	*	2
1016	40641	157	171	0	0	*	2
1017	40681	155	172	0	0	*	2
1018	40721	153	172	0	0	*	2
1019	40761	150	173	0	0	*	2
1020	40801	149	174	0	0	*	2
1021	40841	146	175	0	0	*	2
1022	40881	144	176	0	0	*	2
1023	40921	141	177	0	0	*	2
1024	40961	139	177	0	0	*	2
1025	41001	137	178	0	0	*	2
1026	41041	135	179	0	0	*	2
1027	41081	132	180	0	0	*	2
1028	41121	129	181	0	0	*	2
1029	41161	127	181	0	0	*	2
1030	41201	126	182	0	0	*	2
1031	41241	123	183	0	0	*	2
1032	41281	121	184	0	0	*	2
1033	41321	118	185	0	0	*	2
1034	41361	115	185	0	0	*	2
1035	41401	113	185	0	0	*	2
1036	41441	110	186	0	0	*	2
1037	41481	108	186	0	0	*	2
1038	41521	106	186	0	0	*	2
1039	41561	103	187	0	0	*	2
1040	41601	101	187	0	0	*	2
1041	41641	97	186	0	0	*	2
1042	41681	95	186	0	0	*	2
1043	41721	93	186	0	0	*	2
1044	41761	91	186	0	0	*	2
1045	41801	88	186	0	0	*	2
1046	41841	86	186	0	0	*	2
1047	41881	85	186	0	0	*	2
1048	41921	82	185	0	0	*	2
1049	41961	80	185	0	0	*	2
1050	42001	78	185	0	0	*	2
1051	42041	75	185	0	0	*	2
1052	42081	73	184	0	0	*	2
1053	42121	71	184	0	0	*	2
1054	42161	68	183	0	0	*	2
1055	42201	67	182	0	0	*	2
1056	42241	65	182	0	0	*	2
1057	42281	62	181	0	0	*	2
1058	42321	60	181	0	0	*	2
1059	42361	58	180	0	0	*	2
1060	42401	56	179	0	0	*	2
1061	42441	53	179	0	0	*	2
1062	42481	51	178	0	0	*	2
1063	42521	49	178	0	0	*	2
1064	42561	47	177	0	0	*	2
1065	42601	45	176	0	0	*	2
1066	42641	43	175	0	0	*	2
1067	42681	41	174	0	0	*	2
1068	42721	38	173	0	0	*	2
1069	42761	36	172	0	0	*	2
1070	42801	35	171	0	0	*	2
1071	42841	33	170	0	0	*	2
1072	42881	32	169	0	0	*	2
1073	42921	30	168	0	0	*	2
1074	42961	29	167	0	0	*	2
1075	43001	27	166	0	0	*	2
1076	43041	26	164	0	0	*	2
1077	43081	25	163	0	0	*	2
1078	43121	24	162	0	0	*	2
1079	43161	24	161	0	0	*	2
1080	43201	24	159	0	0	*	2
1081	43241	23	158	0	0	*	2
1082	43281	23	157	0	0	*	2
1083	43321	21	157	0	0	*	2
1084	43361	20	156	0	0	*	2
1085	43401	23	152	0	0	*	2
1086	43441	23	150	0	0	*	2
1087	43481	23	148	0	0	*	2
1088	43521	24	146	0	0	*	2
1089	43561	24	145	0	0	*	2
1090	43601	25	143	0	0	*	2
1091	43641	25	141	0	0	*	2
1092	43681	26	139	0	0	*	2
1093	43721	27	138	0	0	*	2
1094	43761	28	136	0	0	*	2
1095	43801	29	134	0	0	*	2
1096	43841	30	133	0	0	*	2
1097	43881	31	131	0	0	*	2
1098	43921	32	128	0	0	*	2
1099	43961	33	127	0	0	*	2
1100	44001	34	125	0	0	*	2
1101	44041	36	123	0	0	*	2
1102	44081	36	121	0	0	*	2
1103	44121	37	119	0	0	*	2
1104	44161	39	117	0	0	*	2
1105	44201	40	115	0	0	*	2
1106	44241	41	113	0	0	*	2
1107	44281	43	111	0	0	*	2
1108	44321	43	109	0	0	*	2
1109	44361	45	107	0	0	*	2
1110	44401	46	105	0	0	*	2
1111	44441	47	103	0	0	*	2
1112	44481	48	101	0	0	*	2
1113	44521	49	99	0	0	*	2
1114	44561	50	96	0	0	*	2
1115	44601	51	94	0	0	*	2
1116	44641	53	93	0	0	*	2
1117	44681	54	91	0	0	*	2
1118	44721	56	88	0	0	*	2
1119	44761	57	86	0	0	*	2
1120	44801	58	84	0	0	*	2
1121	44841	59	82	0	0	*	2
1122	44881	61	80	0	0	*	2
1123	44921	62	78	0	0	*	2
1124	44961	64	76	0	0	*	2
1125	45001	65	74	0	0	*	2
1126	45041	67	72	0	0	*	2
1127	45081	69	71	0	0	*	2
1128	45121	70	69	0	0	*	2
1129	45161	72	68	0	0	*	2
1130	45201	74	66	0	0	*	2
1131	45241	76	64	0	0	*	2
1132	45281	77	63	0	0	*	2
1133	45321	79	61	0	0	*	2
1134	45361	80	60	0	0	*	2
1135	45401	83	58	0	0	*	2
1136	45441	85	56	0	0	*	2
1137	45481	86	55	0	0	*	2
1138	45521	88	53	0	0	*	2
1139	45561	90	52	0	0	*	2
1140	45601	92	50	0	0	*	2
1141	45641	94	48	0	0	*	2
1142	45681	96	47	0	0	*	2
1143	45721	97	46	0	0	*	2
1144	45761	99	44	0	0	*	2
1145	45801	101	43	0	0	*	2
1146	45841	103	41	0	0	*	2
1147	45881	104	40	0	0	*	2
1148	45921	107	39	0	0	*	2
1149	45961	108	38	0	0	*	2
1150	46001	110	36	0	0	*	2
1151	46041	113	34	0	0	*	2
1152	46081	115	34	0	0	*	2
1153	46121	117	33	0	0	*	2
1154	46161	119	31	0	0	*	2
1155	46201	121	30	0	0	*	2
1156	46241	123	29	0	0	*	2
1157	46281	126	28	0	0	*	2
1158	46321	128	27	0	0	*	2
1159	46361	131	26	0	0	*	2
1160	46401	133	25	0	0	*	2
1161	46441	134	25	0	0	*	2
1162	46481	136	25	0	0	*	2
1163	46521	139	24	0	0	*	2
1164	46561	141	24	0	0	*	2
1165	46601	143	24	0	0	*	2
1166	46641	145	24	0	0	*	2
1167	46681	147	25	0	0	*	2
1168	46721	150	25	0	0	*	2
1169	46761	152	25	0	0	*	2
1170	46801	154	26	0	0	*	2
1171	46841	157	26	0	0	*	2
1172	46881	158	27	0	0	*	2
1173	46921	160	27	0	0	*	2
1174	46961	162	27	0	0	*	2
1175	47001	164	28	0	0	*	2
1176	47041	166	29	0	0	*	2
1177	47081	170	30	0	0	*	2
1178	47121	170	31	0	0	*	2
1179	47161	172	32	0	0	*	2
1180	47201	174	33	0	0	*	2
1181	47241	176	34	0	0	*	2
1182	47281	180	37	0	0	*	2
1183	47321	180	37	0	0	*	2
1184	47361	182	38	0	0	*	2
1185	47401	184	39	0	0	*	2
1186	47441	186	41	0	0	*	2
1187	47481	188	42	0	0	*	2
1188	47521	190	44	0	0	*	2
1189	47561	194	47	0	0	*	2
1190	47601	193	47	0	0	*	2
1191	47641	194	48	0	0	*	2
1192	47681	196	49	0	0	*	2
1193	47721	198	51	0	0	*	2
1194	47761	199	53	0	0	*	2
1195	47801	203	56	0	0	*	2
1196	47841	203	56	0	0	*	2
1197	47881	204	58	0	0	*	2
1198	47921	207	61	0	0	*	2
1199	47961	209	63	0	0	*	2
1200	48001	211	66	0	0	*	2
1201	48041	212	67	0	0	*	2
1202	48081	212	67	0	0	*	2
1203	48121	213	68	0	0	*	2
1204	48161	215	70	0	0	*	2
1205	48201	217	72	0	0	*	2
1206	48241	220	75	0	0	*	2
1207	48281	221	77	0	0	*	2
1208	48321	223	78	0	0	*	2
1209	48361	222	78	0	0	*	2
1210	48401	224	80	0	0	*	2
1211	48441	226	83	0	0	*	2
1212	48481	228	85	0	0	*	2
1213	48521	230	87	0	0	*	2
1214	48561	230	88	0	0	*	2
1215	48601	231	90	0	0	*	2
1216	48641	232	91	0	0	*	2
1217	48681	233	93	0	0	*	2
1218	48721	234	95	0	0	*	2
1219	48761	234	96	0	0	*	2
1220	48801	234	97	0	0	*	2
1221	48841	235	100	0	0	*	2
1222	48881	235	100	0	0	*	2
1223	48921	234	100	0	0	*	2
1224	48961	234	102	0	0	*	2
1225	49001	234	103	0	0	*	2
1226	49041	233	105	0	0	*	2
1227	49081	232	108	0	0	*	2
1228	49121	232	109	0	0	*	2
1229	49161	231	110	0	0	*	2
1230	49201	229	113	0	0	*	2
1231	49241	229	114	0	0	*	2
1232	49281	228	115	0	0	*	2
1233	49321	226	116	0	0	*	2
1234	49361	225	118	0	0	*	2
1235	49401	224	119	0	0	*	2
1236	49441	223	120	0	0	*	2
1237	49481	222	121	0	0	*	2
1238	49521	221	123	0	0	*	2
1239	49561	219	124	0	0	*	2
1240	49601	218	125	0	0	*	2
1241	49641	217	126	0	0	*	2
1242	49681	215	128	0	0	*	2
1243	49721	214	129	0	0	*	2
1244	49761	214	128	0	0	*	2
1245	49801	211	131	0	0	*	2
1246	49841	210	131	0	0	*	2
1247	49881	209	132	0	0	*	2
1248	49921	206	134	0	0	*	2
1249	49961	204	136	0	0	*	2
1250	50001	202	137	0	0	*	2
1251	50041	200	138	0	0	*	2
1252	50081	200	138	0	0	*	2
1253	50121	198	139	0	0	*	2
1254	50161	197	140	0	0	*	2
1255	50201	194	141	0	0	*	2
1256	50241	192	142	0	0	*	2
1257	50281	191	143	0	0	*	2
1258	50321	188	144	0	0	*	2
1259	50361	186	145	0	0	*	2
1260	50401	184	145	0	0	*	2
1261	50441	182	146	0	0	*	2
1262	50481	180	147	0	0	*	2
1263	50521	178	148	0	0	*	2
1264	50561	175	149	0	0	*	2
1265	50601	173	150	0	0	*	2
1266	50641	170	151	0	0	*	2
1267	50681	169	151	0	0	*	2
1268	50721	166	152	0	0	*	2
1269	50761	164	153	0	0	*	2
1270	50801	162	153	0	0	*	2
1271	50841	160	154	0	0	*	2
1272	50881	157	155	0	0	*	2
1273	50921	154	156	0	0	*	2
1274	50961	153	157	0	0	*	2
1275	51001	150	157	0	0	*	2
1276	51041	149	158	0	0	*	2
1277	51081	146	159	0	0	*	2
1278	51121	143	161	0	0	*	2
1279	51161	141	161	0	0	*	2
1280	51201	139	162	0	0	*	2
1281	51241	137	162	0	0	*	2
1282	51281	135	163	0	0	*	2
1283	51321	133	164	0	0	*	2
1284	51361	129	166	0	0	*	2
1285	51401	125	167	0	0	*	2
1286	51441	123	168	0	0	*	2
1287	51481	124	167	0	0	*	2
1288	51521	122	168	0	0	*	2
1289	51561	121	169	0	0	*	2
1290	51601	117	170	0	0	*	2
1291	51641	115	171	0	0	*	2
1292	51681	112	172	0	0	*	2
1293	51721	111	172	0	0	*	2
1294	51761	109	173	0	0	*	2
1295	51801	106	174	0	0	*	2
1296	51841	103	176	0	0	*	2
1297	51881	101	176	0	0	*	2
1298	51921	99	177	0	0	*	2
1299	51961	97	177	0	0	*	2
1300	52001	96	178	0	0	*	2
1301	52041	93	179	0	0	*	2
1302	52081	90	180	0	0	*	2
1303	52121	88	180	0	0	*	2
1304	52161	86	181	0	0	*	2
1305	52201	84	181	0	0	*	2
1306	52241	82	182	0	0	*	2
1307	52281	79	183	0	0	*	2
1308	52321	77	183	0	0	*	2
1309	52361	75	184	0	0	*	2
1310	52401	73	184	0	0	*	2
1311	52441	71	185	0	0	*	2
1312	52481	70	185	0	1	*	2
1313	52521	68	185	0	1	*	2
1314	52561	67	185	0	1	*	2
1315	52601	66	185	0	1	*	2
1316	52641	65	186	0	1	*	2
1317	52681	64	187	0	1	*	2
1318	52721	63	186	0	1	*	2
1319	52761	63	187	0	1	*	2
1320	52801	64	187	0	1	*	2
1321	52841	64	187	0	1	*	2
1322	52881	64	188	0	1	*	2
1323	52921	63	188	0	1	*	2
1324	52961	63	189	0	1	*	2
1325	53001	63	190	0	1	*	2
1326	53041	62	191	0	1	*	2
1327	53081	62	192	0	1	*	2
1328	53121	62	193	0	1	*	2
1329	53161	63	194	0	1	*	2
1330	53201	63	194	0	1	*	2
1331	53241	63	195	0	1	*	2
1332	53281	64	195	0	1	*	2
1333	53321	64	195	0	1	*	2
1334	53361	65	196	0	1	*	2
1335	53401	65	197	0	1	*	2
1336	53441	66	198	0	1	*	2
1337	53481	67	199	0	1	*	2
1338	53521	68	199	0	1	*	2
1339	53561	68	199	0	1	*	2
1340	53601	68	199	0	1	*	2
1341	53641	67	199	0	1	*	2
1342	53681	67	199	0	1	*	2
1343	53721	66	199	0	1	*	2
1344	53761	65	199	0	1	*	2
1345	53801	63	199	0	1	*	2
1346	53841	62	199	0	1	*	2
1347	53881	61	199	0	1	*	2
1348	53921	60	199	0	1	*	2
1349	53961	59	199	0	0	*	2
1350	54001	59	199	0	0	*	2
1351	54041	58	199	0	0	*	2
1352	54081	58	199	0	0	*	2
1353	54121	58	199	0	0	*	2
1354	54161	58	198	0	0	*	2
1355	54201	58	198	0	0	*	2
1356	54241	58	197	0	1	*	2
1357	54281	58	197	0	1	*	2
1358	54321	58	196	0	1	*	2
1359	54361	58	195	0	1	*	2
1360	54401	57	195	0	1	*	2
1361	54441	56	194	0	0	*	2
1362	54481	56	193	0	1	*	2
1363	54521	56	192	0	1	*	2
1364	54561	56	192	0	0	*	2
1365	54601	56	191	0	0	*	2
1366	54641	55	191	0	0	*	2
1367	54681	55	190	0	0	*	2
1368	54721	55	190	0	0	*	2
1369	54761	55	190	0	0	*	2
1370	54801	56	190	0	1	*	2
1371	54841	56	191	0	1	*	2
1372	54881	56	191	0	1	*	2
1373	54921	57	191	0	1	*	2
1374	54961	57	191	0	1	*	2
1375	55001	58	191	0	1	*	2
1376	55041	58	190	0	1	*	2
1377	55081	59	189	0	1	*	2
1378	55121	59	188	0	1	*	2
1379	55161	59	187	0	1	*	2
1380	55201	60	186	0	1	*	2
1381	55241	60	186	0	1	*	2
1382	55281	61	186	0	1	*	2
1383	55321	61	186	0	1	*	2
1384	55361	61	185	0	1	*	2
1385	55401	62	185	0	1	*	2
1386	55441	63	185	0	1	*	2
1387	55481	63	184	0	1	*	2
1388	55521	64	184	0	1	*	2
1389	55561	64	184	0	1	*	2
1390	55601	63	184	0	1	*	2
1391	55641	63	184	0	1	*	2
1392	55681	63	184	0	1	*	2
1393	55721	63	185	0	1	*	2
1394	55761	62	185	0	1	*	2
1395	55801	62	185	0	1	*	2
1396	55841	61	186	0	1	*	2
1397	55881	61	186	0	1	*	2
1398	55921	61	187	0	1	*	2
1399	55961	60	188	0	1	*	2
1400	56001	59	188	0	1	*	2
1401	56041	59	189	0	1	*	2
1402	56081	59	189	0	1	*	2
1403	56121	58	190	0	1	*	2
