%%BEGIN_HEADER
	%%BEGIN DATABASE_INFORMATION
		%Date.0 ( 16.10.2019 )
		%Time.0 ( 12:40 )
	%%END DATABASE_INFORMATION
	%%BEGIN SETUP_INFORMATION
		%TrackerVersion.0 ( Tracker version 2.38 release 12.8.2012 )
		%ElapsedTime_ms.0 ( 63291 )
		%Paradigm.0 ( PlacePreference )
		%FeederParameters.0 ( 1500 0 )
			// %FeederParameters.0 ( ENTRANCE_LATENCY EXIT_LATENCY )
		%ElapsedPath_m.0 ( 0.00 )
		%ArenaDiameter_m.0 ( 1.80 )
		%TrackerResolution_PixPerCM.0 ( 1.4222 )
		%ArenaCenterXY.0 ( 127.5 127.5 )
		%Frame.0 ( RoomFrame )
		%ReinforcedSector.0 ( 64.3907 64.3907 7 )
			//%ReinforcedSector.0 ( CENTER_X CENTER_Y RADIUS )
		%RoomTrackReinforcedSector.0 ( 64.3907 64.3907 7 )
			//%RoomTrackReinforcedSector.0 ( CENTER_X CENTER_Y RADIUS )
	%%END SETUP_INFORMATION
	%%BEGIN RECORD_FORMAT
		%Sample.0 ( FrameCount 1msTimeStamp RoomX RoomY Sectors State Flags FrameInfo )
			//Sectors indicate if the object is in a target. Number is binary coded. Sectors = 0: no target, Sectors = 1: room target, Sectors: = 2 arena target, Sectors: = 3 room and arena target
			////State indicates the Watermaze State: OutsideTarget = 0, EntranceLatency = 1, InsideTarget = 3, OutsideRefractory = 4, BadSpot = 5
			//FrameInfo indicates succesfuly tracked spots: ReferencePoint * 2^0 + Spot0 * 2^(1+0) + Spot1 * 2^(1+1) + Spot2 * 2^(1+2) .... 
	%%END RECORD_FORMAT
%%END_HEADER
1	51	241	139	0	0	*	2
2	91	240	139	0	0	*	2
3	131	237	139	0	0	*	2
4	171	235	140	0	0	*	2
5	211	233	140	0	0	*	2
6	251	231	140	0	0	*	2
7	291	229	139	0	0	*	2
8	331	227	139	0	0	*	2
9	371	223	139	0	0	*	2
10	411	220	138	0	0	*	2
11	451	218	138	0	0	*	2
12	491	215	137	0	0	*	2
13	531	216	138	0	0	*	2
14	571	210	137	0	0	*	2
15	611	207	137	0	0	*	2
16	651	205	137	0	0	*	2
17	691	203	137	0	0	*	2
18	731	200	138	0	0	*	2
19	771	197	139	0	0	*	2
20	811	195	139	0	0	*	2
21	851	192	140	0	0	*	2
22	891	190	140	0	0	*	2
23	931	187	142	0	0	*	2
24	971	184	143	0	0	*	2
25	1011	182	144	0	0	*	2
26	1051	179	146	0	0	*	2
27	1091	177	147	0	0	*	2
28	1131	174	148	0	0	*	2
29	1171	171	150	0	0	*	2
30	1211	169	151	0	0	*	2
31	1251	167	152	0	0	*	2
32	1291	164	154	0	0	*	2
33	1331	162	155	0	0	*	2
34	1371	159	157	0	0	*	2
35	1411	157	158	0	0	*	2
36	1451	154	159	0	0	*	2
37	1491	152	160	0	0	*	2
38	1531	149	162	0	0	*	2
39	1571	146	163	0	0	*	2
40	1611	145	164	0	0	*	2
41	1651	142	166	0	0	*	2
42	1691	139	167	0	0	*	2
43	1731	137	169	0	0	*	2
44	1771	134	171	0	0	*	2
45	1811	132	172	0	0	*	2
46	1851	130	173	0	0	*	2
47	1891	127	175	0	0	*	2
48	1931	125	177	0	0	*	2
49	1971	123	179	0	0	*	2
50	2011	121	181	0	0	*	2
51	2051	119	182	0	0	*	2
52	2091	116	184	0	0	*	2
53	2131	114	186	0	0	*	2
54	2171	112	187	0	0	*	2
55	2211	110	190	0	0	*	2
56	2251	108	191	0	0	*	2
57	2291	106	193	0	0	*	2
58	2331	104	195	0	0	*	2
59	2371	102	197	0	0	*	2
60	2411	100	199	0	0	*	2
61	2451	98	201	0	0	*	2
62	2491	96	202	0	0	*	2
63	2531	93	204	0	0	*	2
64	2571	91	206	0	0	*	2
65	2611	89	207	0	0	*	2
66	2651	86	209	0	0	*	2
67	2691	85	210	0	0	*	2
68	2731	82	211	0	0	*	2
69	2771	79	212	0	0	*	2
70	2811	77	213	0	0	*	2
71	2851	74	214	0	0	*	2
72	2891	72	215	0	0	*	2
73	2931	69	216	0	0	*	2
74	2971	66	216	0	0	*	2
75	3011	64	217	0	0	*	2
76	3051	61	217	0	0	*	2
77	3091	59	217	0	0	*	2
78	3131	56	218	0	0	*	2
79	3171	53	218	0	0	*	2
80	3211	51	218	0	0	*	2
81	3251	49	218	0	0	*	2
82	3291	52	217	0	0	*	2
83	3331	50	217	0	0	*	2
84	3371	44	215	0	0	*	2
85	3411	48	215	0	0	*	2
86	3451	46	214	0	0	*	2
87	3491	45	213	0	0	*	2
88	3531	44	212	0	0	*	2
89	3571	43	210	0	0	*	2
90	3611	43	209	0	0	*	2
91	3651	42	207	0	0	*	2
92	3691	41	205	0	0	*	2
93	3731	40	203	0	0	*	2
94	3771	39	201	0	0	*	2
95	3811	38	199	0	0	*	2
96	3851	37	197	0	0	*	2
97	3891	36	195	0	0	*	2
98	3931	36	192	0	0	*	2
99	3971	34	190	0	0	*	2
100	4011	33	187	0	0	*	2
101	4051	33	185	0	0	*	2
102	4091	32	183	0	0	*	2
103	4131	31	180	0	0	*	2
104	4171	29	170	0	0	*	2
105	4211	29	175	0	0	*	2
106	4251	29	172	0	0	*	2
107	4291	27	162	0	0	*	2
108	4331	27	160	0	0	*	2
109	4371	26	157	0	0	*	2
110	4411	26	154	0	0	*	2
111	4451	26	159	0	0	*	2
112	4491	26	156	0	0	*	2
113	4531	26	153	0	0	*	2
114	4571	25	143	0	0	*	2
115	4611	24	140	0	0	*	2
116	4651	24	145	0	0	*	2
117	4691	24	136	0	0	*	2
118	4731	23	133	0	0	*	2
119	4771	23	130	0	0	*	2
120	4811	22	127	0	0	*	2
121	4851	23	132	0	0	*	2
122	4891	22	129	0	0	*	2
123	4931	22	119	0	0	*	2
124	4971	21	116	0	0	*	2
125	5011	21	114	0	0	*	2
126	5051	21	111	0	0	*	2
127	5091	21	108	0	0	*	2
128	5131	21	112	0	0	*	2
129	5171	21	109	0	0	*	2
130	5211	21	100	0	0	*	2
131	5251	20	97	0	0	*	2
132	5291	20	94	0	0	*	2
133	5331	20	98	0	0	*	2
134	5371	20	96	0	0	*	2
135	5411	21	93	0	0	*	2
136	5451	22	84	0	0	*	2
137	5491	21	88	0	0	*	2
138	5531	21	85	0	0	*	2
139	5571	21	83	0	0	*	2
140	5611	21	80	0	0	*	2
141	5651	21	76	0	0	*	2
142	5691	21	73	0	0	*	2
143	5731	21	71	0	0	*	2
144	5771	22	69	0	0	*	2
145	5811	23	67	0	0	*	2
146	5851	23	65	0	0	*	2
147	5891	24	62	0	0	*	2
148	5931	24	61	0	0	*	2
149	5971	25	59	0	0	*	2
150	6011	26	58	0	0	*	2
151	6051	27	56	0	0	*	2
152	6091	28	54	0	0	*	2
153	6131	30	52	0	0	*	2
154	6171	32	51	0	0	*	2
155	6211	34	49	0	0	*	2
156	6251	36	47	0	0	*	2
157	6291	37	46	0	0	*	2
158	6331	39	45	0	0	*	2
159	6371	40	44	0	0	*	2
160	6411	42	43	0	0	*	2
161	6451	45	42	0	0	*	2
162	6491	46	41	0	0	*	2
163	6531	49	40	0	0	*	2
164	6571	51	39	0	0	*	2
165	6611	53	39	0	0	*	2
166	6651	56	38	0	0	*	2
167	6691	58	38	0	0	*	2
168	6731	61	37	0	0	*	2
169	6771	71	39	0	0	*	2
170	6811	67	38	0	0	*	2
171	6851	69	38	0	0	*	2
172	6891	78	41	0	0	*	2
173	6931	80	42	0	0	*	2
174	6971	82	43	0	0	*	2
175	7011	84	44	0	0	*	2
176	7051	85	45	0	0	*	2
177	7091	83	43	0	0	*	2
178	7131	89	48	0	0	*	2
179	7171	91	49	0	0	*	2
180	7211	93	51	0	0	*	2
181	7251	94	53	0	0	*	2
182	7291	96	55	0	0	*	2
183	7331	97	56	0	0	*	2
184	7371	99	58	0	0	*	2
185	7411	100	60	0	0	*	2
186	7451	102	62	0	0	*	2
187	7491	103	64	0	0	*	2
188	7531	105	67	0	0	*	2
189	7571	107	69	0	0	*	2
190	7611	108	70	0	0	*	2
191	7651	109	73	0	0	*	2
192	7691	111	74	0	0	*	2
193	7731	112	77	0	0	*	2
194	7771	114	79	0	0	*	2
195	7811	115	81	0	0	*	2
196	7851	117	84	0	0	*	2
197	7891	118	86	0	0	*	2
198	7931	120	88	0	0	*	2
199	7971	122	90	0	0	*	2
200	8011	123	92	0	0	*	2
201	8051	124	94	0	0	*	2
202	8091	126	96	0	0	*	2
203	8131	128	98	0	0	*	2
204	8171	130	100	0	0	*	2
205	8211	131	102	0	0	*	2
206	8251	133	104	0	0	*	2
207	8291	134	107	0	0	*	2
208	8331	136	109	0	0	*	2
209	8371	138	111	0	0	*	2
210	8411	140	113	0	0	*	2
211	8451	142	115	0	0	*	2
212	8491	144	116	0	0	*	2
213	8531	146	118	0	0	*	2
214	8571	147	120	0	0	*	2
215	8611	149	122	0	0	*	2
216	8651	152	124	0	0	*	2
217	8691	153	126	0	0	*	2
218	8731	155	127	0	0	*	2
219	8771	158	130	0	0	*	2
220	8811	159	131	0	0	*	2
221	8851	161	133	0	0	*	2
222	8891	163	135	0	0	*	2
223	8931	165	136	0	0	*	2
224	8971	167	138	0	0	*	2
225	9011	170	139	0	0	*	2
226	9051	171	141	0	0	*	2
227	9091	174	143	0	0	*	2
228	9131	175	145	0	0	*	2
229	9171	177	146	0	0	*	2
230	9211	180	148	0	0	*	2
231	9251	182	150	0	0	*	2
232	9291	183	151	0	0	*	2
233	9331	186	153	0	0	*	2
234	9371	188	155	0	0	*	2
235	9411	190	157	0	0	*	2
236	9451	192	158	0	0	*	2
237	9491	194	159	0	0	*	2
238	9531	196	161	0	0	*	2
239	9571	198	162	0	0	*	2
240	9611	200	164	0	0	*	2
241	9651	202	166	0	0	*	2
242	9691	204	167	0	0	*	2
243	9731	206	168	0	0	*	2
244	9771	209	170	0	0	*	2
245	9811	211	171	0	0	*	2
246	9851	208	169	0	0	*	2
247	9891	210	171	0	0	*	2
248	9931	217	176	0	0	*	2
249	9971	219	177	0	0	*	2
250	10011	216	175	0	0	*	2
251	10051	218	176	0	0	*	2
252	10091	220	178	0	0	*	2
253	10131	222	179	0	0	*	2
254	10171	224	180	0	0	*	2
255	10211	226	181	0	0	*	2
256	10251	228	181	0	0	*	2
257	10291	229	181	0	0	*	2
258	10331	230	182	0	0	*	2
259	10371	231	182	0	0	*	2
260	10411	232	182	0	0	*	2
261	10451	232	182	0	0	*	2
262	10491	232	182	0	0	*	2
263	10531	231	183	0	0	*	2
264	10571	231	183	0	0	*	2
265	10611	232	184	0	0	*	2
266	10651	232	185	0	0	*	2
267	10691	233	185	0	0	*	2
268	10731	232	186	0	0	*	2
269	10771	231	187	0	0	*	2
270	10811	230	187	0	0	*	2
271	10851	228	188	0	0	*	2
272	10891	227	189	0	0	*	2
273	10931	225	191	0	0	*	2
274	10971	224	191	0	0	*	2
275	11011	223	191	0	0	*	2
276	11051	222	192	0	0	*	2
277	11091	221	192	0	0	*	2
278	11131	219	193	0	0	*	2
279	11171	218	194	0	0	*	2
280	11211	217	194	0	0	*	2
281	11251	219	192	0	0	*	2
282	11291	218	193	0	0	*	2
283	11331	216	193	0	0	*	2
284	11371	215	193	0	0	*	2
285	11411	213	194	0	0	*	2
286	11451	212	195	0	0	*	2
287	11491	210	195	0	0	*	2
288	11531	202	196	0	0	*	2
289	11571	200	196	0	0	*	2
290	11611	197	196	0	0	*	2
291	11651	195	196	0	0	*	2
292	11691	193	196	0	0	*	2
293	11731	190	196	0	0	*	2
294	11771	188	197	0	0	*	2
295	11811	185	197	0	0	*	2
296	11851	182	197	0	0	*	2
297	11891	181	197	0	0	*	2
298	11931	178	197	0	0	*	2
299	11971	175	197	0	0	*	2
300	12011	172	198	0	0	*	2
301	12051	170	198	0	0	*	2
302	12091	168	198	0	0	*	2
303	12131	165	198	0	0	*	2
304	12171	162	199	0	0	*	2
305	12211	159	199	0	0	*	2
306	12251	157	200	0	0	*	2
307	12291	154	201	0	0	*	2
308	12331	152	201	0	0	*	2
309	12371	149	202	0	0	*	2
310	12411	146	203	0	0	*	2
311	12451	144	205	0	0	*	2
312	12491	141	206	0	0	*	2
313	12531	139	207	0	0	*	2
314	12571	136	208	0	0	*	2
315	12611	134	209	0	0	*	2
316	12651	131	210	0	0	*	2
317	12691	128	212	0	0	*	2
318	12731	126	213	0	0	*	2
319	12771	123	214	0	0	*	2
320	12811	121	215	0	0	*	2
321	12851	119	217	0	0	*	2
322	12891	116	218	0	0	*	2
323	12931	114	220	0	0	*	2
324	12971	111	220	0	0	*	2
325	13011	109	222	0	0	*	2
326	13051	107	223	0	0	*	2
327	13091	104	225	0	0	*	2
328	13131	102	227	0	0	*	2
329	13171	100	228	0	0	*	2
330	13211	98	229	0	0	*	2
331	13251	96	231	0	0	*	2
332	13291	95	232	0	0	*	2
333	13331	93	234	0	0	*	2
334	13371	93	235	0	0	*	2
335	13411	92	237	0	0	*	2
336	13451	92	239	0	0	*	2
337	13491	94	235	0	0	*	2
338	13531	94	236	0	0	*	2
339	13571	94	236	0	0	*	2
340	13611	95	237	0	0	*	2
341	13651	95	238	0	0	*	2
342	13691	95	238	0	0	*	2
343	13731	99	240	0	0	*	2
344	13771	100	238	0	0	*	2
345	13811	101	235	0	0	*	2
346	13851	101	233	0	0	*	2
347	13891	98	233	0	0	*	2
348	13931	97	232	0	0	*	2
349	13971	97	231	0	0	*	2
350	14011	98	229	0	0	*	2
351	14051	100	223	0	0	*	2
352	14091	98	224	0	0	*	2
353	14131	98	223	0	0	*	2
354	14171	97	221	0	0	*	2
355	14211	98	214	0	0	*	2
356	14251	98	212	0	0	*	2
357	14291	97	209	0	0	*	2
358	14331	97	207	0	0	*	2
359	14371	97	204	0	0	*	2
360	14411	97	201	0	0	*	2
361	14451	96	199	0	0	*	2
362	14491	96	196	0	0	*	2
363	14531	95	193	0	0	*	2
364	14571	95	191	0	0	*	2
365	14611	95	188	0	0	*	2
366	14651	94	186	0	0	*	2
367	14691	94	184	0	0	*	2
368	14731	94	180	0	0	*	2
369	14771	93	178	0	0	*	2
370	14811	93	175	0	0	*	2
371	14851	93	172	0	0	*	2
372	14891	92	170	0	0	*	2
373	14931	91	166	0	0	*	2
374	14971	91	164	0	0	*	2
375	15011	91	162	0	0	*	2
376	15051	90	159	0	0	*	2
377	15091	90	156	0	0	*	2
378	15131	90	153	0	0	*	2
379	15171	89	150	0	0	*	2
380	15211	89	148	0	0	*	2
381	15251	89	145	0	0	*	2
382	15291	89	142	0	0	*	2
383	15331	89	140	0	0	*	2
384	15371	88	137	0	0	*	2
385	15411	88	134	0	0	*	2
386	15451	88	132	0	0	*	2
387	15491	88	129	0	0	*	2
388	15531	88	126	0	0	*	2
389	15571	88	123	0	0	*	2
390	15611	88	120	0	0	*	2
391	15651	88	117	0	0	*	2
392	15691	88	115	0	0	*	2
393	15731	88	112	0	0	*	2
394	15771	88	110	0	0	*	2
395	15811	88	107	0	0	*	2
396	15851	88	104	0	0	*	2
397	15891	88	101	0	0	*	2
398	15931	88	99	0	0	*	2
399	15971	89	96	0	0	*	2
400	16011	89	93	0	0	*	2
401	16051	89	91	0	0	*	2
402	16091	89	88	0	0	*	2
403	16131	90	86	0	0	*	2
404	16171	90	83	0	0	*	2
405	16211	91	80	0	0	*	2
406	16251	92	78	0	0	*	2
407	16291	92	75	0	0	*	2
408	16331	93	73	0	0	*	2
409	16371	94	70	0	0	*	2
410	16411	95	68	0	0	*	2
411	16451	96	66	0	0	*	2
412	16491	97	63	0	0	*	2
413	16531	97	61	0	0	*	2
414	16571	98	58	0	0	*	2
415	16611	99	56	0	0	*	2
416	16651	100	54	0	0	*	2
417	16691	102	51	0	0	*	2
418	16731	103	49	0	0	*	2
419	16771	104	47	0	0	*	2
420	16811	105	45	0	0	*	2
421	16851	107	43	0	0	*	2
422	16891	108	41	0	0	*	2
423	16931	109	39	0	0	*	2
424	16971	111	37	0	0	*	2
425	17011	113	36	0	0	*	2
426	17051	115	34	0	0	*	2
427	17091	117	33	0	0	*	2
428	17131	119	31	0	0	*	2
429	17171	121	30	0	0	*	2
430	17211	123	30	0	0	*	2
431	17251	125	29	0	0	*	2
432	17291	127	29	0	0	*	2
433	17331	129	29	0	0	*	2
434	17371	131	29	0	0	*	2
435	17411	133	29	0	0	*	2
436	17451	134	29	0	0	*	2
437	17491	136	30	0	0	*	2
438	17531	138	31	0	0	*	2
439	17571	139	31	0	0	*	2
440	17611	141	32	0	0	*	2
441	17651	143	33	0	0	*	2
442	17691	144	35	0	0	*	2
443	17731	146	36	0	0	*	2
444	17771	146	37	0	0	*	2
445	17811	148	39	0	0	*	2
446	17851	149	40	0	0	*	2
447	17891	151	41	0	0	*	2
448	17931	152	43	0	0	*	2
449	17971	154	45	0	0	*	2
450	18011	155	46	0	0	*	2
451	18051	157	48	0	0	*	2
452	18091	158	50	0	0	*	2
453	18131	159	52	0	0	*	2
454	18171	160	54	0	0	*	2
455	18211	161	56	0	0	*	2
456	18251	162	58	0	0	*	2
457	18291	164	61	0	0	*	2
458	18331	165	62	0	0	*	2
459	18371	167	65	0	0	*	2
460	18411	168	67	0	0	*	2
461	18451	169	69	0	0	*	2
462	18491	170	71	0	0	*	2
463	18531	172	74	0	0	*	2
464	18571	173	76	0	0	*	2
465	18611	175	78	0	0	*	2
466	18651	176	80	0	0	*	2
467	18691	178	82	0	0	*	2
468	18731	179	84	0	0	*	2
469	18771	181	86	0	0	*	2
470	18811	182	89	0	0	*	2
471	18851	184	91	0	0	*	2
472	18891	185	93	0	0	*	2
473	18931	187	95	0	0	*	2
474	18971	188	97	0	0	*	2
475	19011	190	100	0	0	*	2
476	19051	192	102	0	0	*	2
477	19091	193	104	0	0	*	2
478	19131	194	106	0	0	*	2
479	19171	196	108	0	0	*	2
480	19211	197	110	0	0	*	2
481	19251	199	113	0	0	*	2
482	19291	200	115	0	0	*	2
483	19331	202	116	0	0	*	2
484	19371	203	119	0	0	*	2
485	19411	205	121	0	0	*	2
486	19451	206	123	0	0	*	2
487	19491	208	126	0	0	*	2
488	19531	209	128	0	0	*	2
489	19571	210	130	0	0	*	2
490	19611	212	133	0	0	*	2
491	19651	213	134	0	0	*	2
492	19691	214	137	0	0	*	2
493	19731	215	139	0	0	*	2
494	19771	216	141	0	0	*	2
495	19811	217	144	0	0	*	2
496	19851	217	147	0	0	*	2
497	19891	218	149	0	0	*	2
498	19931	219	152	0	0	*	2
499	19971	219	154	0	0	*	2
500	20011	219	157	0	0	*	2
501	20051	220	160	0	0	*	2
502	20091	221	162	0	0	*	2
503	20131	221	164	0	0	*	2
504	20171	221	161	0	0	*	2
505	20211	221	163	0	0	*	2
506	20251	222	172	0	0	*	2
507	20291	221	168	0	0	*	2
508	20331	222	170	0	0	*	2
509	20371	222	173	0	0	*	2
510	20411	222	175	0	0	*	2
511	20451	221	178	0	0	*	2
512	20491	221	180	0	0	*	2
513	20531	221	183	0	0	*	2
514	20571	220	185	0	0	*	2
515	20611	220	187	0	0	*	2
516	20651	219	190	0	0	*	2
517	20691	219	192	0	0	*	2
518	20731	218	194	0	0	*	2
519	20771	215	202	0	0	*	2
520	20811	214	205	0	0	*	2
521	20851	216	201	0	0	*	2
522	20891	215	203	0	0	*	2
523	20931	214	205	0	0	*	2
524	20971	212	207	0	0	*	2
525	21011	211	209	0	0	*	2
526	21051	210	210	0	0	*	2
527	21091	209	212	0	0	*	2
528	21131	208	213	0	0	*	2
529	21171	206	215	0	0	*	2
530	21211	198	221	0	0	*	2
531	21251	203	218	0	0	*	2
532	21291	201	220	0	0	*	2
533	21331	199	221	0	0	*	2
534	21371	197	222	0	0	*	2
535	21411	188	226	0	0	*	2
536	21451	186	227	0	0	*	2
537	21491	184	228	0	0	*	2
538	21531	188	227	0	0	*	2
539	21571	186	228	0	0	*	2
540	21611	184	228	0	0	*	2
541	21651	182	229	0	0	*	2
542	21691	180	230	0	0	*	2
543	21731	177	230	0	0	*	2
544	21771	175	231	0	0	*	2
545	21811	173	232	0	0	*	2
546	21851	170	232	0	0	*	2
547	21891	161	234	0	0	*	2
548	21931	158	234	0	0	*	2
549	21971	163	234	0	0	*	2
550	22011	161	234	0	0	*	2
551	22051	158	235	0	0	*	2
552	22091	148	236	0	0	*	2
553	22131	146	237	0	0	*	2
554	22171	144	237	0	0	*	2
555	22211	141	238	0	0	*	2
556	22251	139	238	0	0	*	2
557	22291	136	238	0	0	*	2
558	22331	134	238	0	0	*	2
559	22371	131	239	0	0	*	2
560	22411	128	239	0	0	*	2
561	22451	126	239	0	0	*	2
562	22491	123	239	0	0	*	2
563	22531	121	240	0	0	*	2
564	22571	118	240	0	0	*	2
565	22611	116	240	0	0	*	2
566	22651	112	240	0	0	*	2
567	22691	110	241	0	0	*	2
568	22731	108	240	0	0	*	2
569	22771	105	240	0	0	*	2
570	22811	103	240	0	0	*	2
571	22851	100	241	0	0	*	2
572	22891	97	241	0	0	*	2
573	22931	96	241	0	0	*	2
574	22971	94	242	0	0	*	2
575	23011	92	242	0	0	*	2
576	23051	91	243	0	0	*	2
577	23091	89	243	0	0	*	2
578	23131	87	242	0	0	*	2
579	23171	91	241	0	0	*	2
580	23211	90	241	0	0	*	2
581	23251	88	240	0	0	*	2
582	23291	86	238	0	0	*	2
583	23331	85	237	0	0	*	2
584	23371	84	236	0	0	*	2
585	23411	83	235	0	0	*	2
586	23451	75	230	0	0	*	2
587	23491	80	232	0	0	*	2
588	23531	78	230	0	0	*	2
589	23571	76	229	0	0	*	2
590	23611	75	227	0	0	*	2
591	23651	73	225	0	0	*	2
592	23691	73	224	0	0	*	2
593	23731	71	222	0	0	*	2
594	23771	70	220	0	0	*	2
595	23811	68	218	0	0	*	2
596	23851	67	217	0	0	*	2
597	23891	65	215	0	0	*	2
598	23931	64	213	0	0	*	2
599	23971	59	205	0	0	*	2
600	24011	58	203	0	0	*	2
601	24051	60	207	0	0	*	2
602	24091	55	198	0	0	*	2
603	24131	53	196	0	0	*	2
604	24171	52	194	0	0	*	2
605	24211	51	192	0	0	*	2
606	24251	49	190	0	0	*	2
607	24291	51	194	0	0	*	2
608	24331	50	192	0	0	*	2
609	24371	49	189	0	0	*	2
610	24411	47	187	0	0	*	2
611	24451	42	179	0	0	*	2
612	24491	44	183	0	0	*	2
613	24531	43	180	0	0	*	2
614	24571	41	178	0	0	*	2
615	24611	39	175	0	0	*	2
616	24651	38	173	0	0	*	2
617	24691	36	171	0	0	*	2
618	24731	35	169	0	0	*	2
619	24771	34	167	0	0	*	2
620	24811	32	165	0	0	*	2
621	24851	30	162	0	0	*	2
622	24891	29	161	0	0	*	2
623	24931	27	159	0	0	*	2
624	24971	26	157	0	0	*	2
625	25011	24	155	0	0	*	2
626	25051	23	152	0	0	*	2
627	25091	21	150	0	0	*	2
628	25131	20	148	0	0	*	2
629	25171	18	146	0	0	*	2
630	25211	17	144	0	0	*	2
631	25251	15	142	0	0	*	2
632	25291	12	139	0	0	*	2
633	25331	10	137	0	0	*	2
634	25371	9	135	0	0	*	2
635	25411	8	133	0	0	*	2
636	25451	7	131	0	0	*	2
637	25491	6	129	0	0	*	2
638	25531	6	127	0	0	*	2
639	25571	6	126	0	0	*	2
640	25611	5	124	0	0	*	2
641	25651	5	122	0	0	*	2
642	25691	5	119	0	0	*	2
643	25731	5	117	0	0	*	2
644	25771	5	114	0	0	*	2
645	25811	6	112	0	0	*	2
646	25851	6	109	0	0	*	2
647	25891	7	107	0	0	*	2
648	25931	7	105	0	0	*	2
649	25971	8	103	0	0	*	2
650	26011	9	102	0	0	*	2
651	26051	9	100	0	0	*	2
652	26091	11	99	0	0	*	2
653	26131	11	97	0	0	*	2
654	26171	12	95	0	0	*	2
655	26211	13	94	0	0	*	2
656	26251	14	93	0	0	*	2
657	26291	15	91	0	0	*	2
658	26331	17	89	0	0	*	2
659	26371	18	88	0	0	*	2
660	26411	20	86	0	0	*	2
661	26451	24	84	0	0	*	2
662	26491	26	82	0	0	*	2
663	26531	28	81	0	0	*	2
664	26571	31	80	0	0	*	2
665	26611	33	79	0	0	*	2
666	26651	35	78	0	0	*	2
667	26691	37	77	0	0	*	2
668	26731	40	76	0	0	*	2
669	26771	42	76	0	0	*	2
670	26811	45	75	0	0	*	2
671	26851	47	75	0	0	*	2
672	26891	49	74	0	0	*	2
673	26931	52	74	0	0	*	2
674	26971	54	74	0	0	*	2
675	27011	57	74	0	0	*	2
676	27051	59	74	0	0	*	2
677	27091	61	75	0	0	*	2
678	27131	64	75	0	0	*	2
679	27171	66	75	0	0	*	2
680	27211	68	75	0	0	*	2
681	27251	70	75	0	0	*	2
682	27291	73	76	0	0	*	2
683	27331	75	76	0	0	*	2
684	27371	77	77	0	0	*	2
685	27411	79	77	0	0	*	2
686	27451	82	77	0	0	*	2
687	27491	91	79	0	0	*	2
688	27531	93	80	0	0	*	2
689	27571	89	79	0	0	*	2
690	27611	91	79	0	0	*	2
691	27651	100	81	0	0	*	2
692	27691	103	82	0	0	*	2
693	27731	105	82	0	0	*	2
694	27771	108	83	0	0	*	2
695	27811	104	82	0	0	*	2
696	27851	112	84	0	0	*	2
697	27891	115	85	0	0	*	2
698	27931	111	83	0	0	*	2
699	27971	114	84	0	0	*	2
700	28011	122	87	0	0	*	2
701	28051	125	88	0	0	*	2
702	28091	127	88	0	0	*	2
703	28131	130	89	0	0	*	2
704	28171	133	90	0	0	*	2
705	28211	134	91	0	0	*	2
706	28251	131	89	0	0	*	2
707	28291	139	93	0	0	*	2
708	28331	142	93	0	0	*	2
709	28371	138	92	0	0	*	2
710	28411	146	95	0	0	*	2
711	28451	148	96	0	0	*	2
712	28491	145	94	0	0	*	2
713	28531	153	98	0	0	*	2
714	28571	155	99	0	0	*	2
715	28611	158	101	0	0	*	2
716	28651	160	102	0	0	*	2
717	28691	162	103	0	0	*	2
718	28731	159	101	0	0	*	2
719	28771	167	106	0	0	*	2
720	28811	164	104	0	0	*	2
721	28851	171	109	0	0	*	2
722	28891	173	110	0	0	*	2
723	28931	175	112	0	0	*	2
724	28971	178	113	0	0	*	2
725	29011	180	114	0	0	*	2
726	29051	182	116	0	0	*	2
727	29091	184	117	0	0	*	2
728	29131	186	118	0	0	*	2
729	29171	188	120	0	0	*	2
730	29211	190	121	0	0	*	2
731	29251	192	122	0	0	*	2
732	29291	194	124	0	0	*	2
733	29331	196	125	0	0	*	2
734	29371	192	122	0	0	*	2
735	29411	200	128	0	0	*	2
736	29451	202	130	0	0	*	2
737	29491	204	131	0	0	*	2
738	29531	206	133	0	0	*	2
739	29571	202	130	0	0	*	2
740	29611	204	132	0	0	*	2
741	29651	211	138	0	0	*	2
742	29691	213	139	0	0	*	2
743	29731	215	141	0	0	*	2
744	29771	212	138	0	0	*	2
745	29811	214	140	0	0	*	2
746	29851	216	142	0	0	*	2
747	29891	221	148	0	0	*	2
748	29931	219	146	0	0	*	2
749	29971	224	152	0	0	*	2
750	30011	222	149	0	0	*	2
751	30051	223	151	0	0	*	2
752	30091	224	153	0	0	*	2
753	30131	226	156	0	0	*	2
754	30171	227	158	0	0	*	2
755	30211	228	160	0	0	*	2
756	30251	229	162	0	0	*	2
757	30291	230	164	0	0	*	2
758	30331	230	165	0	0	*	2
759	30371	231	168	0	0	*	2
760	30411	231	170	0	0	*	2
761	30451	232	172	0	0	*	2
762	30491	232	174	0	0	*	2
763	30531	233	177	0	0	*	2
764	30571	233	179	0	0	*	2
765	30611	233	180	0	0	*	2
766	30651	233	182	0	0	*	2
767	30691	233	184	0	0	*	2
768	30731	232	185	0	0	*	2
769	30771	232	186	0	0	*	2
770	30811	231	188	0	0	*	2
771	30851	231	190	0	0	*	2
772	30891	230	191	0	0	*	2
773	30931	229	193	0	0	*	2
774	30971	228	194	0	0	*	2
775	31011	227	195	0	0	*	2
776	31051	226	196	0	0	*	2
777	31091	225	197	0	0	*	2
778	31131	223	199	0	0	*	2
779	31171	222	200	0	0	*	2
780	31211	220	202	0	0	*	2
781	31251	218	204	0	0	*	2
782	31291	217	205	0	0	*	2
783	31331	215	206	0	0	*	2
784	31371	213	207	0	0	*	2
785	31411	211	209	0	0	*	2
786	31451	210	210	0	0	*	2
787	31491	208	211	0	0	*	2
788	31531	206	212	0	0	*	2
789	31571	204	213	0	0	*	2
790	31611	202	214	0	0	*	2
791	31651	200	215	0	0	*	2
792	31691	197	216	0	0	*	2
793	31731	196	217	0	0	*	2
794	31771	193	218	0	0	*	2
795	31811	191	219	0	0	*	2
796	31851	189	220	0	0	*	2
797	31891	187	221	0	0	*	2
798	31931	184	222	0	0	*	2
799	31971	182	223	0	0	*	2
800	32011	179	223	0	0	*	2
801	32051	177	224	0	0	*	2
802	32091	175	225	0	0	*	2
803	32131	172	226	0	0	*	2
804	32171	170	226	0	0	*	2
805	32211	168	227	0	0	*	2
806	32251	166	228	0	0	*	2
807	32291	164	228	0	0	*	2
808	32331	161	229	0	0	*	2
809	32371	159	230	0	0	*	2
810	32411	157	231	0	0	*	2
811	32451	155	231	0	0	*	2
812	32491	153	232	0	0	*	2
813	32531	150	233	0	0	*	2
814	32571	148	234	0	0	*	2
815	32611	146	235	0	0	*	2
816	32651	136	238	0	0	*	2
817	32691	134	239	0	0	*	2
818	32731	132	240	0	0	*	2
819	32771	130	241	0	0	*	2
820	32811	127	242	0	0	*	2
821	32851	125	242	0	0	*	2
822	32891	122	243	0	0	*	2
823	32931	120	243	0	0	*	2
824	32971	118	243	0	0	*	2
825	33011	115	243	0	0	*	2
826	33051	113	243	0	0	*	2
827	33091	110	243	0	0	*	2
828	33131	109	242	0	0	*	2
829	33171	106	242	0	0	*	2
830	33211	104	241	0	0	*	2
831	33251	102	241	0	0	*	2
832	33291	99	240	0	0	*	2
833	33331	97	240	0	0	*	2
834	33371	96	239	0	0	*	2
835	33411	93	238	0	0	*	2
836	33451	91	238	0	0	*	2
837	33491	88	237	0	0	*	2
838	33531	93	239	0	0	*	2
839	33571	91	238	0	0	*	2
840	33611	89	237	0	0	*	2
841	33651	86	236	0	0	*	2
842	33691	85	236	0	0	*	2
843	33731	83	235	0	0	*	2
844	33771	81	234	0	0	*	2
845	33811	78	233	0	0	*	2
846	33851	76	232	0	0	*	2
847	33891	74	232	0	0	*	2
848	33931	72	231	0	0	*	2
849	33971	70	230	0	0	*	2
850	34011	68	229	0	0	*	2
851	34051	66	228	0	0	*	2
852	34091	64	226	0	0	*	2
853	34131	62	226	0	0	*	2
854	34171	61	225	0	0	*	2
855	34211	59	223	0	0	*	2
856	34251	57	222	0	0	*	2
857	34291	55	221	0	0	*	2
858	34331	53	219	0	0	*	2
859	34371	51	218	0	0	*	2
860	34411	49	216	0	0	*	2
861	34451	48	215	0	0	*	2
862	34491	47	213	0	0	*	2
863	34531	45	211	0	0	*	2
864	34571	44	210	0	0	*	2
865	34611	43	209	0	0	*	2
866	34651	41	207	0	0	*	2
867	34691	40	205	0	0	*	2
868	34731	38	203	0	0	*	2
869	34771	37	200	0	0	*	2
870	34811	36	198	0	0	*	2
871	34851	36	196	0	0	*	2
872	34891	34	194	0	0	*	2
873	34931	33	192	0	0	*	2
874	34971	32	189	0	0	*	2
875	35011	31	187	0	0	*	2
876	35051	30	185	0	0	*	2
877	35091	29	183	0	0	*	2
878	35131	28	181	0	0	*	2
879	35171	27	179	0	0	*	2
880	35211	26	177	0	0	*	2
881	35251	25	174	0	0	*	2
882	35291	24	172	0	0	*	2
883	35331	24	169	0	0	*	2
884	35371	23	167	0	0	*	2
885	35411	22	165	0	0	*	2
886	35451	21	163	0	0	*	2
887	35491	20	161	0	0	*	2
888	35531	19	159	0	0	*	2
889	35571	19	156	0	0	*	2
890	35611	18	154	0	0	*	2
891	35651	17	152	0	0	*	2
892	35691	17	150	0	0	*	2
893	35731	16	147	0	0	*	2
894	35771	16	145	0	0	*	2
895	35811	15	143	0	0	*	2
896	35851	15	140	0	0	*	2
897	35891	14	138	0	0	*	2
898	35931	14	136	0	0	*	2
899	35971	13	133	0	0	*	2
900	36011	13	131	0	0	*	2
901	36051	13	128	0	0	*	2
902	36091	12	126	0	0	*	2
903	36131	12	124	0	0	*	2
904	36171	12	121	0	0	*	2
905	36211	11	118	0	0	*	2
906	36251	10	116	0	0	*	2
907	36291	10	113	0	0	*	2
908	36331	9	110	0	0	*	2
909	36371	9	108	0	0	*	2
910	36411	9	105	0	0	*	2
911	36451	9	104	0	0	*	2
912	36491	9	101	0	0	*	2
913	36531	10	99	0	0	*	2
914	36571	10	97	0	0	*	2
915	36611	10	95	0	0	*	2
916	36651	10	93	0	0	*	2
917	36691	11	91	0	0	*	2
918	36731	11	89	0	0	*	2
919	36771	12	87	0	0	*	2
920	36811	13	85	0	0	*	2
921	36851	13	83	0	0	*	2
922	36891	14	81	0	0	*	2
923	36931	15	79	0	0	*	2
924	36971	16	77	0	0	*	2
925	37011	17	76	0	0	*	2
926	37051	18	74	0	0	*	2
927	37091	19	72	0	0	*	2
928	37131	20	71	0	0	*	2
929	37171	21	70	0	0	*	2
930	37211	22	68	0	0	*	2
931	37251	24	67	0	0	*	2
932	37291	25	65	0	0	*	2
933	37331	26	63	0	0	*	2
934	37371	28	62	0	0	*	2
935	37411	29	60	0	0	*	2
936	37451	32	58	0	0	*	2
937	37491	35	55	0	0	*	2
938	37531	36	54	0	0	*	2
939	37571	37	52	0	0	*	2
940	37611	39	51	0	0	*	2
941	37651	41	48	0	0	*	2
942	37691	43	47	0	0	*	2
943	37731	44	45	0	0	*	2
944	37771	46	44	0	0	*	2
945	37811	48	42	0	0	*	2
946	37851	49	40	0	0	*	2
947	37891	51	38	0	0	*	2
948	37931	53	36	0	0	*	2
949	37971	54	34	0	0	*	2
950	38011	56	32	0	0	*	2
951	38051	57	31	0	0	*	2
952	38091	59	29	0	0	*	2
953	38131	61	26	0	0	*	2
954	38171	62	24	0	0	*	2
955	38211	63	23	0	0	*	2
956	38251	65	22	0	0	*	2
957	38291	67	21	0	0	*	2
958	38331	69	19	0	0	*	2
959	38371	70	18	0	0	*	2
960	38411	72	17	0	0	*	2
961	38451	73	16	0	0	*	2
962	38491	74	15	0	0	*	2
963	38531	76	14	0	0	*	2
964	38571	79	13	0	0	*	2
965	38611	81	12	0	0	*	2
966	38651	83	11	0	0	*	2
967	38691	85	11	0	0	*	2
968	38731	87	10	0	0	*	2
969	38771	89	10	0	0	*	2
970	38811	91	10	0	0	*	2
971	38851	93	9	0	0	*	2
972	38891	94	9	0	0	*	2
973	38931	96	9	0	0	*	2
974	38971	99	9	0	0	*	2
975	39011	101	9	0	0	*	2
976	39051	103	9	0	0	*	2
977	39091	106	9	0	0	*	2
978	39131	108	9	0	0	*	2
979	39171	111	9	0	0	*	2
980	39211	114	9	0	0	*	2
981	39251	117	10	0	0	*	2
982	39291	119	10	0	0	*	2
983	39331	129	12	0	0	*	2
984	39371	123	11	0	0	*	2
985	39411	126	11	0	0	*	2
986	39451	128	12	0	0	*	2
987	39491	131	13	0	0	*	2
988	39531	140	16	0	0	*	2
989	39571	142	17	0	0	*	2
990	39611	138	15	0	0	*	2
991	39651	146	19	0	0	*	2
992	39691	142	17	0	0	*	2
993	39731	150	22	0	0	*	2
994	39771	152	23	0	0	*	2
995	39811	154	24	0	0	*	2
996	39851	157	26	0	0	*	2
997	39891	153	23	0	0	*	2
998	39931	160	28	0	0	*	2
999	39971	162	30	0	0	*	2
1000	40011	164	31	0	0	*	2
1001	40051	167	33	0	0	*	2
1002	40091	169	35	0	0	*	2
1003	40131	170	36	0	0	*	2
1004	40171	172	38	0	0	*	2
1005	40211	174	40	0	0	*	2
1006	40251	176	41	0	0	*	2
1007	40291	178	43	0	0	*	2
1008	40331	180	44	0	0	*	2
1009	40371	182	46	0	0	*	2
1010	40411	184	48	0	0	*	2
1011	40451	186	49	0	0	*	2
1012	40491	188	51	0	0	*	2
1013	40531	190	53	0	0	*	2
1014	40571	191	55	0	0	*	2
1015	40611	193	57	0	0	*	2
1016	40651	195	59	0	0	*	2
1017	40691	196	61	0	0	*	2
1018	40731	199	63	0	0	*	2
1019	40771	200	65	0	0	*	2
1020	40811	202	66	0	0	*	2
1021	40851	204	69	0	0	*	2
1022	40891	206	70	0	0	*	2
1023	40931	207	72	0	0	*	2
1024	40971	209	74	0	0	*	2
1025	41011	210	76	0	0	*	2
1026	41051	211	78	0	0	*	2
1027	41091	213	80	0	0	*	2
1028	41131	214	82	0	0	*	2
1029	41171	216	84	0	0	*	2
1030	41211	217	87	0	0	*	2
1031	41251	218	89	0	0	*	2
1032	41291	219	91	0	0	*	2
1033	41331	220	93	0	0	*	2
1034	41371	221	95	0	0	*	2
1035	41411	222	98	0	0	*	2
1036	41451	223	100	0	0	*	2
1037	41491	224	102	0	0	*	2
1038	41531	225	105	0	0	*	2
1039	41571	226	108	0	0	*	2
1040	41611	226	110	0	0	*	2
1041	41651	227	113	0	0	*	2
1042	41691	227	115	0	0	*	2
1043	41731	228	117	0	0	*	2
1044	41771	228	120	0	0	*	2
1045	41811	228	122	0	0	*	2
1046	41851	228	125	0	0	*	2
1047	41891	229	128	0	0	*	2
1048	41931	228	124	0	0	*	2
1049	41971	228	133	0	0	*	2
1050	42011	228	135	0	0	*	2
1051	42051	227	138	0	0	*	2
1052	42091	227	140	0	0	*	2
1053	42131	226	142	0	0	*	2
1054	42171	228	139	0	0	*	2
1055	42211	227	141	0	0	*	2
1056	42251	224	149	0	0	*	2
1057	42291	224	152	0	0	*	2
1058	42331	223	154	0	0	*	2
1059	42371	225	151	0	0	*	2
1060	42411	224	153	0	0	*	2
1061	42451	224	155	0	0	*	2
1062	42491	221	164	0	0	*	2
1063	42531	220	166	0	0	*	2
1064	42571	222	162	0	0	*	2
1065	42611	221	164	0	0	*	2
1066	42651	221	166	0	0	*	2
1067	42691	220	169	0	0	*	2
1068	42731	219	171	0	0	*	2
1069	42771	219	173	0	0	*	2
1070	42811	218	175	0	0	*	2
1071	42851	217	178	0	0	*	2
1072	42891	216	180	0	0	*	2
1073	42931	215	182	0	0	*	2
1074	42971	213	185	0	0	*	2
1075	43011	213	186	0	0	*	2
1076	43051	211	188	0	0	*	2
1077	43091	210	190	0	0	*	2
1078	43131	209	192	0	0	*	2
1079	43171	207	194	0	0	*	2
1080	43211	206	196	0	0	*	2
1081	43251	200	202	0	0	*	2
1082	43291	198	203	0	0	*	2
1083	43331	196	205	0	0	*	2
1084	43371	194	205	0	0	*	2
1085	43411	198	203	0	0	*	2
1086	43451	191	208	0	0	*	2
1087	43491	189	209	0	0	*	2
1088	43531	187	210	0	0	*	2
1089	43571	185	211	0	0	*	2
1090	43611	190	209	0	0	*	2
1091	43651	188	210	0	0	*	2
1092	43691	180	214	0	0	*	2
1093	43731	179	215	0	0	*	2
1094	43771	183	213	0	0	*	2
1095	43811	182	214	0	0	*	2
1096	43851	180	215	0	0	*	2
1097	43891	179	216	0	0	*	2
1098	43931	177	218	0	0	*	2
1099	43971	176	219	0	0	*	2
1100	44011	174	220	0	0	*	2
1101	44051	173	222	0	0	*	2
1102	44091	172	223	0	0	*	2
1103	44131	171	225	0	0	*	2
1104	44171	170	226	0	0	*	2
1105	44211	169	228	0	0	*	2
1106	44251	169	229	0	0	*	2
1107	44291	168	231	0	0	*	2
1108	44331	167	232	0	0	*	2
1109	44371	167	233	0	0	*	2
1110	44411	167	234	0	0	*	2
1111	44451	166	235	0	0	*	2
1112	44491	165	237	0	0	*	2
1113	44531	164	238	0	0	*	2
1114	44571	164	239	0	0	*	2
1115	44611	163	239	0	0	*	2
1116	44651	162	240	0	0	*	2
1117	44691	161	240	0	0	*	2
1118	44731	160	240	0	0	*	2
1119	44771	160	240	0	0	*	2
1120	44811	159	240	0	0	*	2
1121	44851	158	240	0	0	*	2
1122	44891	157	240	0	0	*	2
1123	44931	156	241	0	0	*	2
1124	44971	155	241	0	0	*	2
1125	45011	154	241	0	0	*	2
1126	45051	151	241	0	0	*	2
1127	45091	150	241	0	0	*	2
1128	45131	148	240	0	0	*	2
1129	45171	147	240	0	0	*	2
1130	45211	138	238	0	0	*	2
1131	45251	136	237	0	0	*	2
1132	45291	143	239	0	0	*	2
1133	45331	134	236	0	0	*	2
1134	45371	132	235	0	0	*	2
1135	45411	130	234	0	0	*	2
1136	45451	129	233	0	0	*	2
1137	45491	127	232	0	0	*	2
1138	45531	125	231	0	0	*	2
1139	45571	124	230	0	0	*	2
1140	45611	122	229	0	0	*	2
1141	45651	121	228	0	0	*	2
1142	45691	119	227	0	0	*	2
1143	45731	117	225	0	0	*	2
1144	45771	115	224	0	0	*	2
1145	45811	113	223	0	0	*	2
1146	45851	111	221	0	0	*	2
1147	45891	110	220	0	0	*	2
1148	45931	108	219	0	0	*	2
1149	45971	106	218	0	0	*	2
1150	46011	105	217	0	0	*	2
1151	46051	103	215	0	0	*	2
1152	46091	101	213	0	0	*	2
1153	46131	100	212	0	0	*	2
1154	46171	98	211	0	0	*	2
1155	46211	96	209	0	0	*	2
1156	46251	95	208	0	0	*	2
1157	46291	93	206	0	0	*	2
1158	46331	91	205	0	0	*	2
1159	46371	90	203	0	0	*	2
1160	46411	87	201	0	0	*	2
1161	46451	86	200	0	0	*	2
1162	46491	85	198	0	0	*	2
1163	46531	83	196	0	0	*	2
1164	46571	82	194	0	0	*	2
1165	46611	80	193	0	0	*	2
1166	46651	78	191	0	0	*	2
1167	46691	77	189	0	0	*	2
1168	46731	75	187	0	0	*	2
1169	46771	74	186	0	0	*	2
1170	46811	72	184	0	0	*	2
1171	46851	71	183	0	0	*	2
1172	46891	69	181	0	0	*	2
1173	46931	67	180	0	0	*	2
1174	46971	66	178	0	0	*	2
1175	47011	64	176	0	0	*	2
1176	47051	62	175	0	0	*	2
1177	47091	61	173	0	0	*	2
1178	47131	59	172	0	0	*	2
1179	47171	57	170	0	0	*	2
1180	47211	56	168	0	0	*	2
1181	47251	54	166	0	0	*	2
1182	47291	52	165	0	0	*	2
1183	47331	51	164	0	0	*	2
1184	47371	49	162	0	0	*	2
1185	47411	47	161	0	0	*	2
1186	47451	46	159	0	0	*	2
1187	47491	44	158	0	0	*	2
1188	47531	42	156	0	0	*	2
1189	47571	41	155	0	0	*	2
1190	47611	39	153	0	0	*	2
1191	47651	37	151	0	0	*	2
1192	47691	41	155	0	0	*	2
1193	47731	39	153	0	0	*	2
1194	47771	37	151	0	0	*	2
1195	47811	32	145	0	0	*	2
1196	47851	35	149	0	0	*	2
1197	47891	33	147	0	0	*	2
1198	47931	32	145	0	0	*	2
1199	47971	30	143	0	0	*	2
1200	48011	29	141	0	0	*	2
1201	48051	27	140	0	0	*	2
1202	48091	26	138	0	0	*	2
1203	48131	24	137	0	0	*	2
1204	48171	23	135	0	0	*	2
1205	48211	22	133	0	0	*	2
1206	48251	20	131	0	0	*	2
1207	48291	19	129	0	0	*	2
1208	48331	18	127	0	0	*	2
1209	48371	17	125	0	0	*	2
1210	48411	16	124	0	0	*	2
1211	48451	15	122	0	0	*	2
1212	48491	14	119	0	0	*	2
1213	48531	13	117	0	0	*	2
1214	48571	13	116	0	0	*	2
1215	48611	12	115	0	0	*	2
1216	48651	11	112	0	0	*	2
1217	48691	11	110	0	0	*	2
1218	48731	11	107	0	0	*	2
1219	48771	10	106	0	0	*	2
1220	48811	9	106	0	0	*	2
1221	48851	10	104	0	0	*	2
1222	48891	10	102	0	0	*	2
1223	48931	10	100	0	0	*	2
1224	48971	10	98	0	0	*	2
1225	49011	11	96	0	0	*	2
1226	49051	11	96	0	0	*	2
1227	49091	12	94	0	0	*	2
1228	49131	13	93	0	0	*	2
1229	49171	13	91	0	0	*	2
1230	49211	14	90	0	0	*	2
1231	49251	15	88	0	0	*	2
1232	49291	16	87	0	0	*	2
1233	49331	17	86	0	0	*	2
1234	49371	18	84	0	0	*	2
1235	49411	20	83	0	0	*	2
1236	49451	22	82	0	0	*	2
1237	49491	24	81	0	0	*	2
1238	49531	28	80	0	0	*	2
1239	49571	30	79	0	0	*	2
1240	49611	31	79	0	0	*	2
1241	49651	34	78	0	0	*	2
1242	49691	36	77	0	0	*	2
1243	49731	37	76	0	0	*	2
1244	49771	39	76	0	0	*	2
1245	49811	41	75	0	0	*	2
1246	49851	43	75	0	0	*	2
1247	49891	46	74	0	0	*	2
1248	49931	48	73	0	0	*	2
1249	49971	50	73	0	0	*	2
1250	50011	52	72	0	0	*	2
1251	50051	53	72	0	0	*	2
1252	50091	54	71	0	0	*	2
1253	50131	56	71	0	0	*	2
1254	50171	57	71	0	0	*	2
1255	50211	57	71	0	0	*	2
1256	50251	57	71	0	0	*	2
1257	50291	57	70	0	0	*	2
1258	50331	57	70	0	0	*	2
1259	50371	56	69	0	0	*	2
1260	50411	56	68	0	1	*	2
1261	50451	55	67	0	0	*	2
1262	50491	54	66	0	0	*	2
1263	50531	54	65	0	0	*	2
1264	50571	53	64	0	0	*	2
1265	50611	53	64	0	0	*	2
1266	50651	53	63	0	0	*	2
1267	50691	53	61	0	0	*	2
1268	50731	53	53	0	0	*	2
1269	50771	53	52	0	0	*	2
1270	50811	52	58	0	0	*	2
1271	50851	52	56	0	0	*	2
1272	50891	52	54	0	0	*	2
1273	50931	51	52	0	0	*	2
1274	50971	51	50	0	0	*	2
1275	51011	51	48	0	0	*	2
1276	51051	51	46	0	0	*	2
1277	51091	50	44	0	0	*	2
1278	51131	50	42	0	0	*	2
1279	51171	49	41	0	0	*	2
1280	51211	49	39	0	0	*	2
1281	51251	48	39	0	0	*	2
1282	51291	48	34	0	0	*	2
1283	51331	48	38	0	0	*	2
1284	51371	48	37	0	0	*	2
1285	51411	47	36	0	0	*	2
1286	51451	48	35	0	0	*	2
1287	51491	48	34	0	0	*	2
1288	51531	49	33	0	0	*	2
1289	51571	49	32	0	0	*	2
1290	51611	51	31	0	0	*	2
1291	51651	52	31	0	0	*	2
1292	51691	53	31	0	0	*	2
1293	51731	55	31	0	0	*	2
1294	51771	56	31	0	0	*	2
1295	51811	56	30	0	0	*	2
1296	51851	57	30	0	0	*	2
1297	51891	58	29	0	0	*	2
1298	51931	62	24	0	0	*	2
1299	51971	60	27	0	0	*	2
1300	52011	60	26	0	0	*	2
1301	52051	61	26	0	0	*	2
1302	52091	62	25	0	0	*	2
1303	52131	63	24	0	0	*	2
1304	52171	64	23	0	0	*	2
1305	52211	66	23	0	0	*	2
1306	52251	67	22	0	0	*	2
1307	52291	68	22	0	0	*	2
1308	52331	70	21	0	0	*	2
1309	52371	71	20	0	0	*	2
1310	52411	73	19	0	0	*	2
1311	52451	75	17	0	0	*	2
1312	52491	76	17	0	0	*	2
1313	52531	77	16	0	0	*	2
1314	52571	78	16	0	0	*	2
1315	52611	80	15	0	0	*	2
1316	52651	82	14	0	0	*	2
1317	52691	83	14	0	0	*	2
1318	52731	85	13	0	0	*	2
1319	52771	86	13	0	0	*	2
1320	52811	88	13	0	0	*	2
1321	52851	90	13	0	0	*	2
1322	52891	92	13	0	0	*	2
1323	52931	94	13	0	0	*	2
1324	52971	97	13	0	0	*	2
1325	53011	98	13	0	0	*	2
1326	53051	101	14	0	0	*	2
1327	53091	103	15	0	0	*	2
1328	53131	105	16	0	0	*	2
1329	53171	107	16	0	0	*	2
1330	53211	115	21	0	0	*	2
1331	53251	117	21	0	0	*	2
1332	53291	119	22	0	0	*	2
1333	53331	121	23	0	0	*	2
1334	53371	123	23	0	0	*	2
1335	53411	125	24	0	0	*	2
1336	53451	127	24	0	0	*	2
1337	53491	129	25	0	0	*	2
1338	53531	131	26	0	0	*	2
1339	53571	133	27	0	0	*	2
1340	53611	135	27	0	0	*	2
1341	53651	138	28	0	0	*	2
1342	53691	139	28	0	0	*	2
1343	53731	142	29	0	0	*	2
1344	53771	144	30	0	0	*	2
1345	53811	146	30	0	0	*	2
1346	53851	149	30	0	0	*	2
1347	53891	151	31	0	0	*	2
1348	53931	153	31	0	0	*	2
1349	53971	156	32	0	0	*	2
1350	54011	158	32	0	0	*	2
1351	54051	160	32	0	0	*	2
1352	54091	162	32	0	0	*	2
1353	54131	164	32	0	0	*	2
1354	54171	166	32	0	0	*	2
1355	54211	169	32	0	0	*	2
1356	54251	171	31	0	0	*	2
1357	54291	173	31	0	0	*	2
1358	54331	175	30	0	0	*	2
1359	54371	177	30	0	0	*	2
1360	54411	179	29	0	0	*	2
1361	54451	175	30	0	0	*	2
1362	54491	183	28	0	0	*	2
1363	54531	184	27	0	0	*	2
1364	54571	186	26	0	0	*	2
1365	54611	188	25	0	0	*	2
1366	54651	190	24	0	0	*	2
1367	54691	186	26	0	0	*	2
1368	54731	187	25	0	0	*	2
1369	54771	189	25	0	0	*	2
1370	54811	190	25	0	0	*	2
1371	54851	191	25	0	0	*	2
1372	54891	193	25	0	0	*	2
1373	54931	194	25	0	0	*	2
1374	54971	196	25	0	0	*	2
1375	55011	197	26	0	0	*	2
1376	55051	197	27	0	0	*	2
1377	55091	197	28	0	0	*	2
1378	55131	198	29	0	0	*	2
1379	55171	202	35	0	0	*	2
1380	55211	200	32	0	0	*	2
1381	55251	200	33	0	0	*	2
1382	55291	201	34	0	0	*	2
1383	55331	202	36	0	0	*	2
1384	55371	205	44	0	0	*	2
1385	55411	203	39	0	0	*	2
1386	55451	204	41	0	0	*	2
1387	55491	205	43	0	0	*	2
1388	55531	206	46	0	0	*	2
1389	55571	206	47	0	0	*	2
1390	55611	207	56	0	0	*	2
1391	55651	208	58	0	0	*	2
1392	55691	208	60	0	0	*	2
1393	55731	208	62	0	0	*	2
1394	55771	208	65	0	0	*	2
1395	55811	209	67	0	0	*	2
1396	55851	209	69	0	0	*	2
1397	55891	209	72	0	0	*	2
1398	55931	209	74	0	0	*	2
1399	55971	209	76	0	0	*	2
1400	56011	210	79	0	0	*	2
1401	56051	210	81	0	0	*	2
1402	56091	210	84	0	0	*	2
1403	56131	210	86	0	0	*	2
1404	56171	210	89	0	0	*	2
1405	56211	210	91	0	0	*	2
1406	56251	210	93	0	0	*	2
1407	56291	210	96	0	0	*	2
1408	56331	210	99	0	0	*	2
1409	56371	210	101	0	0	*	2
1410	56411	209	104	0	0	*	2
1411	56451	209	106	0	0	*	2
1412	56491	209	108	0	0	*	2
1413	56531	209	111	0	0	*	2
1414	56571	209	114	0	0	*	2
1415	56611	209	116	0	0	*	2
1416	56651	209	119	0	0	*	2
1417	56691	209	121	0	0	*	2
1418	56731	209	124	0	0	*	2
1419	56771	210	127	0	0	*	2
1420	56811	209	129	0	0	*	2
1421	56851	209	131	0	0	*	2
1422	56891	209	134	0	0	*	2
1423	56931	209	136	0	0	*	2
1424	56971	210	139	0	0	*	2
1425	57011	210	141	0	0	*	2
1426	57051	210	143	0	0	*	2
1427	57091	209	140	0	0	*	2
1428	57131	209	149	0	0	*	2
1429	57171	209	151	0	0	*	2
1430	57211	209	153	0	0	*	2
1431	57251	209	156	0	0	*	2
1432	57291	210	151	0	0	*	2
1433	57331	210	154	0	0	*	2
1434	57371	210	157	0	0	*	2
1435	57411	210	159	0	0	*	2
1436	57451	210	161	0	0	*	2
1437	57491	210	163	0	0	*	2
1438	57531	209	165	0	0	*	2
1439	57571	209	168	0	0	*	2
1440	57611	209	171	0	0	*	2
1441	57651	209	173	0	0	*	2
1442	57691	209	175	0	0	*	2
1443	57731	208	177	0	0	*	2
1444	57771	208	179	0	0	*	2
1445	57811	208	182	0	0	*	2
1446	57851	205	190	0	0	*	2
1447	57891	207	186	0	0	*	2
1448	57931	206	188	0	0	*	2
1449	57971	206	190	0	0	*	2
1450	58011	206	193	0	0	*	2
1451	58051	205	195	0	0	*	2
1452	58091	202	203	0	0	*	2
1453	58131	204	199	0	0	*	2
1454	58171	203	200	0	0	*	2
1455	58211	202	202	0	0	*	2
1456	58251	202	204	0	0	*	2
1457	58291	200	205	0	0	*	2
1458	58331	199	207	0	0	*	2
1459	58371	198	209	0	0	*	2
1460	58411	191	212	0	0	*	2
1461	58451	189	214	0	0	*	2
1462	58491	188	214	0	0	*	2
1463	58531	186	215	0	0	*	2
1464	58571	184	215	0	0	*	2
1465	58611	183	215	0	0	*	2
1466	58651	182	215	0	0	*	2
1467	58691	180	215	0	0	*	2
1468	58731	184	216	0	0	*	2
1469	58771	176	215	0	0	*	2
1470	58811	180	216	0	0	*	2
1471	58851	172	216	0	0	*	2
1472	58891	177	216	0	0	*	2
1473	58931	175	216	0	0	*	2
1474	58971	174	216	0	0	*	2
1475	59011	165	215	0	0	*	2
1476	59051	163	216	0	0	*	2
1477	59091	169	216	0	0	*	2
1478	59131	159	216	0	0	*	2
1479	59171	158	216	0	0	*	2
1480	59211	164	216	0	0	*	2
1481	59251	154	216	0	0	*	2
1482	59291	152	216	0	0	*	2
1483	59331	150	216	0	0	*	2
1484	59371	148	217	0	0	*	2
1485	59411	146	217	0	0	*	2
1486	59451	144	217	0	0	*	2
1487	59491	142	217	0	0	*	2
1488	59531	140	217	0	0	*	2
1489	59571	138	218	0	0	*	2
1490	59611	135	218	0	0	*	2
1491	59651	134	218	0	0	*	2
1492	59691	131	219	0	0	*	2
1493	59731	129	219	0	0	*	2
1494	59771	126	220	0	0	*	2
1495	59811	124	220	0	0	*	2
1496	59851	122	221	0	0	*	2
1497	59891	120	221	0	0	*	2
1498	59931	118	222	0	0	*	2
1499	59971	115	222	0	0	*	2
1500	60011	113	223	0	0	*	2
1501	60051	111	224	0	0	*	2
1502	60091	109	224	0	0	*	2
1503	60131	107	225	0	0	*	2
1504	60171	105	226	0	0	*	2
1505	60211	103	227	0	0	*	2
1506	60251	101	228	0	0	*	2
1507	60291	99	229	0	0	*	2
1508	60331	97	230	0	0	*	2
1509	60371	95	231	0	0	*	2
1510	60411	93	232	0	0	*	2
1511	60451	91	232	0	0	*	2
1512	60491	89	233	0	0	*	2
1513	60531	88	234	0	0	*	2
1514	60571	86	235	0	0	*	2
1515	60611	90	232	0	0	*	2
1516	60651	89	233	0	0	*	2
1517	60691	86	234	0	0	*	2
1518	60731	85	234	0	0	*	2
1519	60771	83	234	0	0	*	2
1520	60811	81	235	0	0	*	2
1521	60851	79	235	0	0	*	2
1522	60891	78	235	0	0	*	2
1523	60931	76	234	0	0	*	2
1524	60971	74	234	0	0	*	2
1525	61011	73	233	0	0	*	2
1526	61051	71	232	0	0	*	2
1527	61091	70	232	0	0	*	2
1528	61131	69	231	0	0	*	2
1529	61171	67	230	0	0	*	2
1530	61211	66	229	0	0	*	2
1531	61251	65	228	0	0	*	2
1532	61291	63	226	0	0	*	2
1533	61331	61	225	0	0	*	2
1534	61371	61	224	0	0	*	2
1535	61411	59	223	0	0	*	2
1536	61451	58	222	0	0	*	2
1537	61491	57	221	0	0	*	2
1538	61531	55	219	0	0	*	2
1539	61571	54	218	0	0	*	2
1540	61611	53	216	0	0	*	2
1541	61651	51	215	0	0	*	2
1542	61691	49	213	0	0	*	2
1543	61731	48	212	0	0	*	2
1544	61771	46	210	0	0	*	2
1545	61811	45	209	0	0	*	2
1546	61851	43	207	0	0	*	2
1547	61891	42	206	0	0	*	2
1548	61931	40	204	0	0	*	2
1549	61971	39	203	0	0	*	2
1550	62011	37	201	0	0	*	2
1551	62051	36	199	0	0	*	2
1552	62091	35	197	0	0	*	2
1553	62131	33	196	0	0	*	2
1554	62171	32	194	0	0	*	2
1555	62211	31	193	0	0	*	2
1556	62251	30	191	0	0	*	2
1557	62291	29	190	0	0	*	2
1558	62331	28	188	0	0	*	2
1559	62371	27	187	0	0	*	2
1560	62411	26	185	0	0	*	2
1561	62451	25	184	0	0	*	2
1562	62491	24	183	0	0	*	2
1563	62531	24	180	0	0	*	2
1564	62571	23	178	0	0	*	2
1565	62611	23	176	0	0	*	2
1566	62651	22	173	0	0	*	2
1567	62691	21	172	0	0	*	2
1568	62731	21	170	0	0	*	2
1569	62771	21	167	0	0	*	2
1570	62811	21	165	0	0	*	2
1571	62851	21	163	0	0	*	2
1572	62891	21	162	0	0	*	2
1573	62931	21	160	0	0	*	2
1574	62971	21	158	0	0	*	2
1575	63011	21	156	0	0	*	2
1576	63051	21	154	0	0	*	2
1577	63091	21	152	0	0	*	2
1578	63131	22	150	0	0	*	2
1579	63171	22	148	0	0	*	2
1580	63211	23	145	0	0	*	2
1581	63251	23	143	0	0	*	2
1582	63291	24	141	0	0	*	2
