%%BEGIN_HEADER
	%%BEGIN DATABASE_INFORMATION
		%Date.0 ( 30.9.2019 )
		%Time.0 ( 12:55 )
	%%END DATABASE_INFORMATION
	%%BEGIN SETUP_INFORMATION
		%TrackerVersion.0 ( Tracker version 2.38 release 12.8.2012 )
		%ElapsedTime_ms.0 ( 60969 )
		%Paradigm.0 ( PlacePreference )
		%FeederParameters.0 ( 1500 0 )
			// %FeederParameters.0 ( ENTRANCE_LATENCY EXIT_LATENCY )
		%ElapsedPath_m.0 ( 0.00 )
		%ArenaDiameter_m.0 ( 1.80 )
		%TrackerResolution_PixPerCM.0 ( 1.4222 )
		%ArenaCenterXY.0 ( 127.5 127.5 )
		%Frame.0 ( RoomFrame )
		%ReinforcedSector.0 ( 64.3907 64.3907 7 )
			//%ReinforcedSector.0 ( CENTER_X CENTER_Y RADIUS )
		%RoomTrackReinforcedSector.0 ( 64.3907 64.3907 7 )
			//%RoomTrackReinforcedSector.0 ( CENTER_X CENTER_Y RADIUS )
	%%END SETUP_INFORMATION
	%%BEGIN RECORD_FORMAT
		%Sample.0 ( FrameCount 1msTimeStamp RoomX RoomY Sectors State Flags FrameInfo )
			//Sectors indicate if the object is in a target. Number is binary coded. Sectors = 0: no target, Sectors = 1: room target, Sectors: = 2 arena target, Sectors: = 3 room and arena target
			////State indicates the Watermaze State: OutsideTarget = 0, EntranceLatency = 1, InsideTarget = 3, OutsideRefractory = 4, BadSpot = 5
			//FrameInfo indicates succesfuly tracked spots: ReferencePoint * 2^0 + Spot0 * 2^(1+0) + Spot1 * 2^(1+1) + Spot2 * 2^(1+2) .... 
	%%END RECORD_FORMAT
%%END_HEADER
1	48	129	243	0	0	*	2
2	88	130	243	0	0	*	2
3	128	131	242	0	0	*	2
4	168	133	241	0	0	*	2
5	208	133	241	0	0	*	2
6	248	132	240	0	0	*	2
7	288	132	239	0	0	*	2
8	328	133	239	0	0	*	2
9	368	134	239	0	0	*	2
10	408	134	238	0	0	*	2
11	448	134	238	0	0	*	2
12	488	135	238	0	0	*	2
13	528	135	237	0	0	*	2
14	568	135	237	0	0	*	2
15	608	136	236	0	0	*	2
16	648	137	235	0	0	*	2
17	688	138	233	0	0	*	2
18	728	138	232	0	0	*	2
19	768	139	231	0	0	*	2
20	808	139	229	0	0	*	2
21	848	139	228	0	0	*	2
22	888	140	226	0	0	*	2
23	928	140	224	0	0	*	2
24	968	140	222	0	0	*	2
25	1008	140	220	0	0	*	2
26	1048	140	218	0	0	*	2
27	1088	140	216	0	0	*	2
28	1128	140	214	0	0	*	2
29	1168	140	212	0	0	*	2
30	1208	140	210	0	0	*	2
31	1248	139	208	0	0	*	2
32	1288	139	206	0	0	*	2
33	1328	138	204	0	0	*	2
34	1368	138	202	0	0	*	2
35	1408	137	200	0	0	*	2
36	1448	137	198	0	0	*	2
37	1488	136	195	0	0	*	2
38	1528	135	193	0	0	*	2
39	1568	134	191	0	0	*	2
40	1608	134	189	0	0	*	2
41	1648	133	188	0	0	*	2
42	1688	132	185	0	0	*	2
43	1728	131	184	0	0	*	2
44	1768	130	182	0	0	*	2
45	1808	129	180	0	0	*	2
46	1848	128	178	0	0	*	2
47	1888	127	176	0	0	*	2
48	1928	125	174	0	0	*	2
49	1968	124	172	0	0	*	2
50	2008	122	171	0	0	*	2
51	2048	121	169	0	0	*	2
52	2088	120	167	0	0	*	2
53	2128	118	166	0	0	*	2
54	2168	117	164	0	0	*	2
55	2208	115	162	0	0	*	2
56	2248	113	161	0	0	*	2
57	2288	111	159	0	0	*	2
58	2328	110	158	0	0	*	2
59	2368	109	157	0	0	*	2
60	2408	107	155	0	0	*	2
61	2448	105	154	0	0	*	2
62	2488	103	152	0	0	*	2
63	2528	101	151	0	0	*	2
64	2568	99	150	0	0	*	2
65	2608	98	149	0	0	*	2
66	2648	96	147	0	0	*	2
67	2688	94	146	0	0	*	2
68	2728	92	145	0	0	*	2
69	2768	90	144	0	0	*	2
70	2808	88	143	0	0	*	2
71	2848	86	142	0	0	*	2
72	2888	85	141	0	0	*	2
73	2928	83	140	0	0	*	2
74	2968	81	139	0	0	*	2
75	3008	79	138	0	0	*	2
76	3048	77	137	0	0	*	2
77	3088	75	136	0	0	*	2
78	3128	73	135	0	0	*	2
79	3168	72	134	0	0	*	2
80	3208	70	133	0	0	*	2
81	3248	68	132	0	0	*	2
82	3288	66	131	0	0	*	2
83	3328	64	130	0	0	*	2
84	3368	62	129	0	0	*	2
85	3408	60	129	0	0	*	2
86	3448	58	128	0	0	*	2
87	3488	56	127	0	0	*	2
88	3528	55	126	0	0	*	2
89	3568	53	125	0	0	*	2
90	3608	51	124	0	0	*	2
91	3648	49	123	0	0	*	2
92	3688	48	122	0	0	*	2
93	3728	46	121	0	0	*	2
94	3768	44	120	0	0	*	2
95	3808	42	119	0	0	*	2
96	3848	40	118	0	0	*	2
97	3888	39	117	0	0	*	2
98	3928	37	117	0	0	*	2
99	3968	36	116	0	0	*	2
100	4008	34	116	0	0	*	2
101	4048	32	115	0	0	*	2
102	4088	30	115	0	0	*	2
103	4128	28	114	0	0	*	2
104	4168	26	114	0	0	*	2
105	4208	25	113	0	0	*	2
106	4248	21	113	0	0	*	2
107	4288	17	113	0	0	*	2
108	4328	15	113	0	0	*	2
109	4368	14	113	0	0	*	2
110	4408	13	114	0	0	*	2
111	4448	12	115	0	0	*	2
112	4488	12	115	0	0	*	2
113	4528	11	116	0	0	*	2
114	4568	10	116	0	0	*	2
115	4608	10	117	0	0	*	2
116	4648	9	117	0	0	*	2
117	4688	9	117	0	0	*	2
118	4728	9	118	0	0	*	2
119	4768	8	119	0	0	*	2
120	4808	8	120	0	0	*	2
121	4848	8	121	0	0	*	2
122	4888	7	122	0	0	*	2
123	4928	8	123	0	0	*	2
124	4968	7	125	0	0	*	2
125	5008	7	126	0	0	*	2
126	5048	8	127	0	0	*	2
127	5088	8	128	0	0	*	2
128	5128	8	130	0	0	*	2
129	5168	9	131	0	0	*	2
130	5208	9	132	0	0	*	2
131	5248	9	132	0	0	*	2
132	5288	10	134	0	0	*	2
133	5328	11	135	0	0	*	2
134	5368	12	136	0	0	*	2
135	5408	12	137	0	0	*	2
136	5448	13	137	0	0	*	2
137	5488	13	139	0	0	*	2
138	5528	14	139	0	0	*	2
139	5568	16	140	0	0	*	2
140	5608	17	141	0	0	*	2
141	5648	20	142	0	0	*	2
142	5688	25	145	0	0	*	2
143	5728	28	146	0	0	*	2
144	5768	29	147	0	0	*	2
145	5808	32	148	0	0	*	2
146	5848	34	149	0	0	*	2
147	5888	35	150	0	0	*	2
148	5928	37	151	0	0	*	2
149	5968	39	152	0	0	*	2
150	6008	41	153	0	0	*	2
151	6048	43	154	0	0	*	2
152	6088	45	154	0	0	*	2
153	6128	47	155	0	0	*	2
154	6168	49	156	0	0	*	2
155	6208	51	156	0	0	*	2
156	6248	53	157	0	0	*	2
157	6288	55	157	0	0	*	2
158	6328	57	158	0	0	*	2
159	6368	59	158	0	0	*	2
160	6408	61	159	0	0	*	2
161	6448	63	159	0	0	*	2
162	6488	65	160	0	0	*	2
163	6528	67	160	0	0	*	2
164	6568	69	161	0	0	*	2
165	6608	71	161	0	0	*	2
166	6648	73	161	0	0	*	2
167	6688	75	162	0	0	*	2
168	6728	77	162	0	0	*	2
169	6768	80	162	0	0	*	2
170	6808	82	162	0	0	*	2
171	6848	84	163	0	0	*	2
172	6888	86	163	0	0	*	2
173	6928	88	163	0	0	*	2
174	6968	91	163	0	0	*	2
175	7008	93	163	0	0	*	2
176	7048	95	163	0	0	*	2
177	7088	97	164	0	0	*	2
178	7128	100	164	0	0	*	2
179	7168	102	164	0	0	*	2
180	7208	104	164	0	0	*	2
181	7248	106	164	0	0	*	2
182	7288	109	164	0	0	*	2
183	7328	111	164	0	0	*	2
184	7368	113	164	0	0	*	2
185	7408	115	164	0	0	*	2
186	7448	118	164	0	0	*	2
187	7488	120	165	0	0	*	2
188	7528	121	165	0	0	*	2
189	7568	124	165	0	0	*	2
190	7608	126	165	0	0	*	2
191	7648	128	165	0	0	*	2
192	7688	131	165	0	0	*	2
193	7728	133	165	0	0	*	2
194	7768	135	165	0	0	*	2
195	7808	137	165	0	0	*	2
196	7848	139	165	0	0	*	2
197	7888	141	165	0	0	*	2
198	7928	144	165	0	0	*	2
199	7968	146	165	0	0	*	2
200	8008	147	165	0	0	*	2
201	8048	149	165	0	0	*	2
202	8088	152	165	0	0	*	2
203	8128	154	165	0	0	*	2
204	8168	156	165	0	0	*	2
205	8208	158	165	0	0	*	2
206	8248	160	165	0	0	*	2
207	8288	162	165	0	0	*	2
208	8328	164	165	0	0	*	2
209	8368	165	165	0	0	*	2
210	8408	167	165	0	0	*	2
211	8448	170	165	0	0	*	2
212	8488	171	166	0	0	*	2
213	8528	173	166	0	0	*	2
214	8568	175	166	0	0	*	2
215	8608	177	166	0	0	*	2
216	8648	179	167	0	0	*	2
217	8688	181	167	0	0	*	2
218	8728	182	167	0	0	*	2
219	8768	184	168	0	0	*	2
220	8808	186	168	0	0	*	2
221	8848	188	169	0	0	*	2
222	8888	190	169	0	0	*	2
223	8928	192	169	0	0	*	2
224	8968	194	170	0	0	*	2
225	9008	195	170	0	0	*	2
226	9048	197	171	0	0	*	2
227	9088	198	171	0	0	*	2
228	9128	200	172	0	0	*	2
229	9168	202	172	0	0	*	2
230	9208	204	173	0	0	*	2
231	9248	205	173	0	0	*	2
232	9288	206	173	0	0	*	2
233	9328	208	173	0	0	*	2
234	9368	209	173	0	0	*	2
235	9408	210	173	0	0	*	2
236	9448	212	173	0	0	*	2
237	9488	214	173	0	0	*	2
238	9528	214	173	0	0	*	2
239	9568	216	173	0	0	*	2
240	9608	217	172	0	0	*	2
241	9648	218	172	0	0	*	2
242	9688	219	171	0	0	*	2
243	9728	220	170	0	0	*	2
244	9768	221	170	0	0	*	2
245	9808	222	169	0	0	*	2
246	9848	223	168	0	0	*	2
247	9888	223	168	0	0	*	2
248	9928	224	166	0	0	*	2
249	9968	225	166	0	0	*	2
250	10008	225	165	0	0	*	2
251	10048	225	164	0	0	*	2
252	10088	225	162	0	0	*	2
253	10128	225	162	0	0	*	2
254	10168	225	161	0	0	*	2
255	10208	225	160	0	0	*	2
256	10248	225	158	0	0	*	2
257	10288	225	157	0	0	*	2
258	10328	224	155	0	0	*	2
259	10368	224	154	0	0	*	2
260	10408	224	153	0	0	*	2
261	10448	223	152	0	0	*	2
262	10488	223	150	0	0	*	2
263	10528	222	149	0	0	*	2
264	10568	221	148	0	0	*	2
265	10608	221	146	0	0	*	2
266	10648	220	145	0	0	*	2
267	10688	219	144	0	0	*	2
268	10728	218	143	0	0	*	2
269	10768	217	141	0	0	*	2
270	10808	216	140	0	0	*	2
271	10848	215	139	0	0	*	2
272	10888	214	138	0	0	*	2
273	10928	212	137	0	0	*	2
274	10968	211	136	0	0	*	2
275	11008	209	135	0	0	*	2
276	11048	208	134	0	0	*	2
277	11088	207	133	0	0	*	2
278	11128	206	132	0	0	*	2
279	11168	204	131	0	0	*	2
280	11208	203	130	0	0	*	2
281	11248	201	129	0	0	*	2
282	11288	199	129	0	0	*	2
283	11328	198	128	0	0	*	2
284	11368	196	127	0	0	*	2
285	11408	194	126	0	0	*	2
286	11448	193	126	0	0	*	2
287	11488	191	126	0	0	*	2
288	11528	190	125	0	0	*	2
289	11568	188	125	0	0	*	2
290	11608	186	124	0	0	*	2
291	11648	184	124	0	0	*	2
292	11688	182	124	0	0	*	2
293	11728	180	124	0	0	*	2
294	11768	179	123	0	0	*	2
295	11808	177	123	0	0	*	2
296	11848	175	123	0	0	*	2
297	11888	173	123	0	0	*	2
298	11928	171	123	0	0	*	2
299	11968	169	123	0	0	*	2
300	12008	167	123	0	0	*	2
301	12048	165	123	0	0	*	2
302	12088	163	123	0	0	*	2
303	12128	161	124	0	0	*	2
304	12168	159	124	0	0	*	2
305	12208	158	124	0	0	*	2
306	12248	156	124	0	0	*	2
307	12288	154	125	0	0	*	2
308	12328	152	125	0	0	*	2
309	12368	150	125	0	0	*	2
310	12408	148	126	0	0	*	2
311	12448	146	126	0	0	*	2
312	12488	144	127	0	0	*	2
313	12528	142	127	0	0	*	2
314	12568	140	127	0	0	*	2
315	12608	138	128	0	0	*	2
316	12648	136	128	0	0	*	2
317	12688	134	129	0	0	*	2
318	12728	132	129	0	0	*	2
319	12768	130	130	0	0	*	2
320	12808	128	130	0	0	*	2
321	12848	126	131	0	0	*	2
322	12888	124	132	0	0	*	2
323	12928	122	132	0	0	*	2
324	12968	120	132	0	0	*	2
325	13008	118	133	0	0	*	2
326	13048	116	133	0	0	*	2
327	13088	114	134	0	0	*	2
328	13128	112	135	0	0	*	2
329	13168	110	135	0	0	*	2
330	13208	109	135	0	0	*	2
331	13248	107	136	0	0	*	2
332	13288	105	136	0	0	*	2
333	13328	103	137	0	0	*	2
334	13368	100	137	0	0	*	2
335	13408	98	138	0	0	*	2
336	13448	97	138	0	0	*	2
337	13488	95	138	0	0	*	2
338	13528	93	139	0	0	*	2
339	13568	91	139	0	0	*	2
340	13608	89	140	0	0	*	2
341	13648	87	140	0	0	*	2
342	13688	85	141	0	0	*	2
343	13728	84	141	0	0	*	2
344	13768	82	141	0	0	*	2
345	13808	80	142	0	0	*	2
346	13848	78	142	0	0	*	2
347	13888	75	143	0	0	*	2
348	13928	73	143	0	0	*	2
349	13968	72	144	0	0	*	2
350	14008	70	144	0	0	*	2
351	14048	68	144	0	0	*	2
352	14088	66	145	0	0	*	2
353	14128	64	145	0	0	*	2
354	14168	62	145	0	0	*	2
355	14208	61	145	0	0	*	2
356	14248	59	146	0	0	*	2
357	14288	56	146	0	0	*	2
358	14328	55	146	0	0	*	2
359	14368	53	146	0	0	*	2
360	14408	51	146	0	0	*	2
361	14448	49	146	0	0	*	2
362	14488	48	146	0	0	*	2
363	14528	46	146	0	0	*	2
364	14568	44	145	0	0	*	2
365	14608	42	145	0	0	*	2
366	14648	41	144	0	0	*	2
367	14688	39	144	0	0	*	2
368	14728	38	144	0	0	*	2
369	14768	36	143	0	0	*	2
370	14808	36	142	0	0	*	2
371	14848	34	141	0	0	*	2
372	14888	33	141	0	0	*	2
373	14928	32	140	0	0	*	2
374	14968	31	139	0	0	*	2
375	15008	30	138	0	0	*	2
376	15048	29	137	0	0	*	2
377	15088	28	136	0	0	*	2
378	15128	27	135	0	0	*	2
379	15168	26	134	0	0	*	2
380	15208	25	133	0	0	*	2
381	15248	24	131	0	0	*	2
382	15288	24	129	0	0	*	2
383	15328	23	128	0	0	*	2
384	15368	23	126	0	0	*	2
385	15408	22	125	0	0	*	2
386	15448	22	123	0	0	*	2
387	15488	21	121	0	0	*	2
388	15528	21	120	0	0	*	2
389	15568	21	118	0	0	*	2
390	15608	20	116	0	0	*	2
391	15648	20	115	0	0	*	2
392	15688	20	113	0	0	*	2
393	15728	20	111	0	0	*	2
394	15768	20	110	0	0	*	2
395	15808	20	108	0	0	*	2
396	15848	20	106	0	0	*	2
397	15888	21	105	0	0	*	2
398	15928	21	103	0	0	*	2
399	15968	21	101	0	0	*	2
400	16008	21	100	0	0	*	2
401	16048	22	98	0	0	*	2
402	16088	17	97	0	0	*	2
403	16128	17	96	0	0	*	2
404	16168	18	94	0	0	*	2
405	16208	19	93	0	0	*	2
406	16248	20	91	0	0	*	2
407	16288	21	89	0	0	*	2
408	16328	21	88	0	0	*	2
409	16368	22	86	0	0	*	2
410	16408	28	84	0	0	*	2
411	16448	29	83	0	0	*	2
412	16488	30	81	0	0	*	2
413	16528	32	79	0	0	*	2
414	16568	33	78	0	0	*	2
415	16608	34	76	0	0	*	2
416	16648	36	75	0	0	*	2
417	16688	36	73	0	0	*	2
418	16728	37	72	0	0	*	2
419	16768	39	70	0	0	*	2
420	16808	40	69	0	0	*	2
421	16848	42	68	0	0	*	2
422	16888	43	67	0	0	*	2
423	16928	44	65	0	0	*	2
424	16968	46	64	0	0	*	2
425	17008	48	62	0	0	*	2
426	17048	49	61	0	0	*	2
427	17088	50	60	0	0	*	2
428	17128	51	59	0	0	*	2
429	17168	53	57	0	0	*	2
430	17208	54	56	0	0	*	2
431	17248	56	55	0	0	*	2
432	17288	57	53	0	0	*	2
433	17328	58	52	0	0	*	2
434	17368	60	51	0	0	*	2
435	17408	61	50	0	0	*	2
436	17448	63	48	0	0	*	2
437	17488	64	47	0	0	*	2
438	17528	66	46	0	0	*	2
439	17568	67	46	0	0	*	2
440	17608	69	44	0	0	*	2
441	17648	71	43	0	0	*	2
442	17688	73	42	0	0	*	2
443	17728	74	41	0	0	*	2
444	17768	76	40	0	0	*	2
445	17808	77	40	0	0	*	2
446	17848	79	39	0	0	*	2
447	17888	82	38	0	0	*	2
448	17928	83	37	0	0	*	2
449	17968	85	37	0	0	*	2
450	18008	86	36	0	0	*	2
451	18048	88	35	0	0	*	2
452	18088	90	35	0	0	*	2
453	18128	91	34	0	0	*	2
454	18168	93	34	0	0	*	2
455	18208	95	33	0	0	*	2
456	18248	97	33	0	0	*	2
457	18288	98	33	0	0	*	2
458	18328	100	32	0	0	*	2
459	18368	102	32	0	0	*	2
460	18408	104	32	0	0	*	2
461	18448	106	31	0	0	*	2
462	18488	108	31	0	0	*	2
463	18528	109	31	0	0	*	2
464	18568	112	31	0	0	*	2
465	18608	114	31	0	0	*	2
466	18648	116	31	0	0	*	2
467	18688	118	31	0	0	*	2
468	18728	120	31	0	0	*	2
469	18768	121	31	0	0	*	2
470	18808	123	31	0	0	*	2
471	18848	126	31	0	0	*	2
472	18888	128	31	0	0	*	2
473	18928	130	31	0	0	*	2
474	18968	132	31	0	0	*	2
475	19008	134	31	0	0	*	2
476	19048	136	31	0	0	*	2
477	19088	138	32	0	0	*	2
478	19128	140	32	0	0	*	2
479	19168	142	32	0	0	*	2
480	19208	144	33	0	0	*	2
481	19248	146	33	0	0	*	2
482	19288	148	33	0	0	*	2
483	19328	150	34	0	0	*	2
484	19368	152	34	0	0	*	2
485	19408	154	35	0	0	*	2
486	19448	156	35	0	0	*	2
487	19488	158	36	0	0	*	2
488	19528	159	37	0	0	*	2
489	19568	162	37	0	0	*	2
490	19608	164	38	0	0	*	2
491	19648	165	39	0	0	*	2
492	19688	167	39	0	0	*	2
493	19728	169	40	0	0	*	2
494	19768	171	41	0	0	*	2
495	19808	172	41	0	0	*	2
496	19848	174	42	0	0	*	2
497	19888	176	43	0	0	*	2
498	19928	178	44	0	0	*	2
499	19968	180	45	0	0	*	2
500	20008	182	46	0	0	*	2
501	20048	183	47	0	0	*	2
502	20088	185	48	0	0	*	2
503	20128	187	49	0	0	*	2
504	20168	189	50	0	0	*	2
505	20208	190	51	0	0	*	2
506	20248	192	52	0	0	*	2
507	20288	194	54	0	0	*	2
508	20328	195	55	0	0	*	2
509	20368	196	56	0	0	*	2
510	20408	198	57	0	0	*	2
511	20448	199	59	0	0	*	2
512	20488	201	61	0	0	*	2
513	20528	203	62	0	0	*	2
514	20568	204	63	0	0	*	2
515	20608	205	64	0	0	*	2
516	20648	206	66	0	0	*	2
517	20688	208	68	0	0	*	2
518	20728	209	70	0	0	*	2
519	20768	211	71	0	0	*	2
520	20808	212	72	0	0	*	2
521	20848	213	73	0	0	*	2
522	20888	214	75	0	0	*	2
523	20928	215	77	0	0	*	2
524	20968	217	79	0	0	*	2
525	21008	218	80	0	0	*	2
526	21048	219	82	0	0	*	2
527	21088	219	84	0	0	*	2
528	21128	220	86	0	0	*	2
529	21168	221	88	0	0	*	2
530	21208	223	90	0	0	*	2
531	21248	224	92	0	0	*	2
532	21288	224	93	0	0	*	2
533	21328	225	94	0	0	*	2
534	21368	226	96	0	0	*	2
535	21408	227	98	0	0	*	2
536	21448	228	101	0	0	*	2
537	21488	229	102	0	0	*	2
538	21528	229	104	0	0	*	2
539	21568	230	106	0	0	*	2
540	21608	230	108	0	0	*	2
541	21648	231	110	0	0	*	2
542	21688	231	112	0	0	*	2
543	21728	231	114	0	0	*	2
544	21768	232	116	0	0	*	2
545	21808	232	117	0	0	*	2
546	21848	232	119	0	0	*	2
547	21888	232	121	0	0	*	2
548	21928	232	123	0	0	*	2
549	21968	233	125	0	0	*	2
550	22008	233	127	0	0	*	2
551	22048	233	129	0	0	*	2
552	22088	233	131	0	0	*	2
553	22128	233	133	0	0	*	2
554	22168	233	135	0	0	*	2
555	22208	233	137	0	0	*	2
556	22248	233	138	0	0	*	2
557	22288	233	139	0	0	*	2
558	22328	233	141	0	0	*	2
559	22368	234	143	0	0	*	2
560	22408	234	145	0	0	*	2
561	22448	235	146	0	0	*	2
562	22488	235	148	0	0	*	2
563	22528	237	150	0	0	*	2
564	22568	237	152	0	0	*	2
565	22608	238	153	0	0	*	2
566	22648	238	154	0	0	*	2
567	22688	239	155	0	0	*	2
568	22728	239	156	0	0	*	2
569	22768	240	157	0	0	*	2
570	22808	240	158	0	0	*	2
571	22848	240	159	0	0	*	2
572	22888	239	160	0	0	*	2
573	22928	239	162	0	0	*	2
574	22968	239	163	0	0	*	2
575	23008	237	163	0	0	*	2
576	23048	237	164	0	0	*	2
577	23088	236	165	0	0	*	2
578	23128	236	166	0	0	*	2
579	23168	235	167	0	0	*	2
580	23208	235	168	0	0	*	2
581	23248	233	168	0	0	*	2
582	23288	233	169	0	0	*	2
583	23328	234	169	0	0	*	2
584	23368	234	170	0	0	*	2
585	23408	234	171	0	0	*	2
586	23448	233	173	0	0	*	2
587	23488	233	174	0	0	*	2
588	23528	232	175	0	0	*	2
589	23568	231	177	0	0	*	2
590	23608	229	178	0	0	*	2
591	23648	229	180	0	0	*	2
592	23688	226	181	0	0	*	2
593	23728	224	183	0	0	*	2
594	23768	223	184	0	0	*	2
595	23808	222	185	0	0	*	2
596	23848	220	186	0	0	*	2
597	23888	219	188	0	0	*	2
598	23928	218	189	0	0	*	2
599	23968	217	190	0	0	*	2
600	24008	215	192	0	0	*	2
601	24048	213	193	0	0	*	2
602	24088	212	195	0	0	*	2
603	24128	211	196	0	0	*	2
604	24168	209	197	0	0	*	2
605	24208	208	198	0	0	*	2
606	24248	206	199	0	0	*	2
607	24288	205	200	0	0	*	2
608	24328	203	202	0	0	*	2
609	24368	202	203	0	0	*	2
610	24408	200	204	0	0	*	2
611	24448	199	205	0	0	*	2
612	24488	197	206	0	0	*	2
613	24528	195	207	0	0	*	2
614	24568	194	208	0	0	*	2
615	24608	192	209	0	0	*	2
616	24648	191	209	0	0	*	2
617	24688	189	211	0	0	*	2
618	24728	187	211	0	0	*	2
619	24768	185	212	0	0	*	2
620	24808	183	213	0	0	*	2
621	24848	182	214	0	0	*	2
622	24888	180	215	0	0	*	2
623	24928	178	216	0	0	*	2
624	24968	176	217	0	0	*	2
625	25008	174	217	0	0	*	2
626	25048	173	218	0	0	*	2
627	25088	171	218	0	0	*	2
628	25128	170	219	0	0	*	2
629	25168	167	219	0	0	*	2
630	25208	166	220	0	0	*	2
631	25248	164	220	0	0	*	2
632	25288	162	220	0	0	*	2
633	25328	160	221	0	0	*	2
634	25368	158	221	0	0	*	2
635	25408	156	221	0	0	*	2
636	25448	154	221	0	0	*	2
637	25488	153	221	0	0	*	2
638	25528	150	221	0	0	*	2
639	25568	149	221	0	0	*	2
640	25608	147	221	0	0	*	2
641	25648	145	221	0	0	*	2
642	25688	143	221	0	0	*	2
643	25728	141	220	0	0	*	2
644	25768	140	220	0	0	*	2
645	25808	138	220	0	0	*	2
646	25848	136	220	0	0	*	2
647	25888	134	219	0	0	*	2
648	25928	133	219	0	0	*	2
649	25968	131	218	0	0	*	2
650	26008	129	218	0	0	*	2
651	26048	127	217	0	0	*	2
652	26088	125	217	0	0	*	2
653	26128	123	216	0	0	*	2
654	26168	121	215	0	0	*	2
655	26208	119	215	0	0	*	2
656	26248	117	214	0	0	*	2
657	26288	116	213	0	0	*	2
658	26328	114	212	0	0	*	2
659	26368	112	211	0	0	*	2
660	26408	110	211	0	0	*	2
661	26448	109	210	0	0	*	2
662	26488	107	209	0	0	*	2
663	26528	105	208	0	0	*	2
664	26568	104	207	0	0	*	2
665	26608	102	206	0	0	*	2
666	26648	100	205	0	0	*	2
667	26688	98	204	0	0	*	2
668	26728	97	203	0	0	*	2
669	26768	96	202	0	0	*	2
670	26808	94	200	0	0	*	2
671	26848	92	199	0	0	*	2
672	26888	91	198	0	0	*	2
673	26928	89	196	0	0	*	2
674	26968	87	195	0	0	*	2
675	27008	86	194	0	0	*	2
676	27048	85	192	0	0	*	2
677	27088	84	191	0	0	*	2
678	27128	82	189	0	0	*	2
679	27168	81	188	0	0	*	2
680	27208	80	186	0	0	*	2
681	27248	78	185	0	0	*	2
682	27288	77	184	0	0	*	2
683	27328	76	182	0	0	*	2
684	27368	74	181	0	0	*	2
685	27408	73	179	0	0	*	2
686	27448	72	178	0	0	*	2
687	27488	71	176	0	0	*	2
688	27528	70	175	0	0	*	2
689	27568	69	173	0	0	*	2
690	27608	67	171	0	0	*	2
691	27648	66	170	0	0	*	2
692	27688	65	168	0	0	*	2
693	27728	63	167	0	0	*	2
694	27768	62	165	0	0	*	2
695	27808	61	164	0	0	*	2
696	27848	60	162	0	0	*	2
697	27888	59	161	0	0	*	2
698	27928	58	160	0	0	*	2
699	27968	56	158	0	0	*	2
700	28008	55	157	0	0	*	2
701	28048	54	155	0	0	*	2
702	28088	53	153	0	0	*	2
703	28128	51	152	0	0	*	2
704	28168	50	150	0	0	*	2
705	28208	49	149	0	0	*	2
706	28248	48	147	0	0	*	2
707	28288	47	146	0	0	*	2
708	28328	46	144	0	0	*	2
709	28368	44	142	0	0	*	2
710	28408	43	141	0	0	*	2
711	28448	42	139	0	0	*	2
712	28488	42	138	0	0	*	2
713	28528	41	137	0	0	*	2
714	28568	40	135	0	0	*	2
715	28608	39	134	0	0	*	2
716	28648	38	132	0	0	*	2
717	28688	37	130	0	0	*	2
718	28728	36	129	0	0	*	2
719	28768	36	127	0	0	*	2
720	28808	36	125	0	0	*	2
721	28848	35	123	0	0	*	2
722	28888	34	122	0	0	*	2
723	28928	33	120	0	0	*	2
724	28968	33	118	0	0	*	2
725	29008	32	116	0	0	*	2
726	29048	31	115	0	0	*	2
727	29088	31	113	0	0	*	2
728	29128	30	111	0	0	*	2
729	29168	29	109	0	0	*	2
730	29208	29	107	0	0	*	2
731	29248	28	106	0	0	*	2
732	29288	28	104	0	0	*	2
733	29328	28	102	0	0	*	2
734	29368	28	100	0	0	*	2
735	29408	27	98	0	0	*	2
736	29448	27	97	0	0	*	2
737	29488	27	95	0	0	*	2
738	29528	27	93	0	0	*	2
739	29568	27	91	0	0	*	2
740	29608	27	90	0	0	*	2
741	29648	27	88	0	0	*	2
742	29688	27	86	0	0	*	2
743	29728	28	85	0	0	*	2
744	29768	28	83	0	0	*	2
745	29808	28	81	0	0	*	2
746	29848	28	80	0	0	*	2
747	29888	29	78	0	0	*	2
748	29928	29	76	0	0	*	2
749	29968	29	74	0	0	*	2
750	30008	30	73	0	0	*	2
751	30048	30	71	0	0	*	2
752	30088	31	70	0	0	*	2
753	30128	32	68	0	0	*	2
754	30168	33	66	0	0	*	2
755	30208	29	65	0	0	*	2
756	30248	34	64	0	0	*	2
757	30288	35	62	0	0	*	2
758	30328	32	60	0	0	*	2
759	30368	34	59	0	0	*	2
760	30408	34	57	0	0	*	2
761	30448	35	56	0	0	*	2
762	30488	37	55	0	0	*	2
763	30528	40	55	0	0	*	2
764	30568	41	53	0	0	*	2
765	30608	43	52	0	0	*	2
766	30648	44	51	0	0	*	2
767	30688	43	50	0	0	*	2
768	30728	48	49	0	0	*	2
769	30768	49	48	0	0	*	2
770	30808	50	47	0	0	*	2
771	30848	52	46	0	0	*	2
772	30888	53	45	0	0	*	2
773	30928	54	45	0	0	*	2
774	30968	56	44	0	0	*	2
775	31008	58	43	0	0	*	2
776	31048	59	43	0	0	*	2
777	31088	61	42	0	0	*	2
778	31128	62	41	0	0	*	2
779	31168	64	41	0	0	*	2
780	31208	66	41	0	0	*	2
781	31248	68	40	0	0	*	2
782	31288	69	40	0	0	*	2
783	31328	71	40	0	0	*	2
784	31368	73	39	0	0	*	2
785	31408	75	39	0	0	*	2
786	31448	77	39	0	0	*	2
787	31488	79	39	0	0	*	2
788	31528	80	39	0	0	*	2
789	31568	82	39	0	0	*	2
790	31608	84	39	0	0	*	2
791	31648	86	39	0	0	*	2
792	31688	88	40	0	0	*	2
793	31728	90	40	0	0	*	2
794	31768	91	40	0	0	*	2
795	31808	94	40	0	0	*	2
796	31848	95	40	0	0	*	2
797	31888	97	41	0	0	*	2
798	31928	99	41	0	0	*	2
799	31968	101	41	0	0	*	2
800	32008	103	42	0	0	*	2
801	32048	105	42	0	0	*	2
802	32088	107	43	0	0	*	2
803	32128	108	43	0	0	*	2
804	32168	110	44	0	0	*	2
805	32208	112	44	0	0	*	2
806	32248	114	44	0	0	*	2
807	32288	116	45	0	0	*	2
808	32328	118	45	0	0	*	2
809	32368	120	46	0	0	*	2
810	32408	121	46	0	0	*	2
811	32448	123	46	0	0	*	2
812	32488	125	47	0	0	*	2
813	32528	127	47	0	0	*	2
814	32568	129	48	0	0	*	2
815	32608	131	48	0	0	*	2
816	32648	133	49	0	0	*	2
817	32688	134	49	0	0	*	2
818	32728	136	50	0	0	*	2
819	32768	138	50	0	0	*	2
820	32808	140	51	0	0	*	2
821	32848	142	52	0	0	*	2
822	32888	144	52	0	0	*	2
823	32928	146	53	0	0	*	2
824	32968	147	53	0	0	*	2
825	33008	150	54	0	0	*	2
826	33048	151	54	0	0	*	2
827	33088	153	55	0	0	*	2
828	33128	155	56	0	0	*	2
829	33168	157	56	0	0	*	2
830	33208	159	57	0	0	*	2
831	33248	160	57	0	0	*	2
832	33288	162	58	0	0	*	2
833	33328	164	59	0	0	*	2
834	33368	166	59	0	0	*	2
835	33408	168	60	0	0	*	2
836	33448	169	61	0	0	*	2
837	33488	171	61	0	0	*	2
838	33528	172	62	0	0	*	2
839	33568	174	62	0	0	*	2
840	33608	176	64	0	0	*	2
841	33648	178	64	0	0	*	2
842	33688	179	65	0	0	*	2
843	33728	181	66	0	0	*	2
844	33768	182	67	0	0	*	2
845	33808	184	68	0	0	*	2
846	33848	185	69	0	0	*	2
847	33888	188	70	0	0	*	2
848	33928	189	70	0	0	*	2
849	33968	190	71	0	0	*	2
850	34008	191	72	0	0	*	2
851	34048	193	74	0	0	*	2
852	34088	194	75	0	0	*	2
853	34128	195	76	0	0	*	2
854	34168	197	77	0	0	*	2
855	34208	198	79	0	0	*	2
856	34248	199	80	0	0	*	2
857	34288	200	81	0	0	*	2
858	34328	202	83	0	0	*	2
859	34368	203	85	0	0	*	2
860	34408	205	86	0	0	*	2
861	34448	206	87	0	0	*	2
862	34488	206	88	0	0	*	2
863	34528	207	90	0	0	*	2
864	34568	209	92	0	0	*	2
865	34608	210	93	0	0	*	2
866	34648	211	94	0	0	*	2
867	34688	212	95	0	0	*	2
868	34728	213	97	0	0	*	2
869	34768	214	99	0	0	*	2
870	34808	215	101	0	0	*	2
871	34848	216	103	0	0	*	2
872	34888	217	104	0	0	*	2
873	34928	217	106	0	0	*	2
874	34968	218	107	0	0	*	2
875	35008	219	109	0	0	*	2
876	35048	219	111	0	0	*	2
877	35088	220	114	0	0	*	2
878	35128	220	115	0	0	*	2
879	35168	221	116	0	0	*	2
880	35208	222	118	0	0	*	2
881	35248	222	119	0	0	*	2
882	35288	222	121	0	0	*	2
883	35328	223	123	0	0	*	2
884	35368	223	125	0	0	*	2
885	35408	224	126	0	0	*	2
886	35448	224	128	0	0	*	2
887	35488	224	130	0	0	*	2
888	35528	225	132	0	0	*	2
889	35568	225	134	0	0	*	2
890	35608	225	137	0	0	*	2
891	35648	225	138	0	0	*	2
892	35688	225	139	0	0	*	2
893	35728	225	141	0	0	*	2
894	35768	225	143	0	0	*	2
895	35808	225	145	0	0	*	2
896	35848	225	147	0	0	*	2
897	35888	225	148	0	0	*	2
898	35928	225	150	0	0	*	2
899	35968	225	152	0	0	*	2
900	36008	224	155	0	0	*	2
901	36048	224	156	0	0	*	2
902	36088	224	158	0	0	*	2
903	36128	224	160	0	0	*	2
904	36168	223	162	0	0	*	2
905	36208	223	163	0	0	*	2
906	36248	222	165	0	0	*	2
907	36288	222	167	0	0	*	2
908	36328	221	169	0	0	*	2
909	36368	221	171	0	0	*	2
910	36408	220	172	0	0	*	2
911	36448	219	174	0	0	*	2
912	36488	219	176	0	0	*	2
913	36528	218	178	0	0	*	2
914	36568	218	180	0	0	*	2
915	36608	217	181	0	0	*	2
916	36648	216	183	0	0	*	2
917	36688	215	185	0	0	*	2
918	36728	214	187	0	0	*	2
919	36768	213	188	0	0	*	2
920	36808	212	190	0	0	*	2
921	36848	211	192	0	0	*	2
922	36888	211	193	0	0	*	2
923	36928	210	195	0	0	*	2
924	36968	208	197	0	0	*	2
925	37008	208	198	0	0	*	2
926	37048	207	200	0	0	*	2
927	37088	206	202	0	0	*	2
928	37128	205	203	0	0	*	2
929	37168	204	204	0	0	*	2
930	37208	203	206	0	0	*	2
931	37248	202	208	0	0	*	2
932	37288	201	209	0	0	*	2
933	37328	199	210	0	0	*	2
934	37368	198	212	0	0	*	2
935	37408	197	213	0	0	*	2
936	37448	196	215	0	0	*	2
937	37488	195	216	0	0	*	2
938	37528	194	217	0	0	*	2
939	37568	193	219	0	0	*	2
940	37608	191	220	0	0	*	2
941	37648	190	221	0	0	*	2
942	37688	189	223	0	0	*	2
943	37728	187	224	0	0	*	2
944	37768	186	225	0	0	*	2
945	37808	185	227	0	0	*	2
946	37848	183	228	0	0	*	2
947	37888	182	229	0	0	*	2
948	37928	181	230	0	0	*	2
949	37968	180	231	0	0	*	2
950	38008	178	232	0	0	*	2
951	38048	177	232	0	0	*	2
952	38088	176	233	0	0	*	2
953	38129	175	233	0	0	*	2
954	38169	174	234	0	0	*	2
955	38209	172	235	0	0	*	2
956	38249	171	235	0	0	*	2
957	38288	170	236	0	0	*	2
958	38329	168	236	0	0	*	2
959	38369	167	236	0	0	*	2
960	38408	165	237	0	0	*	2
961	38449	164	237	0	0	*	2
962	38489	162	237	0	0	*	2
963	38529	160	237	0	0	*	2
964	38569	159	238	0	0	*	2
965	38609	157	238	0	0	*	2
966	38649	156	238	0	0	*	2
967	38689	154	238	0	0	*	2
968	38729	153	238	0	0	*	2
969	38769	151	238	0	0	*	2
970	38809	149	238	0	0	*	2
971	38849	148	238	0	0	*	2
972	38889	146	238	0	0	*	2
973	38929	145	238	0	0	*	2
974	38969	143	238	0	0	*	2
975	39009	142	238	0	0	*	2
976	39049	140	238	0	0	*	2
977	39089	138	238	0	0	*	2
978	39129	136	238	0	0	*	2
979	39169	135	238	0	0	*	2
980	39209	133	237	0	0	*	2
981	39249	131	237	0	0	*	2
982	39289	129	236	0	0	*	2
983	39329	127	236	0	0	*	2
984	39369	126	235	0	0	*	2
985	39409	124	235	0	0	*	2
986	39449	122	234	0	0	*	2
987	39489	121	233	0	0	*	2
988	39529	119	233	0	0	*	2
989	39569	117	232	0	0	*	2
990	39609	116	232	0	0	*	2
991	39649	113	231	0	0	*	2
992	39689	112	230	0	0	*	2
993	39729	110	229	0	0	*	2
994	39769	109	229	0	0	*	2
995	39809	107	228	0	0	*	2
996	39849	105	227	0	0	*	2
997	39889	103	226	0	0	*	2
998	39929	102	225	0	0	*	2
999	39969	100	224	0	0	*	2
1000	40009	98	224	0	0	*	2
1001	40049	97	223	0	0	*	2
1002	40089	96	222	0	0	*	2
1003	40129	94	220	0	0	*	2
1004	40169	92	220	0	0	*	2
1005	40209	90	219	0	0	*	2
1006	40249	89	218	0	0	*	2
1007	40289	87	217	0	0	*	2
1008	40329	86	215	0	0	*	2
1009	40369	85	214	0	0	*	2
1010	40409	83	213	0	0	*	2
1011	40449	81	212	0	0	*	2
1012	40489	80	211	0	0	*	2
1013	40529	78	210	0	0	*	2
1014	40569	77	209	0	0	*	2
1015	40609	76	207	0	0	*	2
1016	40649	74	206	0	0	*	2
1017	40689	73	205	0	0	*	2
1018	40729	72	203	0	0	*	2
1019	40769	71	202	0	0	*	2
1020	40809	69	201	0	0	*	2
1021	40849	68	199	0	0	*	2
1022	40889	67	198	0	0	*	2
1023	40929	65	196	0	0	*	2
1024	40969	64	195	0	0	*	2
1025	41009	63	193	0	0	*	2
1026	41049	62	192	0	0	*	2
1027	41089	61	190	0	0	*	2
1028	41129	61	189	0	0	*	2
1029	41169	60	187	0	0	*	2
1030	41209	59	185	0	0	*	2
1031	41249	58	184	0	0	*	2
1032	41289	57	182	0	0	*	2
1033	41329	56	181	0	0	*	2
1034	41369	55	179	0	0	*	2
1035	41409	54	177	0	0	*	2
1036	41449	54	175	0	0	*	2
1037	41489	53	174	0	0	*	2
1038	41529	52	172	0	0	*	2
1039	41569	51	170	0	0	*	2
1040	41609	50	168	0	0	*	2
1041	41649	49	167	0	0	*	2
1042	41689	49	165	0	0	*	2
1043	41729	48	163	0	0	*	2
1044	41769	47	162	0	0	*	2
1045	41809	46	160	0	0	*	2
1046	41849	45	158	0	0	*	2
1047	41889	44	157	0	0	*	2
1048	41929	43	155	0	0	*	2
1049	41969	43	153	0	0	*	2
1050	42009	42	151	0	0	*	2
1051	42049	41	149	0	0	*	2
1052	42089	40	148	0	0	*	2
1053	42129	39	146	0	0	*	2
1054	42169	38	144	0	0	*	2
1055	42209	37	142	0	0	*	2
1056	42249	37	141	0	0	*	2
1057	42289	36	139	0	0	*	2
1058	42329	35	137	0	0	*	2
1059	42369	35	136	0	0	*	2
1060	42409	34	134	0	0	*	2
1061	42449	33	132	0	0	*	2
1062	42489	33	131	0	0	*	2
1063	42529	32	129	0	0	*	2
1064	42569	31	127	0	0	*	2
1065	42609	30	125	0	0	*	2
1066	42649	30	124	0	0	*	2
1067	42689	29	122	0	0	*	2
1068	42729	28	120	0	0	*	2
1069	42769	28	119	0	0	*	2
1070	42809	27	117	0	0	*	2
1071	42849	26	115	0	0	*	2
1072	42889	26	114	0	0	*	2
1073	42929	25	112	0	0	*	2
1074	42969	25	110	0	0	*	2
1075	43009	24	109	0	0	*	2
1076	43049	24	107	0	0	*	2
1077	43089	24	105	0	0	*	2
1078	43129	24	104	0	0	*	2
1079	43169	23	103	0	0	*	2
1080	43209	23	102	0	0	*	2
1081	43249	23	101	0	0	*	2
1082	43289	23	99	0	0	*	2
1083	43329	23	98	0	0	*	2
1084	43369	23	98	0	0	*	2
1085	43409	23	97	0	0	*	2
1086	43449	23	96	0	0	*	2
1087	43489	19	96	0	0	*	2
1088	43529	20	95	0	0	*	2
1089	43569	21	93	0	0	*	2
1090	43609	20	92	0	0	*	2
1091	43649	22	91	0	0	*	2
1092	43689	22	90	0	0	*	2
1093	43729	23	88	0	0	*	2
1094	43769	24	88	0	0	*	2
1095	43809	29	86	0	0	*	2
1096	43849	30	85	0	0	*	2
1097	43889	31	84	0	0	*	2
1098	43929	32	83	0	0	*	2
1099	43969	33	82	0	0	*	2
1100	44009	35	81	0	0	*	2
1101	44049	36	80	0	0	*	2
1102	44089	37	79	0	0	*	2
1103	44129	38	78	0	0	*	2
1104	44169	39	78	0	0	*	2
1105	44209	41	77	0	0	*	2
1106	44249	42	76	0	0	*	2
1107	44289	43	75	0	0	*	2
1108	44329	44	74	0	0	*	2
1109	44369	45	74	0	0	*	2
1110	44409	46	73	0	0	*	2
1111	44449	47	73	0	0	*	2
1112	44489	48	72	0	0	*	2
1113	44529	50	71	0	0	*	2
1114	44569	52	70	0	0	*	2
1115	44609	53	70	0	0	*	2
1116	44649	54	69	0	0	*	2
1117	44689	56	69	0	0	*	2
1118	44729	58	68	0	1	*	2
1119	44769	59	67	0	1	*	2
1120	44809	59	67	0	1	*	2
1121	44849	60	66	0	1	*	2
1122	44889	61	66	0	1	*	2
1123	44929	61	66	0	1	*	2
1124	44969	63	66	0	1	*	2
1125	45009	65	67	0	1	*	2
1126	45049	68	67	0	1	*	2
1127	45089	70	68	0	1	*	2
1128	45129	71	69	0	1	*	2
1129	45169	73	69	0	0	*	2
1130	45209	73	70	0	0	*	2
1131	45249	74	70	0	0	*	2
1132	45289	75	71	0	0	*	2
1133	45329	76	72	0	0	*	2
1134	45369	79	72	0	0	*	2
1135	45409	81	72	0	0	*	2
1136	45449	83	72	0	0	*	2
1137	45489	85	72	0	0	*	2
1138	45529	87	72	0	0	*	2
1139	45569	88	73	0	0	*	2
1140	45609	89	73	0	0	*	2
1141	45649	91	73	0	0	*	2
1142	45689	92	74	0	0	*	2
1143	45729	93	74	0	0	*	2
1144	45769	94	75	0	0	*	2
1145	45809	95	75	0	0	*	2
1146	45849	97	76	0	0	*	2
1147	45889	97	77	0	0	*	2
1148	45929	98	77	0	0	*	2
1149	45969	100	78	0	0	*	2
1150	46009	101	79	0	0	*	2
1151	46049	103	79	0	0	*	2
1152	46089	104	80	0	0	*	2
1153	46129	106	81	0	0	*	2
1154	46169	107	81	0	0	*	2
1155	46209	109	82	0	0	*	2
1156	46249	109	82	0	0	*	2
1157	46289	111	83	0	0	*	2
1158	46329	113	83	0	0	*	2
1159	46369	114	84	0	0	*	2
1160	46409	116	84	0	0	*	2
1161	46449	118	85	0	0	*	2
1162	46489	120	85	0	0	*	2
1163	46529	121	86	0	0	*	2
1164	46569	123	86	0	0	*	2
1165	46609	124	86	0	0	*	2
1166	46649	126	87	0	0	*	2
1167	46689	128	87	0	0	*	2
1168	46729	130	87	0	0	*	2
1169	46769	132	87	0	0	*	2
1170	46809	134	88	0	0	*	2
1171	46849	135	88	0	0	*	2
1172	46889	137	88	0	0	*	2
1173	46929	139	88	0	0	*	2
1174	46969	141	89	0	0	*	2
1175	47009	143	89	0	0	*	2
1176	47049	145	89	0	0	*	2
1177	47089	147	89	0	0	*	2
1178	47129	148	89	0	0	*	2
1179	47169	151	89	0	0	*	2
1180	47209	152	89	0	0	*	2
1181	47249	154	90	0	0	*	2
1182	47289	157	90	0	0	*	2
1183	47329	158	90	0	0	*	2
1184	47369	159	90	0	0	*	2
1185	47409	162	90	0	0	*	2
1186	47449	164	91	0	0	*	2
1187	47489	165	91	0	0	*	2
1188	47529	168	91	0	0	*	2
1189	47569	169	91	0	0	*	2
1190	47609	171	92	0	0	*	2
1191	47649	173	92	0	0	*	2
1192	47689	175	92	0	0	*	2
1193	47729	177	92	0	0	*	2
1194	47769	179	93	0	0	*	2
1195	47809	180	93	0	0	*	2
1196	47849	182	93	0	0	*	2
1197	47889	184	94	0	0	*	2
1198	47929	185	94	0	0	*	2
1199	47969	187	95	0	0	*	2
1200	48009	189	95	0	0	*	2
1201	48049	191	95	0	0	*	2
1202	48089	193	96	0	0	*	2
1203	48129	195	97	0	0	*	2
1204	48169	196	97	0	0	*	2
1205	48209	198	97	0	0	*	2
1206	48249	200	98	0	0	*	2
1207	48289	201	98	0	0	*	2
1208	48329	203	98	0	0	*	2
1209	48369	205	99	0	0	*	2
1210	48409	206	99	0	0	*	2
1211	48449	208	99	0	0	*	2
1212	48489	209	99	0	0	*	2
1213	48529	210	99	0	0	*	2
1214	48569	211	99	0	0	*	2
1215	48609	212	99	0	0	*	2
1216	48649	213	99	0	0	*	2
1217	48689	214	99	0	0	*	2
1218	48729	214	99	0	0	*	2
1219	48769	215	98	0	0	*	2
1220	48809	216	98	0	0	*	2
1221	48849	217	98	0	0	*	2
1222	48889	218	97	0	0	*	2
1223	48929	218	97	0	0	*	2
1224	48969	218	97	0	0	*	2
1225	49009	219	96	0	0	*	2
1226	49049	219	96	0	0	*	2
1227	49089	219	95	0	0	*	2
1228	49129	219	94	0	0	*	2
1229	49169	219	94	0	0	*	2
1230	49209	218	93	0	0	*	2
1231	49249	218	93	0	0	*	2
1232	49289	218	93	0	0	*	2
1233	49329	218	93	0	0	*	2
1234	49369	217	92	0	0	*	2
1235	49409	216	92	0	0	*	2
1236	49449	215	92	0	0	*	2
1237	49489	215	92	0	0	*	2
1238	49529	214	92	0	0	*	2
1239	49569	213	91	0	0	*	2
1240	49609	212	91	0	0	*	2
1241	49649	211	91	0	0	*	2
1242	49689	210	92	0	0	*	2
1243	49729	210	92	0	0	*	2
1244	49769	208	92	0	0	*	2
1245	49809	207	92	0	0	*	2
1246	49849	206	92	0	0	*	2
1247	49889	205	93	0	0	*	2
1248	49929	204	93	0	0	*	2
1249	49969	202	93	0	0	*	2
1250	50009	201	93	0	0	*	2
1251	50049	200	94	0	0	*	2
1252	50089	199	94	0	0	*	2
1253	50129	198	95	0	0	*	2
1254	50169	196	95	0	0	*	2
1255	50209	194	96	0	0	*	2
1256	50249	194	96	0	0	*	2
1257	50289	193	96	0	0	*	2
1258	50329	191	97	0	0	*	2
1259	50369	190	98	0	0	*	2
1260	50409	188	99	0	0	*	2
1261	50449	186	99	0	0	*	2
1262	50489	185	100	0	0	*	2
1263	50529	184	100	0	0	*	2
1264	50569	183	101	0	0	*	2
1265	50609	182	102	0	0	*	2
1266	50649	181	103	0	0	*	2
1267	50689	179	104	0	0	*	2
1268	50729	178	104	0	0	*	2
1269	50769	177	105	0	0	*	2
1270	50809	176	106	0	0	*	2
1271	50849	175	107	0	0	*	2
1272	50889	173	108	0	0	*	2
1273	50929	172	109	0	0	*	2
1274	50969	171	110	0	0	*	2
1275	51009	170	111	0	0	*	2
1276	51049	169	113	0	0	*	2
1277	51089	168	114	0	0	*	2
1278	51129	167	115	0	0	*	2
1279	51169	165	116	0	0	*	2
1280	51209	164	117	0	0	*	2
1281	51249	163	118	0	0	*	2
1282	51289	162	120	0	0	*	2
1283	51329	161	121	0	0	*	2
1284	51369	160	123	0	0	*	2
1285	51409	159	124	0	0	*	2
1286	51449	158	125	0	0	*	2
1287	51489	157	127	0	0	*	2
1288	51529	156	129	0	0	*	2
1289	51569	155	130	0	0	*	2
1290	51609	154	131	0	0	*	2
1291	51649	153	133	0	0	*	2
1292	51689	152	134	0	0	*	2
1293	51729	151	136	0	0	*	2
1294	51769	150	138	0	0	*	2
1295	51809	149	139	0	0	*	2
1296	51849	148	140	0	0	*	2
1297	51889	147	142	0	0	*	2
1298	51929	146	143	0	0	*	2
1299	51969	146	145	0	0	*	2
1300	52009	145	147	0	0	*	2
1301	52049	144	148	0	0	*	2
1302	52089	143	150	0	0	*	2
1303	52129	142	152	0	0	*	2
1304	52169	142	153	0	0	*	2
1305	52209	141	155	0	0	*	2
1306	52249	140	157	0	0	*	2
1307	52289	139	159	0	0	*	2
1308	52329	139	160	0	0	*	2
1309	52369	138	162	0	0	*	2
1310	52409	137	164	0	0	*	2
1311	52449	136	166	0	0	*	2
1312	52489	136	167	0	0	*	2
1313	52529	135	169	0	0	*	2
1314	52569	135	170	0	0	*	2
1315	52609	134	172	0	0	*	2
1316	52649	134	174	0	0	*	2
1317	52689	134	176	0	0	*	2
1318	52729	134	177	0	0	*	2
1319	52769	133	179	0	0	*	2
1320	52809	133	181	0	0	*	2
1321	52849	132	183	0	0	*	2
1322	52889	132	184	0	0	*	2
1323	52929	131	186	0	0	*	2
1324	52969	131	188	0	0	*	2
1325	53009	131	189	0	0	*	2
1326	53049	130	191	0	0	*	2
1327	53089	130	193	0	0	*	2
1328	53129	129	195	0	0	*	2
1329	53169	129	196	0	0	*	2
1330	53209	129	198	0	0	*	2
1331	53249	129	200	0	0	*	2
1332	53289	128	201	0	0	*	2
1333	53329	128	203	0	0	*	2
1334	53369	127	205	0	0	*	2
1335	53409	127	206	0	0	*	2
1336	53449	127	208	0	0	*	2
1337	53489	127	209	0	0	*	2
1338	53529	126	211	0	0	*	2
1339	53569	126	212	0	0	*	2
1340	53609	126	213	0	0	*	2
1341	53649	125	215	0	0	*	2
1342	53689	125	216	0	0	*	2
1343	53729	125	218	0	0	*	2
1344	53769	125	219	0	0	*	2
1345	53809	125	220	0	0	*	2
1346	53849	125	221	0	0	*	2
1347	53889	126	222	0	0	*	2
1348	53929	126	223	0	0	*	2
1349	53969	127	224	0	0	*	2
1350	54009	127	225	0	0	*	2
1351	54049	127	226	0	0	*	2
1352	54089	128	227	0	0	*	2
1353	54129	128	227	0	0	*	2
1354	54169	128	227	0	0	*	2
1355	54209	130	228	0	0	*	2
1356	54249	130	229	0	0	*	2
1357	54289	130	229	0	0	*	2
1358	54329	132	229	0	0	*	2
1359	54369	132	229	0	0	*	2
1360	54409	133	229	0	0	*	2
1361	54449	133	229	0	0	*	2
1362	54489	134	229	0	0	*	2
1363	54529	134	229	0	0	*	2
1364	54569	135	229	0	0	*	2
1365	54609	136	229	0	0	*	2
1366	54649	137	228	0	0	*	2
1367	54689	137	227	0	0	*	2
1368	54729	138	227	0	0	*	2
1369	54769	139	226	0	0	*	2
1370	54809	140	225	0	0	*	2
1371	54849	140	224	0	0	*	2
1372	54889	141	223	0	0	*	2
1373	54929	142	223	0	0	*	2
1374	54969	143	221	0	0	*	2
1375	55009	143	220	0	0	*	2
1376	55049	143	220	0	0	*	2
1377	55089	144	218	0	0	*	2
1378	55129	144	217	0	0	*	2
1379	55169	145	216	0	0	*	2
1380	55209	145	214	0	0	*	2
1381	55249	146	213	0	0	*	2
1382	55289	146	212	0	0	*	2
1383	55329	146	210	0	0	*	2
1384	55369	146	209	0	0	*	2
1385	55409	147	208	0	0	*	2
1386	55449	147	206	0	0	*	2
1387	55489	147	205	0	0	*	2
1388	55529	147	203	0	0	*	2
1389	55569	147	202	0	0	*	2
1390	55609	147	200	0	0	*	2
1391	55649	147	198	0	0	*	2
1392	55689	147	197	0	0	*	2
1393	55729	147	195	0	0	*	2
1394	55769	147	194	0	0	*	2
1395	55809	147	192	0	0	*	2
1396	55849	147	190	0	0	*	2
1397	55889	147	189	0	0	*	2
1398	55929	147	187	0	0	*	2
1399	55969	146	186	0	0	*	2
1400	56009	146	184	0	0	*	2
1401	56049	146	183	0	0	*	2
1402	56089	146	181	0	0	*	2
1403	56129	146	179	0	0	*	2
1404	56169	146	178	0	0	*	2
1405	56209	146	176	0	0	*	2
1406	56249	145	174	0	0	*	2
1407	56289	145	173	0	0	*	2
1408	56329	145	171	0	0	*	2
1409	56369	145	169	0	0	*	2
1410	56409	145	167	0	0	*	2
1411	56449	144	166	0	0	*	2
1412	56489	144	164	0	0	*	2
1413	56529	143	162	0	0	*	2
1414	56569	143	161	0	0	*	2
1415	56609	142	160	0	0	*	2
1416	56649	142	158	0	0	*	2
1417	56689	141	156	0	0	*	2
1418	56729	140	154	0	0	*	2
1419	56769	140	153	0	0	*	2
1420	56809	139	152	0	0	*	2
1421	56849	138	150	0	0	*	2
1422	56889	137	148	0	0	*	2
1423	56929	137	147	0	0	*	2
1424	56969	136	145	0	0	*	2
1425	57009	135	143	0	0	*	2
1426	57049	134	142	0	0	*	2
1427	57089	133	140	0	0	*	2
1428	57129	132	139	0	0	*	2
1429	57169	131	138	0	0	*	2
1430	57209	130	137	0	0	*	2
1431	57249	129	135	0	0	*	2
1432	57289	128	134	0	0	*	2
1433	57329	126	133	0	0	*	2
1434	57369	125	132	0	0	*	2
1435	57409	124	131	0	0	*	2
1436	57449	122	129	0	0	*	2
1437	57489	121	128	0	0	*	2
1438	57529	120	127	0	0	*	2
1439	57569	119	126	0	0	*	2
1440	57609	118	124	0	0	*	2
1441	57649	116	123	0	0	*	2
1442	57689	114	122	0	0	*	2
1443	57729	113	121	0	0	*	2
1444	57769	112	120	0	0	*	2
1445	57809	110	119	0	0	*	2
1446	57849	109	118	0	0	*	2
1447	57889	107	117	0	0	*	2
1448	57929	106	116	0	0	*	2
1449	57969	104	115	0	0	*	2
1450	58009	102	114	0	0	*	2
1451	58049	101	113	0	0	*	2
1452	58089	99	112	0	0	*	2
1453	58129	97	111	0	0	*	2
1454	58169	96	111	0	0	*	2
1455	58209	95	110	0	0	*	2
1456	58249	93	109	0	0	*	2
1457	58289	92	108	0	0	*	2
1458	58329	90	107	0	0	*	2
1459	58369	89	107	0	0	*	2
1460	58409	87	106	0	0	*	2
1461	58449	85	105	0	0	*	2
1462	58489	84	104	0	0	*	2
1463	58529	83	103	0	0	*	2
1464	58569	81	102	0	0	*	2
1465	58609	79	101	0	0	*	2
1466	58649	78	100	0	0	*	2
1467	58689	76	99	0	0	*	2
1468	58729	74	98	0	0	*	2
1469	58769	73	97	0	0	*	2
1470	58809	72	96	0	0	*	2
1471	58849	71	95	0	0	*	2
1472	58889	69	94	0	0	*	2
1473	58929	67	94	0	0	*	2
1474	58969	66	93	0	0	*	2
1475	59009	64	92	0	0	*	2
1476	59049	63	91	0	0	*	2
1477	59089	61	90	0	0	*	2
1478	59129	60	89	0	0	*	2
1479	59169	59	88	0	0	*	2
1480	59209	57	87	0	0	*	2
1481	59249	56	86	0	0	*	2
1482	59289	54	85	0	0	*	2
1483	59329	53	84	0	0	*	2
1484	59369	51	83	0	0	*	2
1485	59409	50	82	0	0	*	2
1486	59449	49	81	0	0	*	2
1487	59489	48	80	0	0	*	2
1488	59529	46	79	0	0	*	2
1489	59569	45	78	0	0	*	2
1490	59609	44	77	0	0	*	2
1491	59649	42	76	0	0	*	2
1492	59689	41	75	0	0	*	2
1493	59729	39	74	0	0	*	2
1494	59769	38	73	0	0	*	2
1495	59809	36	71	0	0	*	2
1496	59849	34	70	0	0	*	2
1497	59889	32	69	0	0	*	2
1498	59929	31	68	0	0	*	2
1499	59969	30	67	0	0	*	2
1500	60009	30	67	0	0	*	2
1501	60049	29	66	0	0	*	2
1502	60089	28	66	0	0	*	2
1503	60129	28	65	0	0	*	2
1504	60169	27	65	0	0	*	2
1505	60209	26	64	0	0	*	2
1506	60249	26	64	0	0	*	2
1507	60289	26	64	0	0	*	2
1508	60329	26	64	0	0	*	2
1509	60369	26	63	0	0	*	2
1510	60409	25	63	0	0	*	2
1511	60449	24	63	0	0	*	2
1512	60489	24	63	0	0	*	2
1513	60529	24	64	0	0	*	2
1514	60569	24	64	0	0	*	2
1515	60609	24	64	0	0	*	2
1516	60649	24	65	0	0	*	2
1517	60689	24	66	0	0	*	2
1518	60729	24	67	0	0	*	2
1519	60769	24	67	0	0	*	2
1520	60809	23	68	0	0	*	2
1521	60849	24	69	0	0	*	2
1522	60889	24	69	0	0	*	2
1523	60929	24	70	0	0	*	2
1524	60969	23	70	0	0	*	2
