%%BEGIN_HEADER
	%%BEGIN DATABASE_INFORMATION
		%Date.0 ( 16.10.2019 )
		%Time.0 ( 12:24 )
	%%END DATABASE_INFORMATION
	%%BEGIN SETUP_INFORMATION
		%TrackerVersion.0 ( Tracker version 2.38 release 12.8.2012 )
		%ElapsedTime_ms.0 ( 61185 )
		%Paradigm.0 ( PlacePreference )
		%FeederParameters.0 ( 1500 0 )
			// %FeederParameters.0 ( ENTRANCE_LATENCY EXIT_LATENCY )
		%ElapsedPath_m.0 ( 0.00 )
		%ArenaDiameter_m.0 ( 1.80 )
		%TrackerResolution_PixPerCM.0 ( 1.4222 )
		%ArenaCenterXY.0 ( 127.5 127.5 )
		%Frame.0 ( RoomFrame )
		%ReinforcedSector.0 ( 64.3907 64.3907 7 )
			//%ReinforcedSector.0 ( CENTER_X CENTER_Y RADIUS )
		%RoomTrackReinforcedSector.0 ( 64.3907 64.3907 7 )
			//%RoomTrackReinforcedSector.0 ( CENTER_X CENTER_Y RADIUS )
	%%END SETUP_INFORMATION
	%%BEGIN RECORD_FORMAT
		%Sample.0 ( FrameCount 1msTimeStamp RoomX RoomY Sectors State Flags FrameInfo )
			//Sectors indicate if the object is in a target. Number is binary coded. Sectors = 0: no target, Sectors = 1: room target, Sectors: = 2 arena target, Sectors: = 3 room and arena target
			////State indicates the Watermaze State: OutsideTarget = 0, EntranceLatency = 1, InsideTarget = 3, OutsideRefractory = 4, BadSpot = 5
			//FrameInfo indicates succesfuly tracked spots: ReferencePoint * 2^0 + Spot0 * 2^(1+0) + Spot1 * 2^(1+1) + Spot2 * 2^(1+2) .... 
	%%END RECORD_FORMAT
%%END_HEADER
1	64	122	237	0	0	*	2
2	104	122	235	0	0	*	2
3	144	121	234	0	0	*	2
4	184	120	234	0	0	*	2
5	224	118	232	0	0	*	2
6	264	117	231	0	0	*	2
7	304	115	231	0	0	*	2
8	344	114	231	0	0	*	2
9	384	112	230	0	0	*	2
10	424	111	229	0	0	*	2
11	464	109	229	0	0	*	2
12	504	107	228	0	0	*	2
13	544	105	229	0	0	*	2
14	584	103	229	0	0	*	2
15	624	101	229	0	0	*	2
16	664	98	229	0	0	*	2
17	704	97	229	0	0	*	2
18	744	94	229	0	0	*	2
19	784	92	229	0	0	*	2
20	824	89	230	0	0	*	2
21	864	87	230	0	0	*	2
22	904	84	230	0	0	*	2
23	944	82	230	0	0	*	2
24	984	79	230	0	0	*	2
25	1024	76	231	0	0	*	2
26	1064	73	231	0	0	*	2
27	1104	71	231	0	0	*	2
28	1144	68	231	0	0	*	2
29	1184	66	231	0	0	*	2
30	1224	64	231	0	0	*	2
31	1264	62	230	0	0	*	2
32	1304	60	229	0	0	*	2
33	1344	59	227	0	0	*	2
34	1384	58	225	0	0	*	2
35	1424	56	223	0	0	*	2
36	1464	55	221	0	0	*	2
37	1504	54	219	0	0	*	2
38	1544	53	216	0	0	*	2
39	1584	53	214	0	0	*	2
40	1624	55	216	0	0	*	2
41	1664	54	214	0	0	*	2
42	1704	49	209	0	0	*	2
43	1744	52	210	0	0	*	2
44	1784	48	204	0	0	*	2
45	1824	51	207	0	0	*	2
46	1864	47	199	0	0	*	2
47	1904	49	203	0	0	*	2
48	1944	48	200	0	0	*	2
49	1984	45	192	0	0	*	2
50	2024	47	196	0	0	*	2
51	2064	46	193	0	0	*	2
52	2104	45	190	0	0	*	2
53	2144	45	187	0	0	*	2
54	2184	44	185	0	0	*	2
55	2224	43	176	0	0	*	2
56	2264	42	172	0	0	*	2
57	2304	42	177	0	0	*	2
58	2344	42	173	0	0	*	2
59	2384	41	164	0	0	*	2
60	2424	41	162	0	0	*	2
61	2464	40	159	0	0	*	2
62	2504	40	162	0	0	*	2
63	2544	40	159	0	0	*	2
64	2584	40	150	0	0	*	2
65	2624	39	147	0	0	*	2
66	2664	39	143	0	0	*	2
67	2704	38	140	0	0	*	2
68	2744	38	138	0	0	*	2
69	2784	38	135	0	0	*	2
70	2824	37	132	0	0	*	2
71	2864	37	129	0	0	*	2
72	2904	36	125	0	0	*	2
73	2944	36	123	0	0	*	2
74	2984	36	120	0	0	*	2
75	3024	35	117	0	0	*	2
76	3064	34	114	0	0	*	2
77	3104	33	111	0	0	*	2
78	3144	32	108	0	0	*	2
79	3184	32	105	0	0	*	2
80	3224	31	102	0	0	*	2
81	3264	30	99	0	0	*	2
82	3304	29	96	0	0	*	2
83	3344	28	93	0	0	*	2
84	3384	27	91	0	0	*	2
85	3424	25	89	0	0	*	2
86	3464	24	86	0	0	*	2
87	3504	23	84	0	0	*	2
88	3544	21	81	0	0	*	2
89	3584	22	84	0	0	*	2
90	3624	20	81	0	0	*	2
91	3664	18	80	0	0	*	2
92	3704	18	79	0	0	*	2
93	3744	17	78	0	0	*	2
94	3784	17	76	0	0	*	2
95	3824	18	74	0	0	*	2
96	3864	19	72	0	0	*	2
97	3904	20	71	0	0	*	2
98	3944	22	71	0	0	*	2
99	3984	23	71	0	0	*	2
100	4024	24	71	0	0	*	2
101	4064	24	70	0	0	*	2
102	4104	25	70	0	0	*	2
103	4144	28	65	0	0	*	2
104	4184	26	69	0	0	*	2
105	4224	27	67	0	0	*	2
106	4264	28	66	0	0	*	2
107	4304	30	64	0	0	*	2
108	4344	32	62	0	0	*	2
109	4384	33	62	0	0	*	2
110	4424	33	61	0	0	*	2
111	4464	35	60	0	0	*	2
112	4504	36	59	0	0	*	2
113	4544	38	59	0	0	*	2
114	4584	39	58	0	0	*	2
115	4624	42	57	0	0	*	2
116	4664	44	56	0	0	*	2
117	4704	47	56	0	0	*	2
118	4744	49	56	0	0	*	2
119	4784	51	56	0	0	*	2
120	4824	59	58	0	0	*	2
121	4864	55	56	0	0	*	2
122	4904	57	56	0	0	*	2
123	4944	58	57	0	0	*	2
124	4984	59	58	0	1	*	2
125	5024	60	60	0	1	*	2
126	5064	61	61	0	1	*	2
127	5104	62	62	0	1	*	2
128	5144	64	65	0	1	*	2
129	5184	65	66	0	1	*	2
130	5224	65	67	0	1	*	2
131	5264	66	68	0	1	*	2
132	5304	66	69	0	1	*	2
133	5344	65	68	0	1	*	2
134	5384	65	69	0	1	*	2
135	5424	67	70	0	1	*	2
136	5464	69	72	0	1	*	2
137	5504	70	73	0	0	*	2
138	5544	70	73	0	0	*	2
139	5584	71	73	0	0	*	2
140	5624	69	71	0	1	*	2
141	5664	70	73	0	0	*	2
142	5704	71	73	0	0	*	2
143	5744	72	74	0	0	*	2
144	5784	73	76	0	0	*	2
145	5824	87	91	0	0	*	2
146	5864	88	91	0	0	*	2
147	5904	89	92	0	0	*	2
148	5944	90	93	0	0	*	2
149	5984	92	93	0	0	*	2
150	6024	93	94	0	0	*	2
151	6064	95	94	0	0	*	2
152	6104	97	95	0	0	*	2
153	6144	98	95	0	0	*	2
154	6184	100	96	0	0	*	2
155	6224	102	97	0	0	*	2
156	6264	104	98	0	0	*	2
157	6304	106	99	0	0	*	2
158	6344	108	100	0	0	*	2
159	6384	109	101	0	0	*	2
160	6424	111	102	0	0	*	2
161	6464	113	104	0	0	*	2
162	6504	114	105	0	0	*	2
163	6544	116	107	0	0	*	2
164	6584	118	108	0	0	*	2
165	6624	119	110	0	0	*	2
166	6664	121	112	0	0	*	2
167	6704	121	114	0	0	*	2
168	6744	123	116	0	0	*	2
169	6784	124	118	0	0	*	2
170	6824	125	119	0	0	*	2
171	6864	126	122	0	0	*	2
172	6904	127	124	0	0	*	2
173	6944	128	126	0	0	*	2
174	6984	130	128	0	0	*	2
175	7024	131	130	0	0	*	2
176	7064	132	132	0	0	*	2
177	7104	133	135	0	0	*	2
178	7144	134	137	0	0	*	2
179	7184	135	139	0	0	*	2
180	7224	136	141	0	0	*	2
181	7264	137	143	0	0	*	2
182	7304	138	146	0	0	*	2
183	7344	139	148	0	0	*	2
184	7384	140	150	0	0	*	2
185	7424	142	153	0	0	*	2
186	7464	143	155	0	0	*	2
187	7504	144	158	0	0	*	2
188	7544	145	160	0	0	*	2
189	7584	146	162	0	0	*	2
190	7624	148	165	0	0	*	2
191	7664	149	167	0	0	*	2
192	7704	150	169	0	0	*	2
193	7744	152	172	0	0	*	2
194	7784	153	174	0	0	*	2
195	7824	155	177	0	0	*	2
196	7864	157	179	0	0	*	2
197	7904	158	181	0	0	*	2
198	7944	159	184	0	0	*	2
199	7984	161	186	0	0	*	2
200	8024	162	188	0	0	*	2
201	8064	164	190	0	0	*	2
202	8104	166	192	0	0	*	2
203	8144	168	194	0	0	*	2
204	8184	170	197	0	0	*	2
205	8224	171	199	0	0	*	2
206	8264	173	201	0	0	*	2
207	8304	175	203	0	0	*	2
208	8344	176	205	0	0	*	2
209	8384	178	208	0	0	*	2
210	8424	180	209	0	0	*	2
211	8464	182	211	0	0	*	2
212	8504	184	213	0	0	*	2
213	8544	185	215	0	0	*	2
214	8584	187	216	0	0	*	2
215	8624	189	219	0	0	*	2
216	8664	191	220	0	0	*	2
217	8704	192	222	0	0	*	2
218	8744	193	224	0	0	*	2
219	8784	191	221	0	0	*	2
220	8824	192	223	0	0	*	2
221	8864	192	224	0	0	*	2
222	8904	192	225	0	0	*	2
223	8944	191	227	0	0	*	2
224	8984	189	230	0	0	*	2
225	9024	188	230	0	0	*	2
226	9064	187	230	0	0	*	2
227	9104	188	228	0	0	*	2
228	9144	184	229	0	0	*	2
229	9184	182	229	0	0	*	2
230	9224	184	227	0	0	*	2
231	9264	179	228	0	0	*	2
232	9304	177	228	0	0	*	2
233	9344	175	228	0	0	*	2
234	9384	173	227	0	0	*	2
235	9424	177	227	0	0	*	2
236	9464	176	227	0	0	*	2
237	9504	169	226	0	0	*	2
238	9544	166	225	0	0	*	2
239	9584	164	224	0	0	*	2
240	9624	162	222	0	0	*	2
241	9664	161	222	0	0	*	2
242	9704	158	221	0	0	*	2
243	9744	157	220	0	0	*	2
244	9784	154	220	0	0	*	2
245	9824	152	219	0	0	*	2
246	9864	149	218	0	0	*	2
247	9904	146	217	0	0	*	2
248	9944	144	217	0	0	*	2
249	9984	142	216	0	0	*	2
250	10024	138	215	0	0	*	2
251	10064	136	214	0	0	*	2
252	10104	133	214	0	0	*	2
253	10144	130	213	0	0	*	2
254	10184	127	213	0	0	*	2
255	10224	124	212	0	0	*	2
256	10264	122	211	0	0	*	2
257	10304	119	211	0	0	*	2
258	10344	116	210	0	0	*	2
259	10384	114	210	0	0	*	2
260	10424	110	209	0	0	*	2
261	10464	109	209	0	0	*	2
262	10504	106	209	0	0	*	2
263	10544	103	208	0	0	*	2
264	10584	100	208	0	0	*	2
265	10624	97	207	0	0	*	2
266	10664	94	206	0	0	*	2
267	10704	92	206	0	0	*	2
268	10744	89	206	0	0	*	2
269	10784	86	205	0	0	*	2
270	10824	84	205	0	0	*	2
271	10864	81	204	0	0	*	2
272	10904	78	204	0	0	*	2
273	10944	76	203	0	0	*	2
274	10984	73	202	0	0	*	2
275	11024	71	202	0	0	*	2
276	11064	68	201	0	0	*	2
277	11104	65	200	0	0	*	2
278	11144	62	199	0	0	*	2
279	11184	60	199	0	0	*	2
280	11224	57	198	0	0	*	2
281	11264	54	198	0	0	*	2
282	11304	52	197	0	0	*	2
283	11344	49	196	0	0	*	2
284	11384	47	195	0	0	*	2
285	11424	44	194	0	0	*	2
286	11464	41	194	0	0	*	2
287	11504	39	193	0	0	*	2
288	11544	36	192	0	0	*	2
289	11584	35	191	0	0	*	2
290	11624	33	190	0	0	*	2
291	11664	31	189	0	0	*	2
292	11704	31	187	0	0	*	2
293	11744	34	190	0	0	*	2
294	11784	33	188	0	0	*	2
295	11824	32	186	0	0	*	2
296	11864	31	185	0	0	*	2
297	11904	31	185	0	0	*	2
298	11944	30	184	0	0	*	2
299	11984	29	183	0	0	*	2
300	12024	29	182	0	0	*	2
301	12064	29	180	0	0	*	2
302	12104	29	178	0	0	*	2
303	12144	30	175	0	0	*	2
304	12184	30	173	0	0	*	2
305	12224	30	172	0	0	*	2
306	12264	31	170	0	0	*	2
307	12304	31	167	0	0	*	2
308	12344	32	166	0	0	*	2
309	12384	32	164	0	0	*	2
310	12424	34	156	0	0	*	2
311	12464	33	161	0	0	*	2
312	12504	33	159	0	0	*	2
313	12544	35	149	0	0	*	2
314	12584	34	154	0	0	*	2
315	12624	34	152	0	0	*	2
316	12664	34	149	0	0	*	2
317	12704	35	146	0	0	*	2
318	12744	35	137	0	0	*	2
319	12784	35	134	0	0	*	2
320	12824	35	131	0	0	*	2
321	12864	35	136	0	0	*	2
322	12904	35	133	0	0	*	2
323	12944	35	123	0	0	*	2
324	12984	35	121	0	0	*	2
325	13024	34	118	0	0	*	2
326	13064	34	116	0	0	*	2
327	13104	34	113	0	0	*	2
328	13144	34	110	0	0	*	2
329	13184	34	108	0	0	*	2
330	13224	33	105	0	0	*	2
331	13264	33	102	0	0	*	2
332	13304	32	100	0	0	*	2
333	13344	32	98	0	0	*	2
334	13384	31	95	0	0	*	2
335	13424	31	93	0	0	*	2
336	13464	31	90	0	0	*	2
337	13504	30	88	0	0	*	2
338	13544	30	85	0	0	*	2
339	13584	30	89	0	0	*	2
340	13624	29	79	0	0	*	2
341	13664	28	77	0	0	*	2
342	13704	27	74	0	0	*	2
343	13744	27	77	0	0	*	2
344	13784	27	75	0	0	*	2
345	13824	27	73	0	0	*	2
346	13864	27	70	0	0	*	2
347	13904	26	68	0	0	*	2
348	13944	27	66	0	0	*	2
349	13984	27	64	0	0	*	2
350	14024	27	62	0	0	*	2
351	14064	28	60	0	0	*	2
352	14104	30	59	0	0	*	2
353	14144	30	58	0	0	*	2
354	14184	30	57	0	0	*	2
355	14224	31	56	0	0	*	2
356	14264	33	55	0	0	*	2
357	14304	35	54	0	0	*	2
358	14344	37	53	0	0	*	2
359	14384	38	52	0	0	*	2
360	14424	40	52	0	0	*	2
361	14464	44	52	0	0	*	2
362	14504	46	52	0	0	*	2
363	14544	48	53	0	0	*	2
364	14584	50	53	0	0	*	2
365	14624	51	54	0	0	*	2
366	14664	53	55	0	0	*	2
367	14704	54	55	0	0	*	2
368	14744	54	55	0	0	*	2
369	14784	55	56	0	0	*	2
370	14824	56	57	0	0	*	2
371	14864	57	58	0	0	*	2
372	14904	58	59	0	0	*	2
373	14944	58	60	0	1	*	2
374	14984	59	62	0	1	*	2
375	15024	60	63	0	1	*	2
376	15064	61	65	0	1	*	2
377	15104	63	69	0	1	*	2
378	15144	65	70	0	1	*	2
379	15184	63	69	0	1	*	2
380	15224	64	70	0	1	*	2
381	15264	66	71	0	1	*	2
382	15304	67	72	0	1	*	2
383	15344	68	73	0	0	*	2
384	15384	69	75	0	0	*	2
385	15424	67	73	0	1	*	2
386	15464	68	74	0	0	*	2
387	15504	69	76	0	0	*	2
388	15544	69	78	0	0	*	2
389	15584	82	94	0	0	*	2
390	15624	83	95	0	0	*	2
391	15664	85	97	0	0	*	2
392	15704	86	98	0	0	*	2
393	15744	87	100	0	0	*	2
394	15784	89	101	0	0	*	2
395	15824	90	102	0	0	*	2
396	15864	92	104	0	0	*	2
397	15904	94	106	0	0	*	2
398	15944	96	107	0	0	*	2
399	15984	97	109	0	0	*	2
400	16024	100	110	0	0	*	2
401	16064	101	112	0	0	*	2
402	16104	103	114	0	0	*	2
403	16144	105	116	0	0	*	2
404	16184	107	117	0	0	*	2
405	16224	109	119	0	0	*	2
406	16264	111	121	0	0	*	2
407	16304	112	123	0	0	*	2
408	16344	114	125	0	0	*	2
409	16384	116	127	0	0	*	2
410	16424	118	129	0	0	*	2
411	16464	120	131	0	0	*	2
412	16504	121	132	0	0	*	2
413	16544	123	135	0	0	*	2
414	16584	124	137	0	0	*	2
415	16624	126	138	0	0	*	2
416	16664	128	140	0	0	*	2
417	16704	130	142	0	0	*	2
418	16744	131	144	0	0	*	2
419	16784	133	146	0	0	*	2
420	16824	134	148	0	0	*	2
421	16864	136	149	0	0	*	2
422	16904	138	151	0	0	*	2
423	16944	140	153	0	0	*	2
424	16984	142	155	0	0	*	2
425	17024	144	157	0	0	*	2
426	17064	146	159	0	0	*	2
427	17104	147	160	0	0	*	2
428	17144	150	162	0	0	*	2
429	17184	151	164	0	0	*	2
430	17224	153	166	0	0	*	2
431	17264	155	168	0	0	*	2
432	17304	157	170	0	0	*	2
433	17344	159	172	0	0	*	2
434	17384	161	174	0	0	*	2
435	17424	163	175	0	0	*	2
436	17464	165	178	0	0	*	2
437	17504	167	180	0	0	*	2
438	17544	169	181	0	0	*	2
439	17584	171	183	0	0	*	2
440	17624	173	185	0	0	*	2
441	17664	174	187	0	0	*	2
442	17704	177	189	0	0	*	2
443	17744	179	190	0	0	*	2
444	17784	181	192	0	0	*	2
445	17824	182	193	0	0	*	2
446	17864	184	195	0	0	*	2
447	17904	186	197	0	0	*	2
448	17944	188	198	0	0	*	2
449	17984	190	200	0	0	*	2
450	18024	193	201	0	0	*	2
451	18064	194	203	0	0	*	2
452	18104	196	204	0	0	*	2
453	18144	194	202	0	0	*	2
454	18184	196	205	0	0	*	2
455	18224	201	209	0	0	*	2
456	18264	199	207	0	0	*	2
457	18304	201	209	0	0	*	2
458	18344	202	209	0	0	*	2
459	18384	204	211	0	0	*	2
460	18424	205	211	0	0	*	2
461	18464	206	212	0	0	*	2
462	18504	207	212	0	0	*	2
463	18544	208	212	0	0	*	2
464	18584	209	212	0	0	*	2
465	18624	211	212	0	0	*	2
466	18664	211	211	0	0	*	2
467	18704	211	210	0	0	*	2
468	18744	211	209	0	0	*	2
469	18784	211	209	0	0	*	2
470	18824	211	208	0	0	*	2
471	18864	211	208	0	0	*	2
472	18904	212	208	0	0	*	2
473	18944	213	208	0	0	*	2
474	18984	213	209	0	0	*	2
475	19024	213	210	0	0	*	2
476	19064	212	211	0	0	*	2
477	19104	211	212	0	0	*	2
478	19144	209	213	0	0	*	2
479	19184	208	213	0	0	*	2
480	19224	207	213	0	0	*	2
481	19264	206	214	0	0	*	2
482	19304	205	214	0	0	*	2
483	19344	204	213	0	0	*	2
484	19384	203	215	0	0	*	2
485	19424	203	214	0	0	*	2
486	19464	201	214	0	0	*	2
487	19504	199	214	0	0	*	2
488	19544	199	213	0	0	*	2
489	19584	196	213	0	0	*	2
490	19624	198	212	0	0	*	2
491	19664	192	213	0	0	*	2
492	19704	190	213	0	0	*	2
493	19744	188	213	0	0	*	2
494	19784	187	213	0	0	*	2
495	19824	185	214	0	0	*	2
496	19864	183	214	0	0	*	2
497	19904	181	214	0	0	*	2
498	19944	179	215	0	0	*	2
499	19984	177	215	0	0	*	2
500	20024	175	215	0	0	*	2
501	20064	172	216	0	0	*	2
502	20104	170	216	0	0	*	2
503	20144	168	217	0	0	*	2
504	20184	165	217	0	0	*	2
505	20224	170	217	0	0	*	2
506	20264	160	217	0	0	*	2
507	20304	158	217	0	0	*	2
508	20344	156	217	0	0	*	2
509	20384	152	218	0	0	*	2
510	20424	150	218	0	0	*	2
511	20464	147	218	0	0	*	2
512	20504	145	219	0	0	*	2
513	20544	142	219	0	0	*	2
514	20584	140	220	0	0	*	2
515	20624	137	220	0	0	*	2
516	20664	134	221	0	0	*	2
517	20704	132	222	0	0	*	2
518	20744	129	222	0	0	*	2
519	20784	127	223	0	0	*	2
520	20824	124	225	0	0	*	2
521	20864	121	225	0	0	*	2
522	20904	119	226	0	0	*	2
523	20944	116	227	0	0	*	2
524	20984	114	228	0	0	*	2
525	21024	111	229	0	0	*	2
526	21064	109	231	0	0	*	2
527	21104	107	231	0	0	*	2
528	21144	104	232	0	0	*	2
529	21184	102	232	0	0	*	2
530	21224	100	233	0	0	*	2
531	21264	97	234	0	0	*	2
532	21304	95	235	0	0	*	2
533	21344	93	235	0	0	*	2
534	21384	90	236	0	0	*	2
535	21424	88	236	0	0	*	2
536	21464	86	237	0	0	*	2
537	21504	84	238	0	0	*	2
538	21544	81	238	0	0	*	2
539	21584	84	237	0	0	*	2
540	21624	81	237	0	0	*	2
541	21664	80	237	0	0	*	2
542	21704	78	236	0	0	*	2
543	21744	77	236	0	0	*	2
544	21784	70	233	0	0	*	2
545	21824	69	231	0	0	*	2
546	21864	73	232	0	0	*	2
547	21904	70	230	0	0	*	2
548	21944	69	228	0	0	*	2
549	21984	62	224	0	0	*	2
550	22024	61	222	0	0	*	2
551	22064	64	224	0	0	*	2
552	22104	63	222	0	0	*	2
553	22144	61	221	0	0	*	2
554	22184	61	219	0	0	*	2
555	22224	59	218	0	0	*	2
556	22264	58	216	0	0	*	2
557	22304	56	214	0	0	*	2
558	22344	54	212	0	0	*	2
559	22384	53	210	0	0	*	2
560	22424	51	209	0	0	*	2
561	22464	49	207	0	0	*	2
562	22504	48	205	0	0	*	2
563	22544	46	202	0	0	*	2
564	22584	44	200	0	0	*	2
565	22624	38	191	0	0	*	2
566	22664	36	189	0	0	*	2
567	22704	39	193	0	0	*	2
568	22744	37	191	0	0	*	2
569	22784	36	188	0	0	*	2
570	22824	34	186	0	0	*	2
571	22864	33	185	0	0	*	2
572	22904	31	183	0	0	*	2
573	22944	29	181	0	0	*	2
574	22984	27	179	0	0	*	2
575	23024	25	177	0	0	*	2
576	23064	24	175	0	0	*	2
577	23104	22	173	0	0	*	2
578	23144	20	171	0	0	*	2
579	23184	18	169	0	0	*	2
580	23224	16	166	0	0	*	2
581	23264	15	165	0	0	*	2
582	23304	14	163	0	0	*	2
583	23344	13	161	0	0	*	2
584	23384	12	159	0	0	*	2
585	23424	12	158	0	0	*	2
586	23464	11	157	0	0	*	2
587	23504	11	155	0	0	*	2
588	23544	10	153	0	0	*	2
589	23584	10	150	0	0	*	2
590	23624	10	148	0	0	*	2
591	23664	10	145	0	0	*	2
592	23704	11	143	0	0	*	2
593	23744	11	141	0	0	*	2
594	23784	11	140	0	0	*	2
595	23824	11	138	0	0	*	2
596	23864	12	135	0	0	*	2
597	23904	13	133	0	0	*	2
598	23944	14	131	0	0	*	2
599	23984	15	128	0	0	*	2
600	24024	16	126	0	0	*	2
601	24064	16	124	0	0	*	2
602	24104	17	122	0	0	*	2
603	24144	18	120	0	0	*	2
604	24184	20	118	0	0	*	2
605	24224	21	116	0	0	*	2
606	24264	22	114	0	0	*	2
607	24304	23	112	0	0	*	2
608	24344	24	109	0	0	*	2
609	24384	25	107	0	0	*	2
610	24424	26	104	0	0	*	2
611	24464	27	102	0	0	*	2
612	24504	28	99	0	0	*	2
613	24544	32	90	0	0	*	2
614	24584	30	95	0	0	*	2
615	24624	33	85	0	0	*	2
616	24664	34	83	0	0	*	2
617	24704	35	80	0	0	*	2
618	24744	35	77	0	0	*	2
619	24784	36	75	0	0	*	2
620	24824	35	79	0	0	*	2
621	24864	37	70	0	0	*	2
622	24904	37	67	0	0	*	2
623	24944	38	64	0	0	*	2
624	24984	38	62	0	0	*	2
625	25024	38	66	0	0	*	2
626	25064	40	57	0	0	*	2
627	25104	40	54	0	0	*	2
628	25144	39	59	0	0	*	2
629	25184	40	56	0	0	*	2
630	25224	40	53	0	0	*	2
631	25264	41	51	0	0	*	2
632	25304	41	48	0	0	*	2
633	25344	42	46	0	0	*	2
634	25384	42	43	0	0	*	2
635	25424	43	41	0	0	*	2
636	25464	43	40	0	0	*	2
637	25504	44	38	0	0	*	2
638	25544	45	36	0	0	*	2
639	25584	47	34	0	0	*	2
640	25624	48	33	0	0	*	2
641	25664	49	33	0	0	*	2
642	25704	50	32	0	0	*	2
643	25744	52	32	0	0	*	2
644	25784	54	31	0	0	*	2
645	25824	57	31	0	0	*	2
646	25864	61	30	0	0	*	2
647	25904	62	29	0	0	*	2
648	25944	65	29	0	0	*	2
649	25984	67	28	0	0	*	2
650	26024	75	26	0	0	*	2
651	26064	78	26	0	0	*	2
652	26104	80	26	0	0	*	2
653	26144	75	28	0	0	*	2
654	26184	85	26	0	0	*	2
655	26224	87	26	0	0	*	2
656	26264	89	26	0	0	*	2
657	26304	91	26	0	0	*	2
658	26344	93	26	0	0	*	2
659	26384	89	27	0	0	*	2
660	26424	91	27	0	0	*	2
661	26464	93	27	0	0	*	2
662	26504	95	27	0	0	*	2
663	26544	105	27	0	0	*	2
664	26584	107	27	0	0	*	2
665	26624	109	27	0	0	*	2
666	26664	112	27	0	0	*	2
667	26704	115	27	0	0	*	2
668	26744	117	27	0	0	*	2
669	26784	120	28	0	0	*	2
670	26824	122	28	0	0	*	2
671	26864	124	27	0	0	*	2
672	26904	127	27	0	0	*	2
673	26944	129	28	0	0	*	2
674	26984	132	28	0	0	*	2
675	27024	134	28	0	0	*	2
676	27064	136	29	0	0	*	2
677	27104	139	29	0	0	*	2
678	27144	141	29	0	0	*	2
679	27184	144	30	0	0	*	2
680	27224	146	30	0	0	*	2
681	27264	149	30	0	0	*	2
682	27304	151	31	0	0	*	2
683	27344	154	31	0	0	*	2
684	27384	157	31	0	0	*	2
685	27424	158	32	0	0	*	2
686	27464	161	33	0	0	*	2
687	27504	164	33	0	0	*	2
688	27544	167	34	0	0	*	2
689	27584	169	35	0	0	*	2
690	27624	171	36	0	0	*	2
691	27664	174	37	0	0	*	2
692	27704	176	38	0	0	*	2
693	27744	178	39	0	0	*	2
694	27784	181	40	0	0	*	2
695	27824	183	41	0	0	*	2
696	27864	184	42	0	0	*	2
697	27904	187	44	0	0	*	2
698	27944	189	45	0	0	*	2
699	27984	191	46	0	0	*	2
700	28024	194	48	0	0	*	2
701	28064	195	49	0	0	*	2
702	28104	196	51	0	0	*	2
703	28144	198	54	0	0	*	2
704	28184	200	55	0	0	*	2
705	28224	202	58	0	0	*	2
706	28264	203	60	0	0	*	2
707	28304	205	62	0	0	*	2
708	28344	206	64	0	0	*	2
709	28384	207	67	0	0	*	2
710	28424	208	69	0	0	*	2
711	28464	210	71	0	0	*	2
712	28504	211	73	0	0	*	2
713	28544	212	75	0	0	*	2
714	28584	213	78	0	0	*	2
715	28624	214	81	0	0	*	2
716	28664	215	83	0	0	*	2
717	28704	216	86	0	0	*	2
718	28744	217	88	0	0	*	2
719	28784	218	91	0	0	*	2
720	28824	219	93	0	0	*	2
721	28864	219	96	0	0	*	2
722	28904	220	99	0	0	*	2
723	28944	221	101	0	0	*	2
724	28984	221	104	0	0	*	2
725	29024	222	107	0	0	*	2
726	29064	222	109	0	0	*	2
727	29104	223	112	0	0	*	2
728	29144	223	115	0	0	*	2
729	29184	224	117	0	0	*	2
730	29224	224	120	0	0	*	2
731	29264	224	123	0	0	*	2
732	29304	225	126	0	0	*	2
733	29344	226	129	0	0	*	2
734	29384	226	132	0	0	*	2
735	29424	227	134	0	0	*	2
736	29464	228	137	0	0	*	2
737	29504	228	139	0	0	*	2
738	29544	229	142	0	0	*	2
739	29584	230	145	0	0	*	2
740	29624	230	147	0	0	*	2
741	29664	229	144	0	0	*	2
742	29704	229	147	0	0	*	2
743	29744	230	150	0	0	*	2
744	29784	232	158	0	0	*	2
745	29824	232	161	0	0	*	2
746	29864	231	157	0	0	*	2
747	29904	232	160	0	0	*	2
748	29944	234	168	0	0	*	2
749	29984	233	165	0	0	*	2
750	30024	234	167	0	0	*	2
751	30064	234	170	0	0	*	2
752	30104	234	172	0	0	*	2
753	30144	234	175	0	0	*	2
754	30184	234	177	0	0	*	2
755	30224	235	179	0	0	*	2
756	30264	234	182	0	0	*	2
757	30304	234	183	0	0	*	2
758	30344	233	185	0	0	*	2
759	30384	232	186	0	0	*	2
760	30424	232	188	0	0	*	2
761	30464	231	189	0	0	*	2
762	30504	230	191	0	0	*	2
763	30544	228	192	0	0	*	2
764	30584	227	194	0	0	*	2
765	30624	225	195	0	0	*	2
766	30664	223	196	0	0	*	2
767	30704	222	197	0	0	*	2
768	30744	215	204	0	0	*	2
769	30784	218	201	0	0	*	2
770	30824	216	202	0	0	*	2
771	30864	215	203	0	0	*	2
772	30904	213	204	0	0	*	2
773	30944	211	206	0	0	*	2
774	30984	204	212	0	0	*	2
775	31024	207	208	0	0	*	2
776	31064	205	209	0	0	*	2
777	31104	203	211	0	0	*	2
778	31144	201	212	0	0	*	2
779	31184	199	214	0	0	*	2
780	31224	197	215	0	0	*	2
781	31264	194	217	0	0	*	2
782	31304	193	218	0	0	*	2
783	31344	184	224	0	0	*	2
784	31384	182	226	0	0	*	2
785	31424	180	228	0	0	*	2
786	31464	178	229	0	0	*	2
787	31504	175	231	0	0	*	2
788	31544	180	228	0	0	*	2
789	31584	178	229	0	0	*	2
790	31624	169	235	0	0	*	2
791	31664	174	232	0	0	*	2
792	31704	171	233	0	0	*	2
793	31744	169	235	0	0	*	2
794	31784	167	236	0	0	*	2
795	31824	165	238	0	0	*	2
796	31864	162	239	0	0	*	2
797	31904	161	240	0	0	*	2
798	31944	158	241	0	0	*	2
799	31984	156	242	0	0	*	2
800	32024	154	243	0	0	*	2
801	32064	152	244	0	0	*	2
802	32104	150	244	0	0	*	2
803	32144	148	245	0	0	*	2
804	32184	137	246	0	0	*	2
805	32224	135	246	0	0	*	2
806	32264	133	246	0	0	*	2
807	32304	131	246	0	0	*	2
808	32344	128	246	0	0	*	2
809	32384	126	246	0	0	*	2
810	32424	123	245	0	0	*	2
811	32464	121	245	0	0	*	2
812	32504	119	245	0	0	*	2
813	32544	116	244	0	0	*	2
814	32584	114	244	0	0	*	2
815	32624	111	244	0	0	*	2
816	32664	109	243	0	0	*	2
817	32704	107	243	0	0	*	2
818	32744	104	243	0	0	*	2
819	32784	102	243	0	0	*	2
820	32824	99	242	0	0	*	2
821	32864	97	242	0	0	*	2
822	32904	95	242	0	0	*	2
823	32944	92	242	0	0	*	2
824	32984	90	242	0	0	*	2
825	33024	87	241	0	0	*	2
826	33064	85	240	0	0	*	2
827	33104	83	240	0	0	*	2
828	33144	87	240	0	0	*	2
829	33184	85	239	0	0	*	2
830	33224	76	237	0	0	*	2
831	33264	75	235	0	0	*	2
832	33304	73	234	0	0	*	2
833	33344	71	232	0	0	*	2
834	33384	69	232	0	0	*	2
835	33424	67	230	0	0	*	2
836	33464	64	229	0	0	*	2
837	33504	63	228	0	0	*	2
838	33544	66	230	0	0	*	2
839	33584	65	228	0	0	*	2
840	33624	63	227	0	0	*	2
841	33664	61	226	0	0	*	2
842	33704	60	224	0	0	*	2
843	33744	59	223	0	0	*	2
844	33784	56	221	0	0	*	2
845	33824	55	219	0	0	*	2
846	33864	53	217	0	0	*	2
847	33904	51	216	0	0	*	2
848	33944	49	214	0	0	*	2
849	33984	48	212	0	0	*	2
850	34024	46	210	0	0	*	2
851	34064	44	209	0	0	*	2
852	34104	42	207	0	0	*	2
853	34144	40	205	0	0	*	2
854	34184	39	204	0	0	*	2
855	34224	37	201	0	0	*	2
856	34264	35	200	0	0	*	2
857	34304	34	197	0	0	*	2
858	34344	32	196	0	0	*	2
859	34384	31	194	0	0	*	2
860	34424	29	192	0	0	*	2
861	34464	28	190	0	0	*	2
862	34504	26	188	0	0	*	2
863	34544	25	186	0	0	*	2
864	34584	23	184	0	0	*	2
865	34624	22	183	0	0	*	2
866	34664	21	181	0	0	*	2
867	34704	19	178	0	0	*	2
868	34744	19	176	0	0	*	2
869	34784	18	174	0	0	*	2
870	34824	17	172	0	0	*	2
871	34864	16	170	0	0	*	2
872	34904	16	168	0	0	*	2
873	34944	15	165	0	0	*	2
874	34984	15	163	0	0	*	2
875	35024	14	161	0	0	*	2
876	35064	14	159	0	0	*	2
877	35104	13	157	0	0	*	2
878	35144	13	154	0	0	*	2
879	35184	13	152	0	0	*	2
880	35224	13	149	0	0	*	2
881	35264	13	146	0	0	*	2
882	35304	14	144	0	0	*	2
883	35344	14	141	0	0	*	2
884	35384	14	139	0	0	*	2
885	35424	15	136	0	0	*	2
886	35464	15	134	0	0	*	2
887	35504	15	131	0	0	*	2
888	35544	15	129	0	0	*	2
889	35584	16	126	0	0	*	2
890	35624	16	123	0	0	*	2
891	35664	17	121	0	0	*	2
892	35704	17	118	0	0	*	2
893	35744	17	116	0	0	*	2
894	35784	18	114	0	0	*	2
895	35824	18	111	0	0	*	2
896	35864	18	108	0	0	*	2
897	35904	19	105	0	0	*	2
898	35944	19	103	0	0	*	2
899	35984	19	100	0	0	*	2
900	36024	20	97	0	0	*	2
901	36064	20	94	0	0	*	2
902	36104	20	92	0	0	*	2
903	36144	20	90	0	0	*	2
904	36184	21	87	0	0	*	2
905	36224	21	84	0	0	*	2
906	36264	21	82	0	0	*	2
907	36304	22	79	0	0	*	2
908	36344	22	77	0	0	*	2
909	36384	23	75	0	0	*	2
910	36424	23	71	0	0	*	2
911	36464	23	69	0	0	*	2
912	36504	24	67	0	0	*	2
913	36544	24	65	0	0	*	2
914	36584	25	63	0	0	*	2
915	36624	26	61	0	0	*	2
916	36664	26	60	0	0	*	2
917	36704	27	58	0	0	*	2
918	36744	28	56	0	0	*	2
919	36784	30	54	0	0	*	2
920	36824	31	53	0	0	*	2
921	36864	32	52	0	0	*	2
922	36904	34	50	0	0	*	2
923	36944	36	48	0	0	*	2
924	36984	37	47	0	0	*	2
925	37024	39	46	0	0	*	2
926	37064	41	45	0	0	*	2
927	37104	42	45	0	0	*	2
928	37144	45	44	0	0	*	2
929	37184	47	43	0	0	*	2
930	37224	49	42	0	0	*	2
931	37264	51	42	0	0	*	2
932	37304	53	41	0	0	*	2
933	37344	55	41	0	0	*	2
934	37384	58	40	0	0	*	2
935	37424	59	40	0	0	*	2
936	37464	61	40	0	0	*	2
937	37504	64	40	0	0	*	2
938	37544	66	40	0	0	*	2
939	37584	76	41	0	0	*	2
940	37624	78	41	0	0	*	2
941	37664	73	40	0	0	*	2
942	37704	75	41	0	0	*	2
943	37744	85	42	0	0	*	2
944	37784	87	43	0	0	*	2
945	37824	89	44	0	0	*	2
946	37864	91	44	0	0	*	2
947	37904	93	45	0	0	*	2
948	37944	96	46	0	0	*	2
949	37984	97	47	0	0	*	2
950	38024	99	48	0	0	*	2
951	38064	102	49	0	0	*	2
952	38104	103	50	0	0	*	2
953	38144	105	52	0	0	*	2
954	38184	107	53	0	0	*	2
955	38224	109	54	0	0	*	2
956	38264	111	56	0	0	*	2
957	38304	113	57	0	0	*	2
958	38344	115	58	0	0	*	2
959	38384	117	60	0	0	*	2
960	38424	119	62	0	0	*	2
961	38464	121	63	0	0	*	2
962	38504	123	65	0	0	*	2
963	38544	124	66	0	0	*	2
964	38584	126	68	0	0	*	2
965	38624	128	70	0	0	*	2
966	38664	130	71	0	0	*	2
967	38704	132	72	0	0	*	2
968	38744	134	74	0	0	*	2
969	38784	135	76	0	0	*	2
970	38824	137	77	0	0	*	2
971	38864	140	80	0	0	*	2
972	38904	141	81	0	0	*	2
973	38944	144	83	0	0	*	2
974	38984	146	84	0	0	*	2
975	39024	147	86	0	0	*	2
976	39064	149	88	0	0	*	2
977	39104	151	90	0	0	*	2
978	39144	153	91	0	0	*	2
979	39184	156	93	0	0	*	2
980	39224	158	94	0	0	*	2
981	39264	159	96	0	0	*	2
982	39304	161	98	0	0	*	2
983	39344	163	99	0	0	*	2
984	39384	166	101	0	0	*	2
985	39424	168	103	0	0	*	2
986	39464	169	104	0	0	*	2
987	39504	171	106	0	0	*	2
988	39544	173	108	0	0	*	2
989	39584	175	109	0	0	*	2
990	39624	178	111	0	0	*	2
991	39664	180	112	0	0	*	2
992	39704	182	114	0	0	*	2
993	39744	183	115	0	0	*	2
994	39784	186	116	0	0	*	2
995	39824	188	118	0	0	*	2
996	39864	191	119	0	0	*	2
997	39904	193	121	0	0	*	2
998	39944	194	122	0	0	*	2
999	39984	196	124	0	0	*	2
1000	40024	199	125	0	0	*	2
1001	40064	201	127	0	0	*	2
1002	40104	203	128	0	0	*	2
1003	40144	205	130	0	0	*	2
1004	40184	207	131	0	0	*	2
1005	40224	209	133	0	0	*	2
1006	40264	211	134	0	0	*	2
1007	40304	213	136	0	0	*	2
1008	40344	215	138	0	0	*	2
1009	40384	217	139	0	0	*	2
1010	40424	218	140	0	0	*	2
1011	40464	220	142	0	0	*	2
1012	40504	221	144	0	0	*	2
1013	40544	223	146	0	0	*	2
1014	40584	225	148	0	0	*	2
1015	40624	226	150	0	0	*	2
1016	40664	223	146	0	0	*	2
1017	40704	225	149	0	0	*	2
1018	40744	227	152	0	0	*	2
1019	40784	228	153	0	0	*	2
1020	40824	231	160	0	0	*	2
1021	40864	232	162	0	0	*	2
1022	40904	231	159	0	0	*	2
1023	40944	231	161	0	0	*	2
1024	40984	232	163	0	0	*	2
1025	41024	233	165	0	0	*	2
1026	41064	234	167	0	0	*	2
1027	41104	234	169	0	0	*	2
1028	41144	234	171	0	0	*	2
1029	41184	235	173	0	0	*	2
1030	41224	235	175	0	0	*	2
1031	41264	235	177	0	0	*	2
1032	41304	235	179	0	0	*	2
1033	41344	234	181	0	0	*	2
1034	41384	234	182	0	0	*	2
1035	41424	233	183	0	0	*	2
1036	41464	232	184	0	0	*	2
1037	41504	232	185	0	0	*	2
1038	41544	231	186	0	0	*	2
1039	41584	224	192	0	0	*	2
1040	41624	222	193	0	0	*	2
1041	41664	220	194	0	0	*	2
1042	41704	218	195	0	0	*	2
1043	41744	222	192	0	0	*	2
1044	41784	220	194	0	0	*	2
1045	41824	213	198	0	0	*	2
1046	41864	210	199	0	0	*	2
1047	41904	208	200	0	0	*	2
1048	41944	206	201	0	0	*	2
1049	41984	204	203	0	0	*	2
1050	42024	203	204	0	0	*	2
1051	42064	201	205	0	0	*	2
1052	42104	205	202	0	0	*	2
1053	42144	203	203	0	0	*	2
1054	42184	201	205	0	0	*	2
1055	42224	193	211	0	0	*	2
1056	42264	197	208	0	0	*	2
1057	42304	189	213	0	0	*	2
1058	42344	186	215	0	0	*	2
1059	42384	184	216	0	0	*	2
1060	42424	182	218	0	0	*	2
1061	42464	180	219	0	0	*	2
1062	42504	178	221	0	0	*	2
1063	42544	176	222	0	0	*	2
1064	42584	180	220	0	0	*	2
1065	42624	172	225	0	0	*	2
1066	42664	176	223	0	0	*	2
1067	42704	168	229	0	0	*	2
1068	42744	172	226	0	0	*	2
1069	42784	170	227	0	0	*	2
1070	42824	162	232	0	0	*	2
1071	42864	166	229	0	0	*	2
1072	42904	164	231	0	0	*	2
1073	42944	155	236	0	0	*	2
1074	42984	160	233	0	0	*	2
1075	43024	158	235	0	0	*	2
1076	43064	149	240	0	0	*	2
1077	43104	154	237	0	0	*	2
1078	43144	152	239	0	0	*	2
1079	43184	150	240	0	0	*	2
1080	43224	148	241	0	0	*	2
1081	43264	146	242	0	0	*	2
1082	43304	137	247	0	0	*	2
1083	43344	135	247	0	0	*	2
1084	43384	133	247	0	0	*	2
1085	43424	131	247	0	0	*	2
1086	43464	128	247	0	0	*	2
1087	43504	126	246	0	0	*	2
1088	43544	124	246	0	0	*	2
1089	43584	122	245	0	0	*	2
1090	43624	120	245	0	0	*	2
1091	43664	118	244	0	0	*	2
1092	43704	115	244	0	0	*	2
1093	43744	113	243	0	0	*	2
1094	43784	110	243	0	0	*	2
1095	43824	109	243	0	0	*	2
1096	43864	107	242	0	0	*	2
1097	43904	104	242	0	0	*	2
1098	43944	102	242	0	0	*	2
1099	43984	100	242	0	0	*	2
1100	44024	98	241	0	0	*	2
1101	44064	96	241	0	0	*	2
1102	44104	94	241	0	0	*	2
1103	44144	91	240	0	0	*	2
1104	44184	90	239	0	0	*	2
1105	44224	87	239	0	0	*	2
1106	44264	85	238	0	0	*	2
1107	44304	91	238	0	0	*	2
1108	44344	82	236	0	0	*	2
1109	44384	86	237	0	0	*	2
1110	44424	85	236	0	0	*	2
1111	44464	76	232	0	0	*	2
1112	44504	75	232	0	0	*	2
1113	44544	73	231	0	0	*	2
1114	44584	78	233	0	0	*	2
1115	44624	76	233	0	0	*	2
1116	44664	74	232	0	0	*	2
1117	44704	72	230	0	0	*	2
1118	44744	70	229	0	0	*	2
1119	44784	63	222	0	0	*	2
1120	44824	67	226	0	0	*	2
1121	44864	66	225	0	0	*	2
1122	44904	64	223	0	0	*	2
1123	44944	62	221	0	0	*	2
1124	44984	61	220	0	0	*	2
1125	45024	60	219	0	0	*	2
1126	45064	58	217	0	0	*	2
1127	45104	51	210	0	0	*	2
1128	45144	55	214	0	0	*	2
1129	45184	48	207	0	0	*	2
1130	45224	51	210	0	0	*	2
1131	45264	44	203	0	0	*	2
1132	45304	48	207	0	0	*	2
1133	45344	47	206	0	0	*	2
1134	45384	45	204	0	0	*	2
1135	45424	44	202	0	0	*	2
1136	45464	42	200	0	0	*	2
1137	45504	40	198	0	0	*	2
1138	45544	38	196	0	0	*	2
1139	45584	37	194	0	0	*	2
1140	45624	36	192	0	0	*	2
1141	45664	34	190	0	0	*	2
1142	45704	33	188	0	0	*	2
1143	45744	31	186	0	0	*	2
1144	45784	30	185	0	0	*	2
1145	45824	29	183	0	0	*	2
1146	45864	27	181	0	0	*	2
1147	45904	26	179	0	0	*	2
1148	45944	25	177	0	0	*	2
1149	45984	24	174	0	0	*	2
1150	46024	23	173	0	0	*	2
1151	46064	22	170	0	0	*	2
1152	46104	21	167	0	0	*	2
1153	46144	20	165	0	0	*	2
1154	46184	20	163	0	0	*	2
1155	46224	19	161	0	0	*	2
1156	46264	19	159	0	0	*	2
1157	46304	19	157	0	0	*	2
1158	46344	18	154	0	0	*	2
1159	46384	18	152	0	0	*	2
1160	46424	18	150	0	0	*	2
1161	46464	18	147	0	0	*	2
1162	46504	18	145	0	0	*	2
1163	46544	19	142	0	0	*	2
1164	46584	19	140	0	0	*	2
1165	46624	19	138	0	0	*	2
1166	46664	20	136	0	0	*	2
1167	46704	20	134	0	0	*	2
1168	46744	21	132	0	0	*	2
1169	46784	22	129	0	0	*	2
1170	46824	23	127	0	0	*	2
1171	46864	23	125	0	0	*	2
1172	46904	24	122	0	0	*	2
1173	46944	24	120	0	0	*	2
1174	46984	26	118	0	0	*	2
1175	47024	27	116	0	0	*	2
1176	47064	28	114	0	0	*	2
1177	47104	29	112	0	0	*	2
1178	47144	30	110	0	0	*	2
1179	47184	31	108	0	0	*	2
1180	47224	32	105	0	0	*	2
1181	47264	33	103	0	0	*	2
1182	47304	37	94	0	0	*	2
1183	47344	38	92	0	0	*	2
1184	47384	39	90	0	0	*	2
1185	47424	40	88	0	0	*	2
1186	47464	41	86	0	0	*	2
1187	47504	41	83	0	0	*	2
1188	47544	42	81	0	0	*	2
1189	47584	42	79	0	0	*	2
1190	47624	43	76	0	0	*	2
1191	47664	44	74	0	0	*	2
1192	47704	45	72	0	0	*	2
1193	47744	46	70	0	0	*	2
1194	47784	47	68	0	0	*	2
1195	47824	48	66	0	0	*	2
1196	47864	49	64	0	0	*	2
1197	47904	48	68	0	0	*	2
1198	47944	49	66	0	0	*	2
1199	47984	53	58	0	0	*	2
1200	48024	54	56	0	0	*	2
1201	48064	55	54	0	0	*	2
1202	48104	57	53	0	0	*	2
1203	48144	58	52	0	0	*	2
1204	48184	60	51	0	0	*	2
1205	48224	62	50	0	0	*	2
1206	48264	64	49	0	0	*	2
1207	48304	65	48	0	0	*	2
1208	48344	67	47	0	0	*	2
1209	48384	69	46	0	0	*	2
1210	48424	71	46	0	0	*	2
1211	48464	73	45	0	0	*	2
1212	48504	74	45	0	0	*	2
1213	48544	76	44	0	0	*	2
1214	48584	78	44	0	0	*	2
1215	48624	80	44	0	0	*	2
1216	48664	75	44	0	0	*	2
1217	48704	78	44	0	0	*	2
1218	48744	85	45	0	0	*	2
1219	48784	87	45	0	0	*	2
1220	48824	89	46	0	0	*	2
1221	48864	90	46	0	0	*	2
1222	48904	91	47	0	0	*	2
1223	48944	93	48	0	0	*	2
1224	48984	95	49	0	0	*	2
1225	49024	96	50	0	0	*	2
1226	49064	97	51	0	0	*	2
1227	49104	99	52	0	0	*	2
1228	49144	100	53	0	0	*	2
1229	49184	102	55	0	0	*	2
1230	49224	103	56	0	0	*	2
1231	49264	105	57	0	0	*	2
1232	49304	106	59	0	0	*	2
1233	49344	107	60	0	0	*	2
1234	49384	109	62	0	0	*	2
1235	49424	110	63	0	0	*	2
1236	49464	111	65	0	0	*	2
1237	49504	113	66	0	0	*	2
1238	49544	115	68	0	0	*	2
1239	49584	116	69	0	0	*	2
1240	49624	118	71	0	0	*	2
1241	49664	119	72	0	0	*	2
1242	49704	121	74	0	0	*	2
1243	49744	122	76	0	0	*	2
1244	49784	123	77	0	0	*	2
1245	49824	125	79	0	0	*	2
1246	49864	127	81	0	0	*	2
1247	49904	128	83	0	0	*	2
1248	49944	130	84	0	0	*	2
1249	49984	132	86	0	0	*	2
1250	50024	133	88	0	0	*	2
1251	50064	135	90	0	0	*	2
1252	50104	136	92	0	0	*	2
1253	50144	138	93	0	0	*	2
1254	50184	140	94	0	0	*	2
1255	50224	142	96	0	0	*	2
1256	50264	143	98	0	0	*	2
1257	50304	145	100	0	0	*	2
1258	50344	147	102	0	0	*	2
1259	50384	149	103	0	0	*	2
1260	50424	151	106	0	0	*	2
1261	50464	153	107	0	0	*	2
1262	50504	154	109	0	0	*	2
1263	50544	156	111	0	0	*	2
1264	50584	158	113	0	0	*	2
1265	50624	160	115	0	0	*	2
1266	50664	162	116	0	0	*	2
1267	50704	164	118	0	0	*	2
1268	50744	165	120	0	0	*	2
1269	50784	168	122	0	0	*	2
1270	50824	170	123	0	0	*	2
1271	50864	172	125	0	0	*	2
1272	50904	173	127	0	0	*	2
1273	50944	175	128	0	0	*	2
1274	50984	177	130	0	0	*	2
1275	51024	179	132	0	0	*	2
1276	51064	181	134	0	0	*	2
1277	51104	183	136	0	0	*	2
1278	51144	185	137	0	0	*	2
1279	51184	187	139	0	0	*	2
1280	51224	189	140	0	0	*	2
1281	51264	191	142	0	0	*	2
1282	51304	193	144	0	0	*	2
1283	51344	195	145	0	0	*	2
1284	51384	196	147	0	0	*	2
1285	51424	198	149	0	0	*	2
1286	51464	200	151	0	0	*	2
1287	51504	202	152	0	0	*	2
1288	51544	204	154	0	0	*	2
1289	51584	206	156	0	0	*	2
1290	51624	207	157	0	0	*	2
1291	51664	209	159	0	0	*	2
1292	51704	211	161	0	0	*	2
1293	51744	213	162	0	0	*	2
1294	51784	216	163	0	0	*	2
1295	51824	217	165	0	0	*	2
1296	51864	219	166	0	0	*	2
1297	51904	217	164	0	0	*	2
1298	51944	218	165	0	0	*	2
1299	51984	219	167	0	0	*	2
1300	52024	220	168	0	0	*	2
1301	52064	222	170	0	0	*	2
1302	52104	224	171	0	0	*	2
1303	52144	225	173	0	0	*	2
1304	52184	227	175	0	0	*	2
1305	52224	229	176	0	0	*	2
1306	52264	230	178	0	0	*	2
1307	52304	231	179	0	0	*	2
1308	52344	231	180	0	0	*	2
1309	52384	231	181	0	0	*	2
1310	52424	232	182	0	0	*	2
1311	52464	231	182	0	0	*	2
1312	52504	231	183	0	0	*	2
1313	52544	231	188	0	0	*	2
1314	52584	230	188	0	0	*	2
1315	52624	229	186	0	0	*	2
1316	52664	229	186	0	0	*	2
1317	52704	228	185	0	0	*	2
1318	52744	225	190	0	0	*	2
1319	52784	224	190	0	0	*	2
1320	52824	226	187	0	0	*	2
1321	52864	225	188	0	0	*	2
1322	52904	223	189	0	0	*	2
1323	52944	218	193	0	0	*	2
1324	52985	221	190	0	0	*	2
1325	53024	220	191	0	0	*	2
1326	53064	215	196	0	0	*	2
1327	53105	213	197	0	0	*	2
1328	53144	212	198	0	0	*	2
1329	53184	210	199	0	0	*	2
1330	53225	214	196	0	0	*	2
1331	53264	207	201	0	0	*	2
1332	53304	206	202	0	0	*	2
1333	53345	205	204	0	0	*	2
1334	53384	209	200	0	0	*	2
1335	53424	207	202	0	0	*	2
1336	53465	206	203	0	0	*	2
1337	53504	204	204	0	0	*	2
1338	53544	203	205	0	0	*	2
1339	53585	201	207	0	0	*	2
1340	53624	200	208	0	0	*	2
1341	53664	193	215	0	0	*	2
1342	53705	192	217	0	0	*	2
1343	53744	195	213	0	0	*	2
1344	53784	190	220	0	0	*	2
1345	53825	188	221	0	0	*	2
1346	53864	191	217	0	0	*	2
1347	53905	190	219	0	0	*	2
1348	53945	185	226	0	0	*	2
1349	53984	188	222	0	0	*	2
1350	54024	186	224	0	0	*	2
1351	54065	185	226	0	0	*	2
1352	54104	184	227	0	0	*	2
1353	54144	183	229	0	0	*	2
1354	54185	182	231	0	0	*	2
1355	54225	181	232	0	0	*	2
1356	54264	180	233	0	0	*	2
1357	54305	178	234	0	0	*	2
1358	54345	177	236	0	0	*	2
1359	54385	175	236	0	0	*	2
1360	54425	174	237	0	0	*	2
1361	54465	172	238	0	0	*	2
1362	54505	171	238	0	0	*	2
1363	54545	170	239	0	0	*	2
1364	54584	168	240	0	0	*	2
1365	54625	166	240	0	0	*	2
1366	54665	164	240	0	0	*	2
1367	54705	162	241	0	0	*	2
1368	54745	161	241	0	0	*	2
1369	54785	159	241	0	0	*	2
1370	54825	157	241	0	0	*	2
1371	54865	155	242	0	0	*	2
1372	54905	153	242	0	0	*	2
1373	54945	151	242	0	0	*	2
1374	54985	141	244	0	0	*	2
1375	55025	147	242	0	0	*	2
1376	55065	137	244	0	0	*	2
1377	55105	135	244	0	0	*	2
1378	55145	133	245	0	0	*	2
1379	55185	148	242	0	0	*	2
1380	55225	128	245	0	0	*	2
1381	55265	126	245	0	0	*	2
1382	55305	141	242	0	0	*	2
1383	55345	121	246	0	0	*	2
1384	55385	120	246	0	0	*	2
1385	55425	118	245	0	0	*	2
1386	55465	115	244	0	0	*	2
1387	55505	114	244	0	0	*	2
1388	55545	112	243	0	0	*	2
1389	55585	110	242	0	0	*	2
1390	55625	109	242	0	0	*	2
1391	55665	107	241	0	0	*	2
1392	55705	105	240	0	0	*	2
1393	55745	103	239	0	0	*	2
1394	55785	101	238	0	0	*	2
1395	55825	100	237	0	0	*	2
1396	55865	98	236	0	0	*	2
1397	55905	97	235	0	0	*	2
1398	55945	95	233	0	0	*	2
1399	55985	94	232	0	0	*	2
1400	56025	92	232	0	0	*	2
1401	56065	91	230	0	0	*	2
1402	56105	89	229	0	0	*	2
1403	56145	88	228	0	0	*	2
1404	56185	86	226	0	0	*	2
1405	56225	85	225	0	0	*	2
1406	56265	84	223	0	0	*	2
1407	56305	83	222	0	0	*	2
1408	56345	81	220	0	0	*	2
1409	56385	79	219	0	0	*	2
1410	56425	78	217	0	0	*	2
1411	56465	76	215	0	0	*	2
1412	56505	74	214	0	0	*	2
1413	56545	73	213	0	0	*	2
1414	56585	71	211	0	0	*	2
1415	56625	70	209	0	0	*	2
1416	56665	68	208	0	0	*	2
1417	56705	65	207	0	0	*	2
1418	56745	64	205	0	0	*	2
1419	56785	63	204	0	0	*	2
1420	56825	61	202	0	0	*	2
1421	56865	60	201	0	0	*	2
1422	56905	58	199	0	0	*	2
1423	56945	56	197	0	0	*	2
1424	56985	55	196	0	0	*	2
1425	57025	54	194	0	0	*	2
1426	57065	52	192	0	0	*	2
1427	57105	51	190	0	0	*	2
1428	57145	49	189	0	0	*	2
1429	57185	48	187	0	0	*	2
1430	57225	46	185	0	0	*	2
1431	57265	45	184	0	0	*	2
1432	57305	43	182	0	0	*	2
1433	57345	42	180	0	0	*	2
1434	57385	41	179	0	0	*	2
1435	57425	39	177	0	0	*	2
1436	57465	38	175	0	0	*	2
1437	57505	41	179	0	0	*	2
1438	57545	36	171	0	0	*	2
1439	57585	35	169	0	0	*	2
1440	57625	36	173	0	0	*	2
1441	57665	32	165	0	0	*	2
1442	57705	30	164	0	0	*	2
1443	57745	34	168	0	0	*	2
1444	57785	29	160	0	0	*	2
1445	57825	32	164	0	0	*	2
1446	57865	31	163	0	0	*	2
1447	57905	30	162	0	0	*	2
1448	57945	29	160	0	0	*	2
1449	57985	28	158	0	0	*	2
1450	58025	27	155	0	0	*	2
1451	58065	26	153	0	0	*	2
1452	58105	26	151	0	0	*	2
1453	58145	25	148	0	0	*	2
1454	58185	25	146	0	0	*	2
1455	58225	25	144	0	0	*	2
1456	58265	24	142	0	0	*	2
1457	58305	24	140	0	0	*	2
1458	58345	24	139	0	0	*	2
1459	58385	24	136	0	0	*	2
1460	58425	24	134	0	0	*	2
1461	58465	24	132	0	0	*	2
1462	58505	24	129	0	0	*	2
1463	58545	24	127	0	0	*	2
1464	58585	24	125	0	0	*	2
1465	58625	24	123	0	0	*	2
1466	58665	24	121	0	0	*	2
1467	58705	24	120	0	0	*	2
1468	58745	24	117	0	0	*	2
1469	58785	24	115	0	0	*	2
1470	58825	24	113	0	0	*	2
1471	58865	24	111	0	0	*	2
1472	58905	24	108	0	0	*	2
1473	58945	24	107	0	0	*	2
1474	58985	24	105	0	0	*	2
1475	59025	24	102	0	0	*	2
1476	59065	24	100	0	0	*	2
1477	59105	24	99	0	0	*	2
1478	59145	24	97	0	0	*	2
1479	59185	23	94	0	0	*	2
1480	59225	23	93	0	0	*	2
1481	59265	23	91	0	0	*	2
1482	59305	23	89	0	0	*	2
1483	59345	23	88	0	0	*	2
1484	59385	24	87	0	0	*	2
1485	59425	24	86	0	0	*	2
1486	59465	24	85	0	0	*	2
1487	59505	24	84	0	0	*	2
1488	59545	25	83	0	0	*	2
1489	59585	25	82	0	0	*	2
1490	59625	25	81	0	0	*	2
1491	59665	26	80	0	0	*	2
1492	59705	26	80	0	0	*	2
1493	59745	27	79	0	0	*	2
1494	59785	28	78	0	0	*	2
1495	59825	29	78	0	0	*	2
1496	59865	31	77	0	0	*	2
1497	59905	32	77	0	0	*	2
1498	59945	34	77	0	0	*	2
1499	59985	35	77	0	0	*	2
1500	60025	36	77	0	0	*	2
1501	60065	37	77	0	0	*	2
1502	60105	38	77	0	0	*	2
1503	60145	40	77	0	0	*	2
1504	60185	41	78	0	0	*	2
1505	60225	43	79	0	0	*	2
1506	60265	44	79	0	0	*	2
1507	60305	45	79	0	0	*	2
1508	60345	47	80	0	0	*	2
1509	60385	49	81	0	0	*	2
1510	60425	50	82	0	0	*	2
1511	60465	56	86	0	0	*	2
1512	60505	58	88	0	0	*	2
1513	60545	60	89	0	0	*	2
1514	60585	61	90	0	0	*	2
1515	60625	63	91	0	0	*	2
1516	60665	64	92	0	0	*	2
1517	60705	66	93	0	0	*	2
1518	60745	68	94	0	0	*	2
1519	60785	69	95	0	0	*	2
1520	60825	71	96	0	0	*	2
1521	60865	73	97	0	0	*	2
1522	60905	74	98	0	0	*	2
1523	60945	75	100	0	0	*	2
1524	60985	78	101	0	0	*	2
1525	61025	79	102	0	0	*	2
1526	61065	81	104	0	0	*	2
1527	61105	83	105	0	0	*	2
1528	61145	84	106	0	0	*	2
1529	61185	86	108	0	0	*	2
