%%BEGIN_HEADER
	%%BEGIN DATABASE_INFORMATION
		%Date.0 ( 30.9.2019 )
		%Time.0 ( 12:40 )
	%%END DATABASE_INFORMATION
	%%BEGIN SETUP_INFORMATION
		%TrackerVersion.0 ( Tracker version 2.38 release 12.8.2012 )
		%ElapsedTime_ms.0 ( 63236 )
		%Paradigm.0 ( PlacePreference )
		%FeederParameters.0 ( 1500 0 )
			// %FeederParameters.0 ( ENTRANCE_LATENCY EXIT_LATENCY )
		%ElapsedPath_m.0 ( 0.00 )
		%ArenaDiameter_m.0 ( 1.80 )
		%TrackerResolution_PixPerCM.0 ( 1.4222 )
		%ArenaCenterXY.0 ( 127.5 127.5 )
		%Frame.0 ( RoomFrame )
		%ReinforcedSector.0 ( 64.3907 64.3907 7 )
			//%ReinforcedSector.0 ( CENTER_X CENTER_Y RADIUS )
		%RoomTrackReinforcedSector.0 ( 64.3907 64.3907 7 )
			//%RoomTrackReinforcedSector.0 ( CENTER_X CENTER_Y RADIUS )
	%%END SETUP_INFORMATION
	%%BEGIN RECORD_FORMAT
		%Sample.0 ( FrameCount 1msTimeStamp RoomX RoomY Sectors State Flags FrameInfo )
			//Sectors indicate if the object is in a target. Number is binary coded. Sectors = 0: no target, Sectors = 1: room target, Sectors: = 2 arena target, Sectors: = 3 room and arena target
			////State indicates the Watermaze State: OutsideTarget = 0, EntranceLatency = 1, InsideTarget = 3, OutsideRefractory = 4, BadSpot = 5
			//FrameInfo indicates succesfuly tracked spots: ReferencePoint * 2^0 + Spot0 * 2^(1+0) + Spot1 * 2^(1+1) + Spot2 * 2^(1+2) .... 
	%%END RECORD_FORMAT
%%END_HEADER
1	76	53	212	0	0	*	2
2	116	53	211	0	0	*	2
3	156	53	211	0	0	*	2
4	196	53	211	0	0	*	2
5	236	53	211	0	0	*	2
6	276	53	212	0	0	*	2
7	316	54	213	0	0	*	2
8	356	55	213	0	0	*	2
9	396	56	214	0	0	*	2
10	436	58	214	0	0	*	2
11	476	59	215	0	0	*	2
12	516	60	216	0	0	*	2
13	556	61	216	0	0	*	2
14	596	63	216	0	0	*	2
15	636	65	216	0	0	*	2
16	676	66	216	0	0	*	2
17	716	68	216	0	0	*	2
18	756	70	216	0	0	*	2
19	796	71	216	0	0	*	2
20	836	73	215	0	0	*	2
21	876	74	215	0	0	*	2
22	916	76	215	0	0	*	2
23	956	78	214	0	0	*	2
24	996	79	213	0	0	*	2
25	1036	81	213	0	0	*	2
26	1076	83	212	0	0	*	2
27	1116	85	211	0	0	*	2
28	1156	86	210	0	0	*	2
29	1196	88	209	0	0	*	2
30	1236	90	209	0	0	*	2
31	1276	92	207	0	0	*	2
32	1316	94	206	0	0	*	2
33	1356	96	205	0	0	*	2
34	1396	97	204	0	0	*	2
35	1436	99	203	0	0	*	2
36	1476	101	202	0	0	*	2
37	1516	102	201	0	0	*	2
38	1556	104	199	0	0	*	2
39	1596	106	198	0	0	*	2
40	1636	108	197	0	0	*	2
41	1676	109	195	0	0	*	2
42	1716	111	193	0	0	*	2
43	1756	113	192	0	0	*	2
44	1796	114	191	0	0	*	2
45	1836	116	189	0	0	*	2
46	1876	118	188	0	0	*	2
47	1916	119	186	0	0	*	2
48	1956	121	185	0	0	*	2
49	1996	122	184	0	0	*	2
50	2036	124	182	0	0	*	2
51	2076	125	181	0	0	*	2
52	2116	127	179	0	0	*	2
53	2156	128	178	0	0	*	2
54	2196	130	176	0	0	*	2
55	2236	131	174	0	0	*	2
56	2276	133	173	0	0	*	2
57	2316	134	171	0	0	*	2
58	2356	135	169	0	0	*	2
59	2396	137	168	0	0	*	2
60	2436	138	166	0	0	*	2
61	2476	140	164	0	0	*	2
62	2516	141	163	0	0	*	2
63	2556	143	161	0	0	*	2
64	2596	144	160	0	0	*	2
65	2636	145	158	0	0	*	2
66	2676	146	156	0	0	*	2
67	2716	148	155	0	0	*	2
68	2756	149	153	0	0	*	2
69	2796	151	151	0	0	*	2
70	2836	152	149	0	0	*	2
71	2876	153	147	0	0	*	2
72	2916	154	146	0	0	*	2
73	2956	156	144	0	0	*	2
74	2996	157	142	0	0	*	2
75	3036	158	140	0	0	*	2
76	3076	159	139	0	0	*	2
77	3116	161	137	0	0	*	2
78	3156	162	135	0	0	*	2
79	3196	163	133	0	0	*	2
80	3236	165	131	0	0	*	2
81	3276	166	129	0	0	*	2
82	3316	167	127	0	0	*	2
83	3356	168	125	0	0	*	2
84	3396	169	124	0	0	*	2
85	3436	170	122	0	0	*	2
86	3476	170	120	0	0	*	2
87	3516	172	118	0	0	*	2
88	3556	172	116	0	0	*	2
89	3596	173	114	0	0	*	2
90	3636	174	112	0	0	*	2
91	3676	175	110	0	0	*	2
92	3716	175	108	0	0	*	2
93	3756	176	106	0	0	*	2
94	3796	177	105	0	0	*	2
95	3836	177	103	0	0	*	2
96	3876	177	101	0	0	*	2
97	3916	177	99	0	0	*	2
98	3956	177	96	0	0	*	2
99	3996	177	95	0	0	*	2
100	4036	177	93	0	0	*	2
101	4076	177	92	0	0	*	2
102	4116	176	90	0	0	*	2
103	4156	176	88	0	0	*	2
104	4196	175	86	0	0	*	2
105	4236	175	84	0	0	*	2
106	4276	174	82	0	0	*	2
107	4316	173	80	0	0	*	2
108	4356	172	79	0	0	*	2
109	4396	171	77	0	0	*	2
110	4436	170	75	0	0	*	2
111	4476	170	74	0	0	*	2
112	4516	169	73	0	0	*	2
113	4556	167	71	0	0	*	2
114	4596	166	70	0	0	*	2
115	4636	164	69	0	0	*	2
116	4676	163	68	0	0	*	2
117	4716	162	67	0	0	*	2
118	4756	160	65	0	0	*	2
119	4796	159	64	0	0	*	2
120	4836	158	63	0	0	*	2
121	4876	156	62	0	0	*	2
122	4916	154	61	0	0	*	2
123	4956	153	60	0	0	*	2
124	4996	151	60	0	0	*	2
125	5036	149	59	0	0	*	2
126	5076	148	58	0	0	*	2
127	5116	146	58	0	0	*	2
128	5156	144	57	0	0	*	2
129	5196	142	56	0	0	*	2
130	5236	140	56	0	0	*	2
131	5276	139	55	0	0	*	2
132	5316	137	55	0	0	*	2
133	5356	135	55	0	0	*	2
134	5396	133	54	0	0	*	2
135	5436	131	54	0	0	*	2
136	5476	129	54	0	0	*	2
137	5516	128	54	0	0	*	2
138	5556	125	54	0	0	*	2
139	5596	124	54	0	0	*	2
140	5636	122	54	0	0	*	2
141	5676	121	54	0	0	*	2
142	5716	119	55	0	0	*	2
143	5756	117	55	0	0	*	2
144	5796	115	56	0	0	*	2
145	5836	113	56	0	0	*	2
146	5876	111	57	0	0	*	2
147	5916	110	58	0	0	*	2
148	5956	109	58	0	0	*	2
149	5996	107	59	0	0	*	2
150	6036	106	60	0	0	*	2
151	6076	104	61	0	0	*	2
152	6116	103	62	0	0	*	2
153	6156	101	63	0	0	*	2
154	6196	100	65	0	0	*	2
155	6236	99	66	0	0	*	2
156	6276	98	67	0	0	*	2
157	6316	97	69	0	0	*	2
158	6356	96	70	0	0	*	2
159	6396	95	71	0	0	*	2
160	6436	93	72	0	0	*	2
161	6476	93	74	0	0	*	2
162	6516	92	75	0	0	*	2
163	6556	91	77	0	0	*	2
164	6596	90	79	0	0	*	2
165	6636	89	80	0	0	*	2
166	6676	88	82	0	0	*	2
167	6716	88	84	0	0	*	2
168	6756	87	85	0	0	*	2
169	6796	87	87	0	0	*	2
170	6836	86	89	0	0	*	2
171	6876	86	91	0	0	*	2
172	6916	85	93	0	0	*	2
173	6956	85	94	0	0	*	2
174	6996	85	96	0	0	*	2
175	7036	85	98	0	0	*	2
176	7076	85	100	0	0	*	2
177	7116	85	101	0	0	*	2
178	7156	85	104	0	0	*	2
179	7196	85	106	0	0	*	2
180	7236	85	107	0	0	*	2
181	7276	85	109	0	0	*	2
182	7316	85	111	0	0	*	2
183	7356	85	113	0	0	*	2
184	7396	85	116	0	0	*	2
185	7436	85	117	0	0	*	2
186	7476	85	119	0	0	*	2
187	7516	85	121	0	0	*	2
188	7556	85	123	0	0	*	2
189	7596	85	125	0	0	*	2
190	7636	85	127	0	0	*	2
191	7676	86	129	0	0	*	2
192	7716	86	131	0	0	*	2
193	7756	87	132	0	0	*	2
194	7796	87	135	0	0	*	2
195	7836	88	137	0	0	*	2
196	7876	88	139	0	0	*	2
197	7916	88	140	0	0	*	2
198	7956	89	142	0	0	*	2
199	7996	89	144	0	0	*	2
200	8036	90	146	0	0	*	2
201	8076	90	148	0	0	*	2
202	8116	90	150	0	0	*	2
203	8156	91	153	0	0	*	2
204	8196	92	154	0	0	*	2
205	8236	92	156	0	0	*	2
206	8276	93	158	0	0	*	2
207	8316	93	160	0	0	*	2
208	8356	94	162	0	0	*	2
209	8396	94	163	0	0	*	2
210	8436	95	165	0	0	*	2
211	8476	96	166	0	0	*	2
212	8516	97	168	0	0	*	2
213	8556	97	170	0	0	*	2
214	8596	98	172	0	0	*	2
215	8636	99	174	0	0	*	2
216	8676	100	175	0	0	*	2
217	8716	101	177	0	0	*	2
218	8756	102	178	0	0	*	2
219	8796	103	179	0	0	*	2
220	8836	105	181	0	0	*	2
221	8876	106	183	0	0	*	2
222	8916	107	184	0	0	*	2
223	8956	109	185	0	0	*	2
224	8996	110	185	0	0	*	2
225	9036	111	187	0	0	*	2
226	9076	113	188	0	0	*	2
227	9116	115	189	0	0	*	2
228	9156	116	190	0	0	*	2
229	9196	118	191	0	0	*	2
230	9236	119	192	0	0	*	2
231	9276	121	193	0	0	*	2
232	9316	122	194	0	0	*	2
233	9356	124	195	0	0	*	2
234	9396	126	195	0	0	*	2
235	9436	128	196	0	0	*	2
236	9476	129	197	0	0	*	2
237	9516	131	197	0	0	*	2
238	9556	133	198	0	0	*	2
239	9596	135	199	0	0	*	2
240	9636	136	200	0	0	*	2
241	9676	138	200	0	0	*	2
242	9716	141	201	0	0	*	2
243	9756	143	201	0	0	*	2
244	9796	144	202	0	0	*	2
245	9836	146	202	0	0	*	2
246	9876	148	202	0	0	*	2
247	9916	149	203	0	0	*	2
248	9956	151	203	0	0	*	2
249	9996	153	203	0	0	*	2
250	10036	155	203	0	0	*	2
251	10076	157	204	0	0	*	2
252	10116	159	204	0	0	*	2
253	10156	161	204	0	0	*	2
254	10196	163	204	0	0	*	2
255	10236	165	204	0	0	*	2
256	10276	167	204	0	0	*	2
257	10316	169	204	0	0	*	2
258	10356	170	204	0	0	*	2
259	10396	172	204	0	0	*	2
260	10436	174	204	0	0	*	2
261	10476	176	203	0	0	*	2
262	10516	178	203	0	0	*	2
263	10556	180	203	0	0	*	2
264	10596	182	203	0	0	*	2
265	10636	184	202	0	0	*	2
266	10676	185	202	0	0	*	2
267	10716	187	201	0	0	*	2
268	10756	189	201	0	0	*	2
269	10796	191	200	0	0	*	2
270	10836	192	200	0	0	*	2
271	10876	194	199	0	0	*	2
272	10916	196	198	0	0	*	2
273	10956	197	197	0	0	*	2
274	10996	199	197	0	0	*	2
275	11036	200	196	0	0	*	2
276	11076	202	195	0	0	*	2
277	11116	204	194	0	0	*	2
278	11156	205	193	0	0	*	2
279	11196	206	192	0	0	*	2
280	11236	208	191	0	0	*	2
281	11276	209	190	0	0	*	2
282	11316	211	189	0	0	*	2
283	11356	212	188	0	0	*	2
284	11396	214	187	0	0	*	2
285	11436	215	185	0	0	*	2
286	11476	216	184	0	0	*	2
287	11516	218	183	0	0	*	2
288	11556	219	181	0	0	*	2
289	11596	220	180	0	0	*	2
290	11636	221	178	0	0	*	2
291	11676	222	177	0	0	*	2
292	11716	224	175	0	0	*	2
293	11756	225	174	0	0	*	2
294	11796	226	173	0	0	*	2
295	11836	227	171	0	0	*	2
296	11876	228	170	0	0	*	2
297	11916	229	168	0	0	*	2
298	11956	230	167	0	0	*	2
299	11996	230	166	0	0	*	2
300	12036	231	164	0	0	*	2
301	12076	232	163	0	0	*	2
302	12116	233	162	0	0	*	2
303	12156	233	161	0	0	*	2
304	12196	234	159	0	0	*	2
305	12236	235	158	0	0	*	2
306	12276	235	157	0	0	*	2
307	12316	236	155	0	0	*	2
308	12356	237	154	0	0	*	2
309	12396	237	152	0	0	*	2
310	12436	238	151	0	0	*	2
311	12476	238	150	0	0	*	2
312	12516	239	148	0	0	*	2
313	12556	239	147	0	0	*	2
314	12596	239	145	0	0	*	2
315	12636	240	143	0	0	*	2
316	12676	240	141	0	0	*	2
317	12716	240	140	0	0	*	2
318	12756	240	138	0	0	*	2
319	12796	240	137	0	0	*	2
320	12836	240	136	0	0	*	2
321	12876	240	133	0	0	*	2
322	12916	240	132	0	0	*	2
323	12956	239	130	0	0	*	2
324	12996	239	129	0	0	*	2
325	13036	239	127	0	0	*	2
326	13076	239	125	0	0	*	2
327	13116	238	123	0	0	*	2
328	13156	238	122	0	0	*	2
329	13196	237	120	0	0	*	2
330	13236	237	119	0	0	*	2
331	13276	236	117	0	0	*	2
332	13316	236	116	0	0	*	2
333	13356	235	115	0	0	*	2
334	13396	234	113	0	0	*	2
335	13436	233	112	0	0	*	2
336	13476	232	110	0	0	*	2
337	13516	231	108	0	0	*	2
338	13556	231	107	0	0	*	2
339	13596	230	106	0	0	*	2
340	13636	229	104	0	0	*	2
341	13676	227	103	0	0	*	2
342	13716	226	102	0	0	*	2
343	13756	224	100	0	0	*	2
344	13796	224	99	0	0	*	2
345	13836	222	98	0	0	*	2
346	13876	221	97	0	0	*	2
347	13916	219	96	0	0	*	2
348	13956	218	94	0	0	*	2
349	13996	216	94	0	0	*	2
350	14036	215	93	0	0	*	2
351	14076	213	92	0	0	*	2
352	14116	212	91	0	0	*	2
353	14156	210	91	0	0	*	2
354	14196	209	90	0	0	*	2
355	14236	206	89	0	0	*	2
356	14276	206	88	0	0	*	2
357	14316	204	87	0	0	*	2
358	14356	202	87	0	0	*	2
359	14396	200	86	0	0	*	2
360	14436	198	86	0	0	*	2
361	14476	196	85	0	0	*	2
362	14516	194	84	0	0	*	2
363	14556	193	84	0	0	*	2
364	14596	191	84	0	0	*	2
365	14636	189	83	0	0	*	2
366	14676	187	83	0	0	*	2
367	14716	185	83	0	0	*	2
368	14756	183	82	0	0	*	2
369	14796	182	82	0	0	*	2
370	14836	180	82	0	0	*	2
371	14876	178	82	0	0	*	2
372	14916	176	82	0	0	*	2
373	14956	174	82	0	0	*	2
374	14996	173	82	0	0	*	2
375	15036	171	82	0	0	*	2
376	15076	169	82	0	0	*	2
377	15116	168	82	0	0	*	2
378	15156	166	82	0	0	*	2
379	15196	164	82	0	0	*	2
380	15236	162	83	0	0	*	2
381	15276	160	83	0	0	*	2
382	15316	158	83	0	0	*	2
383	15356	157	84	0	0	*	2
384	15396	155	84	0	0	*	2
385	15436	153	84	0	0	*	2
386	15476	151	85	0	0	*	2
387	15516	149	85	0	0	*	2
388	15556	147	86	0	0	*	2
389	15596	146	86	0	0	*	2
390	15636	143	87	0	0	*	2
391	15676	142	87	0	0	*	2
392	15716	140	88	0	0	*	2
393	15756	138	88	0	0	*	2
394	15796	136	89	0	0	*	2
395	15836	134	90	0	0	*	2
396	15876	133	91	0	0	*	2
397	15916	131	91	0	0	*	2
398	15956	129	92	0	0	*	2
399	15996	127	93	0	0	*	2
400	16036	125	93	0	0	*	2
401	16076	123	94	0	0	*	2
402	16116	121	95	0	0	*	2
403	16156	120	96	0	0	*	2
404	16196	118	97	0	0	*	2
405	16236	116	98	0	0	*	2
406	16276	114	99	0	0	*	2
407	16316	113	100	0	0	*	2
408	16356	111	101	0	0	*	2
409	16396	109	102	0	0	*	2
410	16436	108	103	0	0	*	2
411	16476	106	104	0	0	*	2
412	16516	104	106	0	0	*	2
413	16556	103	107	0	0	*	2
414	16596	101	108	0	0	*	2
415	16636	99	109	0	0	*	2
416	16676	98	110	0	0	*	2
417	16716	96	112	0	0	*	2
418	16756	94	113	0	0	*	2
419	16796	93	114	0	0	*	2
420	16836	91	116	0	0	*	2
421	16876	90	116	0	0	*	2
422	16916	88	118	0	0	*	2
423	16956	86	119	0	0	*	2
424	16996	85	121	0	0	*	2
425	17036	84	122	0	0	*	2
426	17076	83	123	0	0	*	2
427	17116	81	125	0	0	*	2
428	17156	80	126	0	0	*	2
429	17196	78	128	0	0	*	2
430	17236	77	129	0	0	*	2
431	17276	75	130	0	0	*	2
432	17316	74	132	0	0	*	2
433	17356	73	134	0	0	*	2
434	17396	71	135	0	0	*	2
435	17436	70	136	0	0	*	2
436	17476	69	138	0	0	*	2
437	17516	67	139	0	0	*	2
438	17556	66	140	0	0	*	2
439	17596	65	142	0	0	*	2
440	17636	63	143	0	0	*	2
441	17676	62	145	0	0	*	2
442	17716	61	146	0	0	*	2
443	17756	59	148	0	0	*	2
444	17796	58	149	0	0	*	2
445	17836	57	151	0	0	*	2
446	17876	56	152	0	0	*	2
447	17916	54	154	0	0	*	2
448	17956	53	155	0	0	*	2
449	17996	52	157	0	0	*	2
450	18036	51	158	0	0	*	2
451	18076	50	160	0	0	*	2
452	18116	49	161	0	0	*	2
453	18156	48	162	0	0	*	2
454	18196	47	164	0	0	*	2
455	18236	46	165	0	0	*	2
456	18276	45	167	0	0	*	2
457	18316	45	169	0	0	*	2
458	18356	44	170	0	0	*	2
459	18396	43	172	0	0	*	2
460	18436	42	173	0	0	*	2
461	18476	42	175	0	0	*	2
462	18516	41	176	0	0	*	2
463	18556	41	178	0	0	*	2
464	18596	41	180	0	0	*	2
465	18636	40	181	0	0	*	2
466	18676	40	183	0	0	*	2
467	18716	40	185	0	0	*	2
468	18756	39	186	0	0	*	2
469	18796	39	187	0	0	*	2
470	18836	40	189	0	0	*	2
471	18876	40	190	0	0	*	2
472	18916	40	192	0	0	*	2
473	18956	40	193	0	0	*	2
474	18996	40	195	0	0	*	2
475	19036	40	196	0	0	*	2
476	19076	41	198	0	0	*	2
477	19116	41	199	0	0	*	2
478	19156	42	200	0	0	*	2
479	19196	42	201	0	0	*	2
480	19236	43	203	0	0	*	2
481	19276	44	204	0	0	*	2
482	19316	43	204	0	0	*	2
483	19356	45	205	0	0	*	2
484	19396	45	207	0	0	*	2
485	19436	45	208	0	0	*	2
486	19476	47	209	0	0	*	2
487	19516	49	209	0	0	*	2
488	19556	50	210	0	0	*	2
489	19596	51	211	0	0	*	2
490	19636	52	212	0	0	*	2
491	19676	54	213	0	0	*	2
492	19716	55	214	0	0	*	2
493	19756	57	214	0	0	*	2
494	19796	59	215	0	0	*	2
495	19836	61	215	0	0	*	2
496	19876	63	215	0	0	*	2
497	19916	64	216	0	0	*	2
498	19956	66	216	0	0	*	2
499	19996	68	216	0	0	*	2
500	20036	70	216	0	0	*	2
501	20076	72	216	0	0	*	2
502	20116	73	216	0	0	*	2
503	20156	75	216	0	0	*	2
504	20196	77	216	0	0	*	2
505	20236	79	216	0	0	*	2
506	20276	81	216	0	0	*	2
507	20316	83	216	0	0	*	2
508	20356	85	215	0	0	*	2
509	20396	86	215	0	0	*	2
510	20436	88	215	0	0	*	2
511	20476	90	215	0	0	*	2
512	20516	92	214	0	0	*	2
513	20556	94	214	0	0	*	2
514	20596	96	214	0	0	*	2
515	20636	97	213	0	0	*	2
516	20676	99	213	0	0	*	2
517	20716	102	212	0	0	*	2
518	20756	104	212	0	0	*	2
519	20796	106	212	0	0	*	2
520	20836	108	211	0	0	*	2
521	20876	110	211	0	0	*	2
522	20916	111	210	0	0	*	2
523	20956	114	210	0	0	*	2
524	20996	116	209	0	0	*	2
525	21036	118	209	0	0	*	2
526	21076	120	209	0	0	*	2
527	21116	121	208	0	0	*	2
528	21156	124	207	0	0	*	2
529	21196	126	207	0	0	*	2
530	21236	128	206	0	0	*	2
531	21276	130	206	0	0	*	2
532	21316	133	205	0	0	*	2
533	21356	134	204	0	0	*	2
534	21396	136	204	0	0	*	2
535	21436	138	203	0	0	*	2
536	21476	140	202	0	0	*	2
537	21516	142	202	0	0	*	2
538	21556	145	201	0	0	*	2
539	21596	146	200	0	0	*	2
540	21636	148	200	0	0	*	2
541	21676	150	199	0	0	*	2
542	21716	152	198	0	0	*	2
543	21756	154	198	0	0	*	2
544	21796	156	197	0	0	*	2
545	21836	158	196	0	0	*	2
546	21876	159	195	0	0	*	2
547	21916	162	195	0	0	*	2
548	21956	164	194	0	0	*	2
549	21996	165	193	0	0	*	2
550	22036	167	193	0	0	*	2
551	22076	170	192	0	0	*	2
552	22116	171	191	0	0	*	2
553	22156	173	191	0	0	*	2
554	22196	175	190	0	0	*	2
555	22236	177	189	0	0	*	2
556	22276	179	189	0	0	*	2
557	22316	181	188	0	0	*	2
558	22356	182	187	0	0	*	2
559	22396	184	186	0	0	*	2
560	22436	186	185	0	0	*	2
561	22476	188	185	0	0	*	2
562	22516	190	185	0	0	*	2
563	22556	192	184	0	0	*	2
564	22596	193	183	0	0	*	2
565	22636	195	183	0	0	*	2
566	22676	197	182	0	0	*	2
567	22716	199	181	0	0	*	2
568	22756	200	181	0	0	*	2
569	22796	202	180	0	0	*	2
570	22836	204	180	0	0	*	2
571	22876	206	179	0	0	*	2
572	22916	207	179	0	0	*	2
573	22956	209	178	0	0	*	2
574	22996	211	178	0	0	*	2
575	23036	212	177	0	0	*	2
576	23076	214	177	0	0	*	2
577	23116	216	176	0	0	*	2
578	23156	217	176	0	0	*	2
579	23196	219	175	0	0	*	2
580	23236	221	175	0	0	*	2
581	23276	222	174	0	0	*	2
582	23316	223	174	0	0	*	2
583	23356	225	173	0	0	*	2
584	23396	226	172	0	0	*	2
585	23436	227	171	0	0	*	2
586	23476	228	171	0	0	*	2
587	23516	229	170	0	0	*	2
588	23556	230	169	0	0	*	2
589	23596	231	168	0	0	*	2
590	23636	231	167	0	0	*	2
591	23676	232	166	0	0	*	2
592	23716	232	165	0	0	*	2
593	23756	233	165	0	0	*	2
594	23796	233	164	0	0	*	2
595	23836	234	164	0	0	*	2
596	23876	234	163	0	0	*	2
597	23916	234	162	0	0	*	2
598	23956	234	161	0	0	*	2
599	23996	235	161	0	0	*	2
600	24036	234	159	0	0	*	2
601	24076	233	157	0	0	*	2
602	24116	232	156	0	0	*	2
603	24156	232	154	0	0	*	2
604	24196	231	153	0	0	*	2
605	24236	231	152	0	0	*	2
606	24276	230	150	0	0	*	2
607	24316	229	149	0	0	*	2
608	24356	228	148	0	0	*	2
609	24396	227	146	0	0	*	2
610	24436	226	145	0	0	*	2
611	24476	225	144	0	0	*	2
612	24516	224	143	0	0	*	2
613	24556	223	142	0	0	*	2
614	24596	222	140	0	0	*	2
615	24636	221	139	0	0	*	2
616	24676	220	139	0	0	*	2
617	24716	219	137	0	0	*	2
618	24756	218	136	0	0	*	2
619	24796	216	135	0	0	*	2
620	24836	215	134	0	0	*	2
621	24876	214	133	0	0	*	2
622	24916	212	132	0	0	*	2
623	24956	210	131	0	0	*	2
624	24996	209	130	0	0	*	2
625	25036	207	129	0	0	*	2
626	25076	206	128	0	0	*	2
627	25116	204	127	0	0	*	2
628	25156	203	126	0	0	*	2
629	25196	201	126	0	0	*	2
630	25236	200	125	0	0	*	2
631	25276	198	125	0	0	*	2
632	25316	196	124	0	0	*	2
633	25356	194	124	0	0	*	2
634	25396	193	123	0	0	*	2
635	25436	191	123	0	0	*	2
636	25476	189	123	0	0	*	2
637	25516	188	122	0	0	*	2
638	25556	186	122	0	0	*	2
639	25596	184	122	0	0	*	2
640	25636	182	121	0	0	*	2
641	25676	181	121	0	0	*	2
642	25716	179	121	0	0	*	2
643	25756	177	121	0	0	*	2
644	25796	175	121	0	0	*	2
645	25836	173	121	0	0	*	2
646	25876	171	121	0	0	*	2
647	25916	169	120	0	0	*	2
648	25956	167	120	0	0	*	2
649	25996	165	120	0	0	*	2
650	26036	163	120	0	0	*	2
651	26076	161	120	0	0	*	2
652	26116	159	120	0	0	*	2
653	26156	157	120	0	0	*	2
654	26196	155	120	0	0	*	2
655	26236	153	120	0	0	*	2
656	26276	151	120	0	0	*	2
657	26316	149	120	0	0	*	2
658	26356	147	119	0	0	*	2
659	26396	145	119	0	0	*	2
660	26436	143	119	0	0	*	2
661	26476	141	119	0	0	*	2
662	26516	138	119	0	0	*	2
663	26556	136	119	0	0	*	2
664	26596	135	119	0	0	*	2
665	26636	133	119	0	0	*	2
666	26676	131	119	0	0	*	2
667	26716	129	119	0	0	*	2
668	26756	127	119	0	0	*	2
669	26796	124	119	0	0	*	2
670	26836	123	119	0	0	*	2
671	26876	121	119	0	0	*	2
672	26916	118	119	0	0	*	2
673	26956	117	119	0	0	*	2
674	26996	115	119	0	0	*	2
675	27036	112	119	0	0	*	2
676	27076	110	119	0	0	*	2
677	27116	109	119	0	0	*	2
678	27156	107	120	0	0	*	2
679	27196	104	120	0	0	*	2
680	27236	102	120	0	0	*	2
681	27276	100	120	0	0	*	2
682	27316	98	120	0	0	*	2
683	27356	97	120	0	0	*	2
684	27396	95	121	0	0	*	2
685	27436	93	121	0	0	*	2
686	27476	90	121	0	0	*	2
687	27516	89	121	0	0	*	2
688	27556	87	122	0	0	*	2
689	27596	85	122	0	0	*	2
690	27636	83	122	0	0	*	2
691	27676	81	122	0	0	*	2
692	27716	79	123	0	0	*	2
693	27756	77	123	0	0	*	2
694	27796	75	123	0	0	*	2
695	27836	73	123	0	0	*	2
696	27876	71	124	0	0	*	2
697	27916	69	124	0	0	*	2
698	27956	67	124	0	0	*	2
699	27996	65	124	0	0	*	2
700	28036	63	125	0	0	*	2
701	28076	61	125	0	0	*	2
702	28116	60	125	0	0	*	2
703	28156	58	126	0	0	*	2
704	28196	56	126	0	0	*	2
705	28236	54	127	0	0	*	2
706	28276	52	127	0	0	*	2
707	28316	50	128	0	0	*	2
708	28356	49	128	0	0	*	2
709	28396	47	129	0	0	*	2
710	28436	45	130	0	0	*	2
711	28476	43	130	0	0	*	2
712	28516	41	131	0	0	*	2
713	28556	40	132	0	0	*	2
714	28596	38	133	0	0	*	2
715	28636	37	133	0	0	*	2
716	28676	36	134	0	0	*	2
717	28716	34	135	0	0	*	2
718	28756	33	136	0	0	*	2
719	28796	32	137	0	0	*	2
720	28836	31	138	0	0	*	2
721	28876	30	139	0	0	*	2
722	28916	29	140	0	0	*	2
723	28956	28	141	0	0	*	2
724	28996	28	142	0	0	*	2
725	29036	27	143	0	0	*	2
726	29076	27	144	0	0	*	2
727	29116	26	146	0	0	*	2
728	29156	26	147	0	0	*	2
729	29196	26	148	0	0	*	2
730	29236	25	149	0	0	*	2
731	29276	26	151	0	0	*	2
732	29316	25	152	0	0	*	2
733	29356	26	153	0	0	*	2
734	29396	26	155	0	0	*	2
735	29436	26	156	0	0	*	2
736	29476	26	158	0	0	*	2
737	29516	27	159	0	0	*	2
738	29556	27	160	0	0	*	2
739	29596	28	161	0	0	*	2
740	29636	29	162	0	0	*	2
741	29676	29	164	0	0	*	2
742	29716	30	165	0	0	*	2
743	29756	31	166	0	0	*	2
744	29796	33	167	0	0	*	2
745	29836	34	169	0	0	*	2
746	29876	35	170	0	0	*	2
747	29916	36	171	0	0	*	2
748	29956	37	172	0	0	*	2
749	29996	38	173	0	0	*	2
750	30036	39	174	0	0	*	2
751	30076	41	176	0	0	*	2
752	30116	42	177	0	0	*	2
753	30156	44	178	0	0	*	2
754	30196	46	179	0	0	*	2
755	30236	47	180	0	0	*	2
756	30276	48	181	0	0	*	2
757	30316	50	182	0	0	*	2
758	30356	52	183	0	0	*	2
759	30396	53	183	0	0	*	2
760	30436	55	184	0	0	*	2
761	30476	57	185	0	0	*	2
762	30516	58	185	0	0	*	2
763	30556	60	186	0	0	*	2
764	30596	62	187	0	0	*	2
765	30636	64	187	0	0	*	2
766	30676	66	188	0	0	*	2
767	30716	68	188	0	0	*	2
768	30756	70	189	0	0	*	2
769	30796	72	189	0	0	*	2
770	30836	73	190	0	0	*	2
771	30876	76	190	0	0	*	2
772	30916	78	190	0	0	*	2
773	30956	80	191	0	0	*	2
774	30996	82	191	0	0	*	2
775	31036	84	191	0	0	*	2
776	31076	86	192	0	0	*	2
777	31116	88	192	0	0	*	2
778	31156	90	192	0	0	*	2
779	31196	92	192	0	0	*	2
780	31236	94	193	0	0	*	2
781	31276	97	193	0	0	*	2
782	31316	98	193	0	0	*	2
783	31356	100	193	0	0	*	2
784	31396	102	193	0	0	*	2
785	31436	105	194	0	0	*	2
786	31476	107	194	0	0	*	2
787	31516	109	194	0	0	*	2
788	31556	111	194	0	0	*	2
789	31596	113	194	0	0	*	2
790	31636	116	194	0	0	*	2
791	31676	118	194	0	0	*	2
792	31716	120	195	0	0	*	2
793	31756	122	195	0	0	*	2
794	31796	124	194	0	0	*	2
795	31836	126	194	0	0	*	2
796	31876	128	194	0	0	*	2
797	31916	130	194	0	0	*	2
798	31956	133	194	0	0	*	2
799	31996	134	194	0	0	*	2
800	32036	136	194	0	0	*	2
801	32076	139	194	0	0	*	2
802	32116	141	194	0	0	*	2
803	32156	143	194	0	0	*	2
804	32196	145	194	0	0	*	2
805	32236	146	194	0	0	*	2
806	32276	148	194	0	0	*	2
807	32316	150	194	0	0	*	2
808	32356	152	193	0	0	*	2
809	32396	154	193	0	0	*	2
810	32436	156	193	0	0	*	2
811	32476	158	193	0	0	*	2
812	32516	160	193	0	0	*	2
813	32556	162	193	0	0	*	2
814	32596	164	193	0	0	*	2
815	32636	166	193	0	0	*	2
816	32676	168	193	0	0	*	2
817	32716	170	193	0	0	*	2
818	32756	171	193	0	0	*	2
819	32796	173	193	0	0	*	2
820	32836	175	193	0	0	*	2
821	32876	177	193	0	0	*	2
822	32916	178	194	0	0	*	2
823	32956	180	194	0	0	*	2
824	32996	182	194	0	0	*	2
825	33036	184	194	0	0	*	2
826	33076	186	195	0	0	*	2
827	33116	188	195	0	0	*	2
828	33156	190	195	0	0	*	2
829	33196	191	196	0	0	*	2
830	33236	193	196	0	0	*	2
831	33276	195	196	0	0	*	2
832	33316	197	197	0	0	*	2
833	33356	198	197	0	0	*	2
834	33396	200	197	0	0	*	2
835	33436	202	198	0	0	*	2
836	33476	203	198	0	0	*	2
837	33516	205	198	0	0	*	2
838	33556	206	199	0	0	*	2
839	33596	208	199	0	0	*	2
840	33636	210	199	0	0	*	2
841	33676	212	200	0	0	*	2
842	33716	214	200	0	0	*	2
843	33756	215	200	0	0	*	2
844	33796	217	200	0	0	*	2
845	33836	218	199	0	0	*	2
846	33876	219	199	0	0	*	2
847	33916	220	198	0	0	*	2
848	33956	221	198	0	0	*	2
849	33996	221	198	0	0	*	2
850	34036	222	197	0	0	*	2
851	34076	223	197	0	0	*	2
852	34116	223	196	0	0	*	2
853	34156	224	196	0	0	*	2
854	34196	224	195	0	0	*	2
855	34236	225	193	0	0	*	2
856	34276	225	192	0	0	*	2
857	34316	225	190	0	0	*	2
858	34356	225	189	0	0	*	2
859	34396	225	188	0	0	*	2
860	34436	226	187	0	0	*	2
861	34476	226	185	0	0	*	2
862	34516	225	184	0	0	*	2
863	34556	225	183	0	0	*	2
864	34596	225	181	0	0	*	2
865	34636	224	179	0	0	*	2
866	34676	224	177	0	0	*	2
867	34716	224	176	0	0	*	2
868	34756	223	174	0	0	*	2
869	34796	223	172	0	0	*	2
870	34836	223	171	0	0	*	2
871	34876	222	169	0	0	*	2
872	34916	222	167	0	0	*	2
873	34956	222	165	0	0	*	2
874	34996	221	164	0	0	*	2
875	35036	220	162	0	0	*	2
876	35076	220	161	0	0	*	2
877	35116	219	159	0	0	*	2
878	35156	219	157	0	0	*	2
879	35196	219	155	0	0	*	2
880	35236	218	154	0	0	*	2
881	35276	217	152	0	0	*	2
882	35316	216	150	0	0	*	2
883	35356	215	149	0	0	*	2
884	35396	214	147	0	0	*	2
885	35436	213	146	0	0	*	2
886	35476	212	144	0	0	*	2
887	35516	211	143	0	0	*	2
888	35556	210	141	0	0	*	2
889	35596	209	140	0	0	*	2
890	35636	207	139	0	0	*	2
891	35676	206	138	0	0	*	2
892	35716	205	137	0	0	*	2
893	35756	204	136	0	0	*	2
894	35796	202	135	0	0	*	2
895	35836	200	134	0	0	*	2
896	35876	199	133	0	0	*	2
897	35916	197	133	0	0	*	2
898	35956	196	132	0	0	*	2
899	35996	194	132	0	0	*	2
900	36036	193	131	0	0	*	2
901	36076	191	130	0	0	*	2
902	36116	189	130	0	0	*	2
903	36156	188	129	0	0	*	2
904	36196	186	129	0	0	*	2
905	36236	184	129	0	0	*	2
906	36276	183	129	0	0	*	2
907	36316	181	128	0	0	*	2
908	36356	180	128	0	0	*	2
909	36396	178	128	0	0	*	2
910	36436	176	128	0	0	*	2
911	36476	174	128	0	0	*	2
912	36516	172	128	0	0	*	2
913	36556	170	128	0	0	*	2
914	36596	169	128	0	0	*	2
915	36636	167	128	0	0	*	2
916	36676	165	128	0	0	*	2
917	36716	164	128	0	0	*	2
918	36756	161	128	0	0	*	2
919	36796	160	128	0	0	*	2
920	36836	158	129	0	0	*	2
921	36876	157	129	0	0	*	2
922	36916	155	129	0	0	*	2
923	36956	153	129	0	0	*	2
924	36996	151	130	0	0	*	2
925	37036	149	130	0	0	*	2
926	37076	148	130	0	0	*	2
927	37116	146	131	0	0	*	2
928	37156	144	131	0	0	*	2
929	37196	143	132	0	0	*	2
930	37236	141	132	0	0	*	2
931	37276	139	133	0	0	*	2
932	37316	137	133	0	0	*	2
933	37356	135	134	0	0	*	2
934	37396	134	134	0	0	*	2
935	37436	132	135	0	0	*	2
936	37476	130	135	0	0	*	2
937	37516	128	136	0	0	*	2
938	37556	126	136	0	0	*	2
939	37596	125	136	0	0	*	2
940	37636	123	137	0	0	*	2
941	37676	121	138	0	0	*	2
942	37716	119	138	0	0	*	2
943	37756	117	139	0	0	*	2
944	37796	116	139	0	0	*	2
945	37836	114	139	0	0	*	2
946	37876	111	140	0	0	*	2
947	37916	109	141	0	0	*	2
948	37956	108	141	0	0	*	2
949	37996	106	142	0	0	*	2
950	38036	105	142	0	0	*	2
951	38076	103	143	0	0	*	2
952	38116	101	144	0	0	*	2
953	38156	99	144	0	0	*	2
954	38196	97	145	0	0	*	2
955	38236	95	146	0	0	*	2
956	38276	94	147	0	0	*	2
957	38316	92	147	0	0	*	2
958	38356	90	148	0	0	*	2
959	38396	89	148	0	0	*	2
960	38436	87	149	0	0	*	2
961	38476	85	150	0	0	*	2
962	38516	84	151	0	0	*	2
963	38556	82	151	0	0	*	2
964	38596	80	152	0	0	*	2
965	38636	78	153	0	0	*	2
966	38676	77	153	0	0	*	2
967	38716	75	154	0	0	*	2
968	38756	73	155	0	0	*	2
969	38796	72	155	0	0	*	2
970	38836	71	156	0	0	*	2
971	38876	69	157	0	0	*	2
972	38916	67	158	0	0	*	2
973	38956	66	159	0	0	*	2
974	38996	64	160	0	0	*	2
975	39036	63	160	0	0	*	2
976	39076	61	161	0	0	*	2
977	39116	60	162	0	0	*	2
978	39156	58	162	0	0	*	2
979	39196	57	163	0	0	*	2
980	39236	55	164	0	0	*	2
981	39276	53	165	0	0	*	2
982	39316	51	166	0	0	*	2
983	39356	50	166	0	0	*	2
984	39396	49	167	0	0	*	2
985	39436	47	168	0	0	*	2
986	39476	46	169	0	0	*	2
987	39516	44	170	0	0	*	2
988	39556	42	170	0	0	*	2
989	39596	41	171	0	0	*	2
990	39636	40	172	0	0	*	2
991	39676	38	172	0	0	*	2
992	39716	37	173	0	0	*	2
993	39756	35	174	0	0	*	2
994	39796	32	176	0	0	*	2
995	39836	30	177	0	0	*	2
996	39876	28	178	0	0	*	2
997	39916	27	178	0	0	*	2
998	39956	26	179	0	0	*	2
999	39996	26	179	0	0	*	2
1000	40036	25	180	0	0	*	2
1001	40076	25	180	0	0	*	2
1002	40116	25	180	0	0	*	2
1003	40156	24	181	0	0	*	2
1004	40196	24	182	0	0	*	2
1005	40236	24	183	0	0	*	2
1006	40276	25	184	0	0	*	2
1007	40316	26	185	0	0	*	2
1008	40356	26	184	0	0	*	2
1009	40396	26	184	0	0	*	2
1010	40436	26	185	0	0	*	2
1011	40476	27	185	0	0	*	2
1012	40516	27	185	0	0	*	2
1013	40556	27	185	0	0	*	2
1014	40596	28	185	0	0	*	2
1015	40636	30	185	0	0	*	2
1016	40676	30	185	0	0	*	2
1017	40716	31	186	0	0	*	2
1018	40756	29	187	0	0	*	2
1019	40796	29	187	0	0	*	2
1020	40836	30	188	0	0	*	2
1021	40876	32	188	0	0	*	2
1022	40916	32	189	0	0	*	2
1023	40956	34	190	0	0	*	2
1024	40996	35	191	0	0	*	2
1025	41036	37	192	0	0	*	2
1026	41076	39	193	0	0	*	2
1027	41116	41	194	0	0	*	2
1028	41156	44	194	0	0	*	2
1029	41196	46	195	0	0	*	2
1030	41236	48	195	0	0	*	2
1031	41276	50	196	0	0	*	2
1032	41316	52	197	0	0	*	2
1033	41356	54	197	0	0	*	2
1034	41396	56	197	0	0	*	2
1035	41436	58	198	0	0	*	2
1036	41476	60	198	0	0	*	2
1037	41516	62	198	0	0	*	2
1038	41556	64	198	0	0	*	2
1039	41596	66	199	0	0	*	2
1040	41636	68	199	0	0	*	2
1041	41676	70	199	0	0	*	2
1042	41716	72	199	0	0	*	2
1043	41756	74	199	0	0	*	2
1044	41796	76	199	0	0	*	2
1045	41836	78	199	0	0	*	2
1046	41876	80	199	0	0	*	2
1047	41916	82	198	0	0	*	2
1048	41956	84	198	0	0	*	2
1049	41996	86	198	0	0	*	2
1050	42036	88	199	0	0	*	2
1051	42076	90	198	0	0	*	2
1052	42116	92	198	0	0	*	2
1053	42156	95	198	0	0	*	2
1054	42196	97	198	0	0	*	2
1055	42236	98	198	0	0	*	2
1056	42276	101	198	0	0	*	2
1057	42316	103	198	0	0	*	2
1058	42356	105	198	0	0	*	2
1059	42396	108	197	0	0	*	2
1060	42436	109	197	0	0	*	2
1061	42476	112	197	0	0	*	2
1062	42516	114	197	0	0	*	2
1063	42556	116	197	0	0	*	2
1064	42596	118	197	0	0	*	2
1065	42636	120	196	0	0	*	2
1066	42676	122	196	0	0	*	2
1067	42716	125	196	0	0	*	2
1068	42756	127	196	0	0	*	2
1069	42796	129	196	0	0	*	2
1070	42836	131	195	0	0	*	2
1071	42876	133	195	0	0	*	2
1072	42916	135	195	0	0	*	2
1073	42956	137	194	0	0	*	2
1074	42996	140	194	0	0	*	2
1075	43036	141	194	0	0	*	2
1076	43076	143	193	0	0	*	2
1077	43116	146	193	0	0	*	2
1078	43156	147	192	0	0	*	2
1079	43196	150	192	0	0	*	2
1080	43236	152	191	0	0	*	2
1081	43276	154	191	0	0	*	2
1082	43316	156	190	0	0	*	2
1083	43356	158	190	0	0	*	2
1084	43396	159	189	0	0	*	2
1085	43436	161	189	0	0	*	2
1086	43476	164	188	0	0	*	2
1087	43516	166	188	0	0	*	2
1088	43556	168	187	0	0	*	2
1089	43596	170	186	0	0	*	2
1090	43636	171	186	0	0	*	2
1091	43676	173	185	0	0	*	2
1092	43716	175	185	0	0	*	2
1093	43756	177	184	0	0	*	2
1094	43796	179	184	0	0	*	2
1095	43836	181	183	0	0	*	2
1096	43876	182	182	0	0	*	2
1097	43916	184	182	0	0	*	2
1098	43956	186	181	0	0	*	2
1099	43996	188	181	0	0	*	2
1100	44036	190	180	0	0	*	2
1101	44076	192	180	0	0	*	2
1102	44116	194	179	0	0	*	2
1103	44156	195	178	0	0	*	2
1104	44196	196	178	0	0	*	2
1105	44236	198	178	0	0	*	2
1106	44276	200	177	0	0	*	2
1107	44316	202	176	0	0	*	2
1108	44356	204	175	0	0	*	2
1109	44396	206	175	0	0	*	2
1110	44436	207	175	0	0	*	2
1111	44476	209	174	0	0	*	2
1112	44516	211	174	0	0	*	2
1113	44556	213	173	0	0	*	2
1114	44596	215	173	0	0	*	2
1115	44636	217	172	0	0	*	2
1116	44676	219	172	0	0	*	2
1117	44716	219	172	0	0	*	2
1118	44756	221	171	0	0	*	2
1119	44796	223	171	0	0	*	2
1120	44836	224	171	0	0	*	2
1121	44876	227	170	0	0	*	2
1122	44916	229	170	0	0	*	2
1123	44956	231	169	0	0	*	2
1124	44996	232	169	0	0	*	2
1125	45036	234	168	0	0	*	2
1126	45076	235	168	0	0	*	2
1127	45116	237	167	0	0	*	2
1128	45156	238	166	0	0	*	2
1129	45196	239	165	0	0	*	2
1130	45236	240	165	0	0	*	2
1131	45276	240	164	0	0	*	2
1132	45316	241	163	0	0	*	2
1133	45356	242	163	0	0	*	2
1134	45396	242	162	0	0	*	2
1135	45436	242	162	0	0	*	2
1136	45476	242	162	0	0	*	2
1137	45516	242	160	0	0	*	2
1138	45556	242	160	0	0	*	2
1139	45596	241	158	0	0	*	2
1140	45636	241	156	0	0	*	2
1141	45676	241	154	0	0	*	2
1142	45716	241	153	0	0	*	2
1143	45756	241	152	0	0	*	2
1144	45796	240	151	0	0	*	2
1145	45836	239	149	0	0	*	2
1146	45876	237	147	0	0	*	2
1147	45916	237	145	0	0	*	2
1148	45956	236	143	0	0	*	2
1149	45996	235	142	0	0	*	2
1150	46036	234	140	0	0	*	2
1151	46076	233	139	0	0	*	2
1152	46116	232	137	0	0	*	2
1153	46156	231	135	0	0	*	2
1154	46196	230	134	0	0	*	2
1155	46236	229	132	0	0	*	2
1156	46276	228	131	0	0	*	2
1157	46316	227	129	0	0	*	2
1158	46356	226	128	0	0	*	2
1159	46396	224	126	0	0	*	2
1160	46436	223	124	0	0	*	2
1161	46476	222	123	0	0	*	2
1162	46516	220	122	0	0	*	2
1163	46556	219	120	0	0	*	2
1164	46596	218	119	0	0	*	2
1165	46636	216	118	0	0	*	2
1166	46676	215	117	0	0	*	2
1167	46716	213	116	0	0	*	2
1168	46756	212	115	0	0	*	2
1169	46796	210	114	0	0	*	2
1170	46836	209	113	0	0	*	2
1171	46876	207	112	0	0	*	2
1172	46916	206	111	0	0	*	2
1173	46956	204	110	0	0	*	2
1174	46996	203	109	0	0	*	2
1175	47036	201	108	0	0	*	2
1176	47076	199	107	0	0	*	2
1177	47116	198	107	0	0	*	2
1178	47156	196	106	0	0	*	2
1179	47196	194	105	0	0	*	2
1180	47236	193	105	0	0	*	2
1181	47276	192	104	0	0	*	2
1182	47316	189	103	0	0	*	2
1183	47356	188	103	0	0	*	2
1184	47396	186	102	0	0	*	2
1185	47436	184	102	0	0	*	2
1186	47476	183	101	0	0	*	2
1187	47516	181	100	0	0	*	2
1188	47556	179	100	0	0	*	2
1189	47596	177	99	0	0	*	2
1190	47636	176	98	0	0	*	2
1191	47676	174	98	0	0	*	2
1192	47716	172	97	0	0	*	2
1193	47756	170	97	0	0	*	2
1194	47796	168	96	0	0	*	2
1195	47836	166	95	0	0	*	2
1196	47876	164	94	0	0	*	2
1197	47916	163	94	0	0	*	2
1198	47956	161	93	0	0	*	2
1199	47996	159	93	0	0	*	2
1200	48036	157	92	0	0	*	2
1201	48076	155	92	0	0	*	2
1202	48116	153	91	0	0	*	2
1203	48156	152	90	0	0	*	2
1204	48196	150	90	0	0	*	2
1205	48236	148	89	0	0	*	2
1206	48276	146	88	0	0	*	2
1207	48316	145	87	0	0	*	2
1208	48356	142	86	0	0	*	2
1209	48396	141	86	0	0	*	2
1210	48436	139	85	0	0	*	2
1211	48476	137	84	0	0	*	2
1212	48516	135	84	0	0	*	2
1213	48556	134	83	0	0	*	2
1214	48596	131	82	0	0	*	2
1215	48636	129	81	0	0	*	2
1216	48676	127	81	0	0	*	2
1217	48716	126	80	0	0	*	2
1218	48756	124	79	0	0	*	2
1219	48796	122	78	0	0	*	2
1220	48836	120	77	0	0	*	2
1221	48876	118	76	0	0	*	2
1222	48916	116	76	0	0	*	2
1223	48956	115	75	0	0	*	2
1224	48996	113	74	0	0	*	2
1225	49036	111	74	0	0	*	2
1226	49076	109	73	0	0	*	2
1227	49116	108	72	0	0	*	2
1228	49156	106	72	0	0	*	2
1229	49196	104	71	0	0	*	2
1230	49236	102	70	0	0	*	2
1231	49276	100	70	0	0	*	2
1232	49316	99	69	0	0	*	2
1233	49356	97	69	0	0	*	2
1234	49396	96	68	0	0	*	2
1235	49436	94	68	0	0	*	2
1236	49476	92	67	0	0	*	2
1237	49516	90	67	0	0	*	2
1238	49556	89	66	0	0	*	2
1239	49596	87	65	0	0	*	2
1240	49636	85	65	0	0	*	2
1241	49676	83	64	0	0	*	2
1242	49716	81	64	0	0	*	2
1243	49756	80	64	0	0	*	2
1244	49796	79	64	0	0	*	2
1245	49836	78	63	0	0	*	2
1246	49876	75	63	0	0	*	2
1247	49916	73	63	0	0	*	2
1248	49956	72	63	0	1	*	2
1249	49996	73	64	0	1	*	2
1250	50036	72	64	0	1	*	2
1251	50076	72	64	0	1	*	2
1252	50116	70	65	0	1	*	2
1253	50156	69	65	0	1	*	2
1254	50196	68	66	0	1	*	2
1255	50236	66	66	0	1	*	2
1256	50276	65	66	0	1	*	2
1257	50316	64	67	0	1	*	2
1258	50356	63	67	0	1	*	2
1259	50396	62	67	0	1	*	2
1260	50436	61	67	0	1	*	2
1261	50476	61	68	0	1	*	2
1262	50516	61	68	0	1	*	2
1263	50556	61	68	0	1	*	2
1264	50596	59	68	0	1	*	2
1265	50636	58	68	0	1	*	2
1266	50676	57	68	0	1	*	2
1267	50716	57	67	0	1	*	2
1268	50756	56	67	0	1	*	2
1269	50796	56	68	0	1	*	2
1270	50836	56	68	0	1	*	2
1271	50876	57	68	0	1	*	2
1272	50916	57	68	0	1	*	2
1273	50956	58	68	0	1	*	2
1274	50996	58	68	0	1	*	2
1275	51036	58	68	0	1	*	2
1276	51076	59	69	0	1	*	2
1277	51116	59	68	0	1	*	2
1278	51156	60	68	0	1	*	2
1279	51196	60	69	0	1	*	2
1280	51236	60	68	0	1	*	2
1281	51276	62	69	0	1	*	2
1282	51316	62	68	0	1	*	2
1283	51356	64	69	0	1	*	2
1284	51396	66	70	0	1	*	2
1285	51436	68	70	0	1	*	2
1286	51476	70	72	0	0	*	2
1287	51516	73	73	0	0	*	2
1288	51556	76	74	0	0	*	2
1289	51596	78	75	0	0	*	2
1290	51636	79	76	0	0	*	2
1291	51676	80	77	0	0	*	2
1292	51716	81	77	0	0	*	2
1293	51756	84	77	0	0	*	2
1294	51796	86	76	0	0	*	2
1295	51836	89	76	0	0	*	2
1296	51876	92	75	0	0	*	2
1297	51916	94	75	0	0	*	2
1298	51956	97	74	0	0	*	2
1299	51996	99	73	0	0	*	2
1300	52036	101	73	0	0	*	2
1301	52076	103	72	0	0	*	2
1302	52116	105	72	0	0	*	2
1303	52156	106	72	0	0	*	2
1304	52196	108	71	0	0	*	2
1305	52236	109	71	0	0	*	2
1306	52276	110	71	0	0	*	2
1307	52316	111	71	0	0	*	2
1308	52356	113	70	0	0	*	2
1309	52396	114	70	0	0	*	2
1310	52436	116	70	0	0	*	2
1311	52476	118	70	0	0	*	2
1312	52516	119	69	0	0	*	2
1313	52556	121	69	0	0	*	2
1314	52596	122	68	0	0	*	2
1315	52636	124	68	0	0	*	2
1316	52676	125	67	0	0	*	2
1317	52716	127	67	0	0	*	2
1318	52756	129	66	0	0	*	2
1319	52796	131	66	0	0	*	2
1320	52836	132	65	0	0	*	2
1321	52876	134	65	0	0	*	2
1322	52916	135	65	0	0	*	2
1323	52956	137	65	0	0	*	2
1324	52996	139	64	0	0	*	2
1325	53036	141	64	0	0	*	2
1326	53076	143	63	0	0	*	2
1327	53116	145	63	0	0	*	2
1328	53156	146	63	0	0	*	2
1329	53196	149	62	0	0	*	2
1330	53236	151	62	0	0	*	2
1331	53276	153	62	0	0	*	2
1332	53316	155	61	0	0	*	2
1333	53356	157	61	0	0	*	2
1334	53396	158	61	0	0	*	2
1335	53436	160	61	0	0	*	2
1336	53476	162	61	0	0	*	2
1337	53516	164	61	0	0	*	2
1338	53556	166	60	0	0	*	2
1339	53596	168	60	0	0	*	2
1340	53636	170	60	0	0	*	2
1341	53676	172	60	0	0	*	2
1342	53716	174	60	0	0	*	2
1343	53756	175	60	0	0	*	2
1344	53796	178	60	0	0	*	2
1345	53836	179	60	0	0	*	2
1346	53876	181	60	0	0	*	2
1347	53916	182	61	0	0	*	2
1348	53956	185	61	0	0	*	2
1349	53996	186	61	0	0	*	2
1350	54036	188	62	0	0	*	2
1351	54076	190	62	0	0	*	2
1352	54116	191	63	0	0	*	2
1353	54156	194	64	0	0	*	2
1354	54196	195	65	0	0	*	2
1355	54236	197	65	0	0	*	2
1356	54276	198	66	0	0	*	2
1357	54316	200	67	0	0	*	2
1358	54356	201	67	0	0	*	2
1359	54396	202	69	0	0	*	2
1360	54436	204	70	0	0	*	2
1361	54476	205	70	0	0	*	2
1362	54516	206	72	0	0	*	2
1363	54556	208	73	0	0	*	2
1364	54596	209	74	0	0	*	2
1365	54636	210	76	0	0	*	2
1366	54676	211	77	0	0	*	2
1367	54716	212	78	0	0	*	2
1368	54756	213	80	0	0	*	2
1369	54796	214	81	0	0	*	2
1370	54836	215	83	0	0	*	2
1371	54876	216	85	0	0	*	2
1372	54916	217	87	0	0	*	2
1373	54956	217	88	0	0	*	2
1374	54996	218	90	0	0	*	2
1375	55036	219	92	0	0	*	2
1376	55076	219	93	0	0	*	2
1377	55116	219	95	0	0	*	2
1378	55156	220	97	0	0	*	2
1379	55196	221	98	0	0	*	2
1380	55236	221	100	0	0	*	2
1381	55276	222	102	0	0	*	2
1382	55316	222	104	0	0	*	2
1383	55356	222	106	0	0	*	2
1384	55396	223	108	0	0	*	2
1385	55436	223	110	0	0	*	2
1386	55476	223	111	0	0	*	2
1387	55516	223	113	0	0	*	2
1388	55556	224	115	0	0	*	2
1389	55596	224	117	0	0	*	2
1390	55636	224	118	0	0	*	2
1391	55676	225	121	0	0	*	2
1392	55716	225	123	0	0	*	2
1393	55756	225	124	0	0	*	2
1394	55796	225	126	0	0	*	2
1395	55836	225	128	0	0	*	2
1396	55876	225	130	0	0	*	2
1397	55916	225	132	0	0	*	2
1398	55956	224	134	0	0	*	2
1399	55996	224	136	0	0	*	2
1400	56036	224	138	0	0	*	2
1401	56076	224	139	0	0	*	2
1402	56116	223	141	0	0	*	2
1403	56156	223	143	0	0	*	2
1404	56196	222	145	0	0	*	2
1405	56236	222	147	0	0	*	2
1406	56276	221	149	0	0	*	2
1407	56316	221	151	0	0	*	2
1408	56356	220	153	0	0	*	2
1409	56396	220	155	0	0	*	2
1410	56436	219	157	0	0	*	2
1411	56476	218	159	0	0	*	2
1412	56516	218	161	0	0	*	2
1413	56556	217	162	0	0	*	2
1414	56596	216	164	0	0	*	2
1415	56636	215	165	0	0	*	2
1416	56676	214	167	0	0	*	2
1417	56716	214	169	0	0	*	2
1418	56756	213	171	0	0	*	2
1419	56796	212	173	0	0	*	2
1420	56836	211	174	0	0	*	2
1421	56876	209	176	0	0	*	2
1422	56916	208	178	0	0	*	2
1423	56956	207	179	0	0	*	2
1424	56996	206	181	0	0	*	2
1425	57036	205	183	0	0	*	2
1426	57076	204	184	0	0	*	2
1427	57116	202	185	0	0	*	2
1428	57156	201	187	0	0	*	2
1429	57196	200	189	0	0	*	2
1430	57236	198	190	0	0	*	2
1431	57276	197	192	0	0	*	2
1432	57316	196	194	0	0	*	2
1433	57356	194	195	0	0	*	2
1434	57396	193	197	0	0	*	2
1435	57436	192	198	0	0	*	2
1436	57476	191	199	0	0	*	2
1437	57516	189	201	0	0	*	2
1438	57556	188	202	0	0	*	2
1439	57596	186	204	0	0	*	2
1440	57636	185	205	0	0	*	2
1441	57676	183	207	0	0	*	2
1442	57716	182	208	0	0	*	2
1443	57756	180	209	0	0	*	2
1444	57796	179	210	0	0	*	2
1445	57836	177	211	0	0	*	2
1446	57876	175	212	0	0	*	2
1447	57916	174	213	0	0	*	2
1448	57956	172	214	0	0	*	2
1449	57996	170	214	0	0	*	2
1450	58036	169	215	0	0	*	2
1451	58076	168	216	0	0	*	2
1452	58116	166	216	0	0	*	2
1453	58156	164	217	0	0	*	2
1454	58196	162	217	0	0	*	2
1455	58236	160	218	0	0	*	2
1456	58276	158	218	0	0	*	2
1457	58316	157	219	0	0	*	2
1458	58356	155	219	0	0	*	2
1459	58396	153	219	0	0	*	2
1460	58436	151	219	0	0	*	2
1461	58476	149	219	0	0	*	2
1462	58516	147	220	0	0	*	2
1463	58556	146	220	0	0	*	2
1464	58596	145	220	0	0	*	2
1465	58636	143	220	0	0	*	2
1466	58676	142	220	0	0	*	2
1467	58716	140	220	0	0	*	2
1468	58756	137	219	0	0	*	2
1469	58796	136	219	0	0	*	2
1470	58836	134	219	0	0	*	2
1471	58876	133	219	0	0	*	2
1472	58916	131	218	0	0	*	2
1473	58956	129	218	0	0	*	2
1474	58996	127	218	0	0	*	2
1475	59036	125	217	0	0	*	2
1476	59076	123	217	0	0	*	2
1477	59116	121	216	0	0	*	2
1478	59156	120	216	0	0	*	2
1479	59196	118	215	0	0	*	2
1480	59236	116	214	0	0	*	2
1481	59276	114	214	0	0	*	2
1482	59316	113	213	0	0	*	2
1483	59356	111	212	0	0	*	2
1484	59396	109	212	0	0	*	2
1485	59436	108	211	0	0	*	2
1486	59476	106	210	0	0	*	2
1487	59516	104	209	0	0	*	2
1488	59556	102	209	0	0	*	2
1489	59596	101	208	0	0	*	2
1490	59636	99	207	0	0	*	2
1491	59676	97	206	0	0	*	2
1492	59716	96	205	0	0	*	2
1493	59756	94	204	0	0	*	2
1494	59796	92	203	0	0	*	2
1495	59836	90	202	0	0	*	2
1496	59876	89	200	0	0	*	2
1497	59916	87	199	0	0	*	2
1498	59956	85	198	0	0	*	2
1499	59996	84	197	0	0	*	2
1500	60036	82	195	0	0	*	2
1501	60076	81	194	0	0	*	2
1502	60116	79	192	0	0	*	2
1503	60156	78	191	0	0	*	2
1504	60196	76	190	0	0	*	2
1505	60236	75	188	0	0	*	2
1506	60276	73	187	0	0	*	2
1507	60316	72	185	0	0	*	2
1508	60356	71	184	0	0	*	2
1509	60396	70	182	0	0	*	2
1510	60436	68	181	0	0	*	2
1511	60476	67	179	0	0	*	2
1512	60516	66	178	0	0	*	2
1513	60556	65	176	0	0	*	2
1514	60596	64	175	0	0	*	2
1515	60636	62	173	0	0	*	2
1516	60676	61	171	0	0	*	2
1517	60716	61	170	0	0	*	2
1518	60756	60	168	0	0	*	2
1519	60796	59	166	0	0	*	2
1520	60836	58	165	0	0	*	2
1521	60876	57	163	0	0	*	2
1522	60916	57	162	0	0	*	2
1523	60956	56	160	0	0	*	2
1524	60996	55	158	0	0	*	2
1525	61036	55	156	0	0	*	2
1526	61076	54	155	0	0	*	2
1527	61116	53	153	0	0	*	2
1528	61156	53	151	0	0	*	2
1529	61196	52	149	0	0	*	2
1530	61236	51	147	0	0	*	2
1531	61276	51	145	0	0	*	2
1532	61316	50	144	0	0	*	2
1533	61356	50	142	0	0	*	2
1534	61396	49	140	0	0	*	2
1535	61436	49	138	0	0	*	2
1536	61476	49	137	0	0	*	2
1537	61516	48	134	0	0	*	2
1538	61556	48	133	0	0	*	2
1539	61596	47	131	0	0	*	2
1540	61636	47	129	0	0	*	2
1541	61676	46	127	0	0	*	2
1542	61716	46	125	0	0	*	2
1543	61756	45	123	0	0	*	2
1544	61796	45	122	0	0	*	2
1545	61836	44	120	0	0	*	2
1546	61876	44	118	0	0	*	2
1547	61916	44	116	0	0	*	2
1548	61956	43	115	0	0	*	2
1549	61996	43	113	0	0	*	2
1550	62036	42	111	0	0	*	2
1551	62076	42	109	0	0	*	2
1552	62116	42	108	0	0	*	2
1553	62156	41	105	0	0	*	2
1554	62196	41	104	0	0	*	2
1555	62236	40	102	0	0	*	2
1556	62276	40	100	0	0	*	2
1557	62316	40	98	0	0	*	2
1558	62356	39	96	0	0	*	2
1559	62396	39	94	0	0	*	2
1560	62436	39	93	0	0	*	2
1561	62476	38	91	0	0	*	2
1562	62516	38	89	0	0	*	2
1563	62556	38	87	0	0	*	2
1564	62596	38	86	0	0	*	2
1565	62636	37	84	0	0	*	2
1566	62676	37	82	0	0	*	2
1567	62716	37	81	0	0	*	2
1568	62756	37	80	0	0	*	2
1569	62796	37	79	0	0	*	2
1570	62836	37	78	0	0	*	2
1571	62876	38	76	0	0	*	2
1572	62916	38	75	0	0	*	2
1573	62956	38	74	0	0	*	2
1574	62996	39	73	0	0	*	2
1575	63036	39	73	0	0	*	2
1576	63076	40	71	0	0	*	2
1577	63116	40	70	0	0	*	2
1578	63156	40	70	0	0	*	2
1579	63196	41	70	0	0	*	2
1580	63236	41	69	0	0	*	2
