%%BEGIN_HEADER
	%%BEGIN DATABASE_INFORMATION
		%Date.0 ( 13.9.2019 )
		%Time.0 ( 17:18 )
	%%END DATABASE_INFORMATION
	%%BEGIN SETUP_INFORMATION
		%TrackerVersion.0 ( Tracker version 2.38 release 12.8.2012 )
		%ElapsedTime_ms.0 ( 40492 )
		%Paradigm.0 ( PlacePreference )
		%FeederParameters.0 ( 1500 0 )
			// %FeederParameters.0 ( ENTRANCE_LATENCY EXIT_LATENCY )
		%ElapsedPath_m.0 ( 0.00 )
		%ArenaDiameter_m.0 ( 1.80 )
		%TrackerResolution_PixPerCM.0 ( 1.4222 )
		%ArenaCenterXY.0 ( 127.5 127.5 )
		%Frame.0 ( RoomFrame )
		%ReinforcedSector.0 ( 64.3907 64.3907 7 )
			//%ReinforcedSector.0 ( CENTER_X CENTER_Y RADIUS )
		%RoomTrackReinforcedSector.0 ( 64.3907 64.3907 7 )
			//%RoomTrackReinforcedSector.0 ( CENTER_X CENTER_Y RADIUS )
	%%END SETUP_INFORMATION
	%%BEGIN RECORD_FORMAT
		%Sample.0 ( FrameCount 1msTimeStamp RoomX RoomY Sectors State Flags FrameInfo )
			//Sectors indicate if the object is in a target. Number is binary coded. Sectors = 0: no target, Sectors = 1: room target, Sectors: = 2 arena target, Sectors: = 3 room and arena target
			////State indicates the Watermaze State: OutsideTarget = 0, EntranceLatency = 1, InsideTarget = 3, OutsideRefractory = 4, BadSpot = 5
			//FrameInfo indicates succesfuly tracked spots: ReferencePoint * 2^0 + Spot0 * 2^(1+0) + Spot1 * 2^(1+1) + Spot2 * 2^(1+2) .... 
	%%END RECORD_FORMAT
%%END_HEADER
1	51	134	238	0	0	*	2
2	91	134	238	0	0	*	2
3	131	134	237	0	0	*	2
4	171	135	236	0	0	*	2
5	211	136	235	0	0	*	2
6	251	137	235	0	0	*	2
7	291	137	234	0	0	*	2
8	331	138	232	0	0	*	2
9	371	139	231	0	0	*	2
10	411	140	230	0	0	*	2
11	451	140	228	0	0	*	2
12	491	141	226	0	0	*	2
13	531	142	225	0	0	*	2
14	571	142	223	0	0	*	2
15	611	143	222	0	0	*	2
16	651	144	220	0	0	*	2
17	691	145	219	0	0	*	2
18	731	146	216	0	0	*	2
19	771	148	211	0	0	*	2
20	811	147	213	0	0	*	2
21	851	148	211	0	0	*	2
22	891	149	209	0	0	*	2
23	931	149	207	0	0	*	2
24	971	150	204	0	0	*	2
25	1011	151	201	0	0	*	2
26	1051	152	199	0	0	*	2
27	1091	153	197	0	0	*	2
28	1131	153	194	0	0	*	2
29	1171	154	191	0	0	*	2
30	1211	155	189	0	0	*	2
31	1251	155	186	0	0	*	2
32	1291	156	184	0	0	*	2
33	1331	156	182	0	0	*	2
34	1371	157	179	0	0	*	2
35	1411	157	177	0	0	*	2
36	1451	158	174	0	0	*	2
37	1491	158	171	0	0	*	2
38	1531	158	169	0	0	*	2
39	1571	159	167	0	0	*	2
40	1611	159	164	0	0	*	2
41	1651	160	162	0	0	*	2
42	1691	160	160	0	0	*	2
43	1731	161	157	0	0	*	2
44	1771	162	155	0	0	*	2
45	1811	162	151	0	0	*	2
46	1851	163	149	0	0	*	2
47	1891	164	147	0	0	*	2
48	1931	165	144	0	0	*	2
49	1971	166	142	0	0	*	2
50	2011	166	140	0	0	*	2
51	2051	167	137	0	0	*	2
52	2091	168	135	0	0	*	2
53	2131	170	129	0	0	*	2
54	2171	169	130	0	0	*	2
55	2211	170	128	0	0	*	2
56	2251	172	121	0	0	*	2
57	2291	172	123	0	0	*	2
58	2331	172	120	0	0	*	2
59	2371	173	118	0	0	*	2
60	2411	174	116	0	0	*	2
61	2451	175	114	0	0	*	2
62	2491	177	107	0	0	*	2
63	2531	178	104	0	0	*	2
64	2571	178	102	0	0	*	2
65	2611	179	100	0	0	*	2
66	2651	178	102	0	0	*	2
67	2691	181	95	0	0	*	2
68	2731	182	93	0	0	*	2
69	2771	182	90	0	0	*	2
70	2811	182	88	0	0	*	2
71	2851	183	86	0	0	*	2
72	2891	182	88	0	0	*	2
73	2931	183	86	0	0	*	2
74	2971	185	79	0	0	*	2
75	3011	186	77	0	0	*	2
76	3051	187	74	0	0	*	2
77	3091	187	71	0	0	*	2
78	3131	188	69	0	0	*	2
79	3171	189	68	0	0	*	2
80	3211	189	65	0	0	*	2
81	3251	190	63	0	0	*	2
82	3291	191	60	0	0	*	2
83	3331	191	58	0	0	*	2
84	3371	192	56	0	0	*	2
85	3411	193	54	0	0	*	2
86	3451	192	57	0	0	*	2
87	3491	194	50	0	0	*	2
88	3531	194	48	0	0	*	2
89	3571	194	46	0	0	*	2
90	3611	195	45	0	0	*	2
91	3651	195	44	0	0	*	2
92	3691	196	42	0	0	*	2
93	3731	196	41	0	0	*	2
94	3771	197	39	0	0	*	2
95	3811	197	38	0	0	*	2
96	3851	197	36	0	0	*	2
97	3891	197	35	0	0	*	2
98	3931	196	35	0	0	*	2
99	3971	195	36	0	0	*	2
100	4011	194	33	0	0	*	2
101	4051	193	32	0	0	*	2
102	4091	191	31	0	0	*	2
103	4131	191	32	0	0	*	2
104	4171	190	32	0	0	*	2
105	4211	189	31	0	0	*	2
106	4251	190	32	0	0	*	2
107	4291	185	31	0	0	*	2
108	4331	184	31	0	0	*	2
109	4371	183	32	0	0	*	2
110	4411	187	33	0	0	*	2
111	4451	186	33	0	0	*	2
112	4491	184	33	0	0	*	2
113	4531	182	33	0	0	*	2
114	4571	181	34	0	0	*	2
115	4611	179	34	0	0	*	2
116	4651	176	36	0	0	*	2
117	4691	172	37	0	0	*	2
118	4731	170	38	0	0	*	2
119	4771	169	39	0	0	*	2
120	4811	168	39	0	0	*	2
121	4851	169	39	0	0	*	2
122	4891	163	42	0	0	*	2
123	4931	161	43	0	0	*	2
124	4971	159	44	0	0	*	2
125	5011	161	44	0	0	*	2
126	5051	159	45	0	0	*	2
127	5091	155	47	0	0	*	2
128	5131	153	49	0	0	*	2
129	5171	151	51	0	0	*	2
130	5211	149	53	0	0	*	2
131	5251	148	53	0	0	*	2
132	5291	146	55	0	0	*	2
133	5331	148	54	0	0	*	2
134	5371	143	59	0	0	*	2
135	5411	141	61	0	0	*	2
136	5451	139	63	0	0	*	2
137	5491	138	64	0	0	*	2
138	5531	139	63	0	0	*	2
139	5571	138	64	0	0	*	2
140	5611	136	66	0	0	*	2
141	5651	134	68	0	0	*	2
142	5691	133	69	0	0	*	2
143	5731	131	71	0	0	*	2
144	5771	129	73	0	0	*	2
145	5811	127	75	0	0	*	2
146	5851	126	76	0	0	*	2
147	5891	123	79	0	0	*	2
148	5931	119	83	0	0	*	2
149	5971	117	85	0	0	*	2
150	6011	115	87	0	0	*	2
151	6051	117	86	0	0	*	2
152	6091	115	88	0	0	*	2
153	6131	109	92	0	0	*	2
154	6171	108	93	0	0	*	2
155	6211	106	95	0	0	*	2
156	6251	104	96	0	0	*	2
157	6291	104	96	0	0	*	2
158	6331	103	97	0	0	*	2
159	6371	98	101	0	0	*	2
160	6411	96	103	0	0	*	2
161	6451	94	104	0	0	*	2
162	6491	92	105	0	0	*	2
163	6531	93	105	0	0	*	2
164	6571	88	108	0	0	*	2
165	6611	86	110	0	0	*	2
166	6651	84	112	0	0	*	2
167	6691	83	113	0	0	*	2
168	6731	81	114	0	0	*	2
169	6771	83	113	0	0	*	2
170	6811	78	117	0	0	*	2
171	6851	77	118	0	0	*	2
172	6891	75	120	0	0	*	2
173	6931	74	122	0	0	*	2
174	6971	72	123	0	0	*	2
175	7011	71	125	0	0	*	2
176	7051	70	127	0	0	*	2
177	7091	71	125	0	0	*	2
178	7131	69	127	0	0	*	2
179	7171	67	128	0	0	*	2
180	7211	66	129	0	0	*	2
181	7251	64	131	0	0	*	2
182	7291	60	135	0	0	*	2
183	7331	61	134	0	0	*	2
184	7371	60	135	0	0	*	2
185	7411	55	139	0	0	*	2
186	7451	56	138	0	0	*	2
187	7491	55	139	0	0	*	2
188	7531	53	140	0	0	*	2
189	7571	51	141	0	0	*	2
190	7612	50	142	0	0	*	2
191	7651	49	142	0	0	*	2
192	7691	48	143	0	0	*	2
193	7731	42	146	0	0	*	2
194	7771	41	147	0	0	*	2
195	7811	40	148	0	0	*	2
196	7851	40	149	0	0	*	2
197	7892	40	150	0	0	*	2
198	7931	42	150	0	0	*	2
199	7971	42	151	0	0	*	2
200	8012	42	152	0	0	*	2
201	8052	42	153	0	0	*	2
202	8092	42	153	0	0	*	2
203	8132	43	155	0	0	*	2
204	8172	43	156	0	0	*	2
205	8212	43	156	0	0	*	2
206	8252	44	157	0	0	*	2
207	8292	45	157	0	0	*	2
208	8332	46	158	0	0	*	2
209	8372	47	159	0	0	*	2
210	8412	48	160	0	0	*	2
211	8452	48	160	0	0	*	2
212	8492	49	161	0	0	*	2
213	8532	50	162	0	0	*	2
214	8572	53	162	0	0	*	2
215	8612	55	163	0	0	*	2
216	8652	56	163	0	0	*	2
217	8692	58	164	0	0	*	2
218	8732	60	165	0	0	*	2
219	8772	61	165	0	0	*	2
220	8812	63	166	0	0	*	2
221	8852	65	166	0	0	*	2
222	8892	67	167	0	0	*	2
223	8932	74	169	0	0	*	2
224	8972	76	169	0	0	*	2
225	9012	78	170	0	0	*	2
226	9052	77	169	0	0	*	2
227	9092	83	170	0	0	*	2
228	9132	85	171	0	0	*	2
229	9172	87	171	0	0	*	2
230	9212	86	171	0	0	*	2
231	9252	87	171	0	0	*	2
232	9292	90	171	0	0	*	2
233	9332	98	173	0	0	*	2
234	9372	101	173	0	0	*	2
235	9412	103	173	0	0	*	2
236	9452	106	174	0	0	*	2
237	9492	109	174	0	0	*	2
238	9532	111	174	0	0	*	2
239	9572	113	174	0	0	*	2
240	9612	116	174	0	0	*	2
241	9652	118	174	0	0	*	2
242	9692	120	173	0	0	*	2
243	9732	122	173	0	0	*	2
244	9772	125	173	0	0	*	2
245	9812	127	173	0	0	*	2
246	9852	130	173	0	0	*	2
247	9892	132	172	0	0	*	2
248	9932	132	172	0	0	*	2
249	9972	131	172	0	0	*	2
250	10012	136	172	0	0	*	2
251	10052	135	172	0	0	*	2
252	10092	138	172	0	0	*	2
253	10132	143	171	0	0	*	2
254	10172	146	171	0	0	*	2
255	10212	148	170	0	0	*	2
256	10252	147	170	0	0	*	2
257	10292	148	170	0	0	*	2
258	10332	155	168	0	0	*	2
259	10372	153	169	0	0	*	2
260	10412	155	168	0	0	*	2
261	10452	157	167	0	0	*	2
262	10492	159	167	0	0	*	2
263	10532	161	166	0	0	*	2
264	10572	168	164	0	0	*	2
265	10612	165	164	0	0	*	2
266	10652	167	164	0	0	*	2
267	10692	169	163	0	0	*	2
268	10732	171	162	0	0	*	2
269	10772	173	161	0	0	*	2
270	10812	176	160	0	0	*	2
271	10852	178	159	0	0	*	2
272	10892	180	159	0	0	*	2
273	10932	182	158	0	0	*	2
274	10972	184	156	0	0	*	2
275	11012	186	156	0	0	*	2
276	11052	188	154	0	0	*	2
277	11092	191	153	0	0	*	2
278	11132	192	152	0	0	*	2
279	11172	194	151	0	0	*	2
280	11212	196	149	0	0	*	2
281	11252	198	148	0	0	*	2
282	11292	199	147	0	0	*	2
283	11332	201	145	0	0	*	2
284	11372	207	141	0	0	*	2
285	11412	209	139	0	0	*	2
286	11452	210	138	0	0	*	2
287	11492	212	136	0	0	*	2
288	11532	213	135	0	0	*	2
289	11572	211	137	0	0	*	2
290	11612	213	135	0	0	*	2
291	11652	217	130	0	0	*	2
292	11692	219	128	0	0	*	2
293	11732	220	126	0	0	*	2
294	11772	221	124	0	0	*	2
295	11812	222	123	0	0	*	2
296	11852	221	124	0	0	*	2
297	11892	225	119	0	0	*	2
298	11932	227	117	0	0	*	2
299	11972	228	116	0	0	*	2
300	12012	229	116	0	0	*	2
301	12052	230	115	0	0	*	2
302	12092	231	115	0	0	*	2
303	12132	232	114	0	0	*	2
304	12172	233	115	0	0	*	2
305	12212	235	114	0	0	*	2
306	12252	236	115	0	0	*	2
307	12292	237	115	0	0	*	2
308	12332	235	115	0	0	*	2
309	12372	238	116	0	0	*	2
310	12412	239	117	0	0	*	2
311	12452	239	118	0	0	*	2
312	12492	239	118	0	0	*	2
313	12532	240	120	0	0	*	2
314	12572	240	120	0	0	*	2
315	12612	240	120	0	0	*	2
316	12652	239	120	0	0	*	2
317	12692	239	122	0	0	*	2
318	12732	239	123	0	0	*	2
319	12772	239	125	0	0	*	2
320	12812	239	125	0	0	*	2
321	12852	238	125	0	0	*	2
322	12892	236	130	0	0	*	2
323	12932	237	128	0	0	*	2
324	12972	237	129	0	0	*	2
325	13012	236	130	0	0	*	2
326	13052	233	136	0	0	*	2
327	13092	232	137	0	0	*	2
328	13132	233	136	0	0	*	2
329	13172	230	140	0	0	*	2
330	13212	231	139	0	0	*	2
331	13252	230	140	0	0	*	2
332	13292	229	142	0	0	*	2
333	13332	225	147	0	0	*	2
334	13372	226	145	0	0	*	2
335	13412	222	151	0	0	*	2
336	13452	220	152	0	0	*	2
337	13492	219	154	0	0	*	2
338	13532	218	156	0	0	*	2
339	13572	216	157	0	0	*	2
340	13612	218	156	0	0	*	2
341	13652	216	157	0	0	*	2
342	13692	214	159	0	0	*	2
343	13732	213	161	0	0	*	2
344	13772	207	165	0	0	*	2
345	13812	209	163	0	0	*	2
346	13852	207	165	0	0	*	2
347	13892	202	169	0	0	*	2
348	13932	204	167	0	0	*	2
349	13972	202	169	0	0	*	2
350	14012	195	173	0	0	*	2
351	14052	198	171	0	0	*	2
352	14092	196	173	0	0	*	2
353	14132	194	173	0	0	*	2
354	14172	192	175	0	0	*	2
355	14212	190	176	0	0	*	2
356	14252	187	177	0	0	*	2
357	14292	186	178	0	0	*	2
358	14332	184	179	0	0	*	2
359	14372	182	179	0	0	*	2
360	14412	180	180	0	0	*	2
361	14452	178	181	0	0	*	2
362	14492	175	181	0	0	*	2
363	14532	172	181	0	0	*	2
364	14572	170	182	0	0	*	2
365	14612	169	182	0	0	*	2
366	14652	166	182	0	0	*	2
367	14692	164	182	0	0	*	2
368	14732	162	182	0	0	*	2
369	14772	159	182	0	0	*	2
370	14812	158	182	0	0	*	2
371	14852	155	182	0	0	*	2
372	14892	153	182	0	0	*	2
373	14932	151	181	0	0	*	2
374	14972	149	181	0	0	*	2
375	15012	146	180	0	0	*	2
376	15052	144	180	0	0	*	2
377	15092	134	178	0	0	*	2
378	15132	140	179	0	0	*	2
379	15172	138	179	0	0	*	2
380	15212	136	178	0	0	*	2
381	15252	125	176	0	0	*	2
382	15292	123	175	0	0	*	2
383	15332	121	174	0	0	*	2
384	15372	119	174	0	0	*	2
385	15412	117	173	0	0	*	2
386	15452	114	172	0	0	*	2
387	15492	112	171	0	0	*	2
388	15532	109	170	0	0	*	2
389	15572	108	169	0	0	*	2
390	15612	105	168	0	0	*	2
391	15652	103	167	0	0	*	2
392	15692	101	165	0	0	*	2
393	15732	99	163	0	0	*	2
394	15772	97	162	0	0	*	2
395	15812	96	161	0	0	*	2
396	15852	93	159	0	0	*	2
397	15892	92	158	0	0	*	2
398	15932	90	156	0	0	*	2
399	15972	88	154	0	0	*	2
400	16012	87	153	0	0	*	2
401	16052	85	151	0	0	*	2
402	16092	84	149	0	0	*	2
403	16132	82	147	0	0	*	2
404	16172	81	146	0	0	*	2
405	16212	79	143	0	0	*	2
406	16252	77	141	0	0	*	2
407	16292	76	140	0	0	*	2
408	16332	74	138	0	0	*	2
409	16372	73	136	0	0	*	2
410	16412	72	135	0	0	*	2
411	16452	71	132	0	0	*	2
412	16492	69	130	0	0	*	2
413	16532	68	128	0	0	*	2
414	16572	66	126	0	0	*	2
415	16612	65	124	0	0	*	2
416	16652	65	124	0	0	*	2
417	16692	64	122	0	0	*	2
418	16732	65	124	0	0	*	2
419	16772	64	122	0	0	*	2
420	16812	62	120	0	0	*	2
421	16852	58	114	0	0	*	2
422	16892	60	116	0	0	*	2
423	16932	56	110	0	0	*	2
424	16972	55	108	0	0	*	2
425	17012	56	110	0	0	*	2
426	17052	55	108	0	0	*	2
427	17092	54	106	0	0	*	2
428	17132	52	104	0	0	*	2
429	17172	51	102	0	0	*	2
430	17212	50	100	0	0	*	2
431	17252	49	97	0	0	*	2
432	17292	48	95	0	0	*	2
433	17332	48	93	0	0	*	2
434	17372	47	92	0	0	*	2
435	17412	46	90	0	0	*	2
436	17452	46	89	0	0	*	2
437	17492	46	85	0	0	*	2
438	17532	46	84	0	0	*	2
439	17572	46	83	0	0	*	2
440	17612	46	81	0	0	*	2
441	17652	47	79	0	0	*	2
442	17692	48	78	0	0	*	2
443	17732	49	76	0	0	*	2
444	17772	49	75	0	0	*	2
445	17812	50	74	0	0	*	2
446	17852	51	74	0	0	*	2
447	17892	53	73	0	0	*	2
448	17932	55	73	0	0	*	2
449	17972	56	73	0	0	*	2
450	18012	57	73	0	0	*	2
451	18052	59	73	0	0	*	2
452	18092	61	74	0	0	*	2
453	18132	62	74	0	0	*	2
454	18172	64	74	0	0	*	2
455	18212	65	74	0	0	*	2
456	18252	66	75	0	0	*	2
457	18292	71	74	0	0	*	2
458	18332	69	75	0	0	*	2
459	18372	70	74	0	0	*	2
460	18412	73	73	0	0	*	2
461	18452	76	72	0	0	*	2
462	18492	77	71	0	0	*	2
463	18532	78	70	0	0	*	2
464	18572	79	70	0	0	*	2
465	18612	80	70	0	0	*	2
466	18652	81	69	0	0	*	2
467	18692	82	69	0	0	*	2
468	18732	83	68	0	0	*	2
469	18772	84	68	0	0	*	2
470	18812	85	68	0	0	*	2
471	18852	85	69	0	0	*	2
472	18892	89	68	0	0	*	2
473	18932	91	69	0	0	*	2
474	18972	92	69	0	0	*	2
475	19012	91	69	0	0	*	2
476	19052	94	69	0	0	*	2
477	19092	95	70	0	0	*	2
478	19132	97	70	0	0	*	2
479	19172	98	70	0	0	*	2
480	19212	101	71	0	0	*	2
481	19252	102	71	0	0	*	2
482	19292	105	71	0	0	*	2
483	19332	105	71	0	0	*	2
484	19372	108	72	0	0	*	2
485	19412	109	73	0	0	*	2
486	19452	112	74	0	0	*	2
487	19492	111	74	0	0	*	2
488	19532	113	74	0	0	*	2
489	19572	115	75	0	0	*	2
490	19612	121	76	0	0	*	2
491	19652	120	76	0	0	*	2
492	19692	121	77	0	0	*	2
493	19732	124	77	0	0	*	2
494	19772	126	78	0	0	*	2
495	19812	128	79	0	0	*	2
496	19852	130	80	0	0	*	2
497	19892	136	82	0	0	*	2
498	19932	134	82	0	0	*	2
499	19972	140	85	0	0	*	2
500	20012	142	86	0	0	*	2
501	20052	140	86	0	0	*	2
502	20092	143	87	0	0	*	2
503	20132	147	91	0	0	*	2
504	20172	146	90	0	0	*	2
505	20212	148	91	0	0	*	2
506	20252	150	92	0	0	*	2
507	20292	152	94	0	0	*	2
508	20332	157	98	0	0	*	2
509	20372	158	100	0	0	*	2
510	20412	160	101	0	0	*	2
511	20452	159	101	0	0	*	2
512	20492	161	102	0	0	*	2
513	20532	163	104	0	0	*	2
514	20572	164	105	0	0	*	2
515	20612	169	109	0	0	*	2
516	20652	171	111	0	0	*	2
517	20692	169	109	0	0	*	2
518	20732	171	111	0	0	*	2
519	20772	173	113	0	0	*	2
520	20812	174	114	0	0	*	2
521	20852	180	118	0	0	*	2
522	20892	182	120	0	0	*	2
523	20932	180	118	0	0	*	2
524	20972	183	121	0	0	*	2
525	21012	184	122	0	0	*	2
526	21052	188	125	0	0	*	2
527	21092	188	125	0	0	*	2
528	21132	189	126	0	0	*	2
529	21172	191	128	0	0	*	2
530	21212	194	130	0	0	*	2
531	21252	195	132	0	0	*	2
532	21292	197	134	0	0	*	2
533	21332	200	136	0	0	*	2
534	21372	204	139	0	0	*	2
535	21412	202	139	0	0	*	2
536	21452	204	140	0	0	*	2
537	21492	205	141	0	0	*	2
538	21532	206	143	0	0	*	2
539	21572	210	148	0	0	*	2
540	21612	211	149	0	0	*	2
541	21652	213	152	0	0	*	2
542	21692	212	150	0	0	*	2
543	21732	213	152	0	0	*	2
544	21772	214	153	0	0	*	2
545	21812	216	156	0	0	*	2
546	21852	218	161	0	0	*	2
547	21892	218	162	0	0	*	2
548	21932	217	160	0	0	*	2
549	21972	218	162	0	0	*	2
550	22012	218	162	0	0	*	2
551	22052	218	164	0	0	*	2
552	22092	218	166	0	0	*	2
553	22132	218	167	0	0	*	2
554	22172	217	169	0	0	*	2
555	22212	217	170	0	0	*	2
556	22252	216	172	0	0	*	2
557	22292	215	172	0	0	*	2
558	22332	214	173	0	0	*	2
559	22372	213	174	0	0	*	2
560	22412	213	175	0	0	*	2
561	22452	212	176	0	0	*	2
562	22492	209	177	0	0	*	2
563	22532	208	178	0	0	*	2
564	22572	206	179	0	0	*	2
565	22612	205	180	0	0	*	2
566	22652	204	180	0	0	*	2
567	22692	202	181	0	0	*	2
568	22732	201	181	0	0	*	2
569	22772	198	182	0	0	*	2
570	22812	196	182	0	0	*	2
571	22852	190	184	0	0	*	2
572	22892	189	184	0	0	*	2
573	22932	191	184	0	0	*	2
574	22972	184	185	0	0	*	2
575	23012	187	184	0	0	*	2
576	23052	185	184	0	0	*	2
577	23092	183	184	0	0	*	2
578	23132	182	184	0	0	*	2
579	23172	180	185	0	0	*	2
580	23212	178	185	0	0	*	2
581	23252	176	184	0	0	*	2
582	23292	173	184	0	0	*	2
583	23332	171	184	0	0	*	2
584	23372	169	184	0	0	*	2
585	23412	167	184	0	0	*	2
586	23452	164	184	0	0	*	2
587	23492	157	183	0	0	*	2
588	23532	159	183	0	0	*	2
589	23572	157	183	0	0	*	2
590	23612	155	183	0	0	*	2
591	23652	153	183	0	0	*	2
592	23692	151	182	0	0	*	2
593	23732	148	182	0	0	*	2
594	23772	146	181	0	0	*	2
595	23812	143	180	0	0	*	2
596	23852	141	180	0	0	*	2
597	23892	139	179	0	0	*	2
598	23932	137	178	0	0	*	2
599	23972	135	177	0	0	*	2
600	24012	133	176	0	0	*	2
601	24052	130	175	0	0	*	2
602	24092	124	171	0	0	*	2
603	24132	120	169	0	0	*	2
604	24172	124	171	0	0	*	2
605	24212	122	170	0	0	*	2
606	24252	114	164	0	0	*	2
607	24292	112	162	0	0	*	2
608	24332	111	161	0	0	*	2
609	24372	109	159	0	0	*	2
610	24412	108	158	0	0	*	2
611	24452	106	156	0	0	*	2
612	24492	104	154	0	0	*	2
613	24532	102	152	0	0	*	2
614	24572	101	150	0	0	*	2
615	24612	99	148	0	0	*	2
616	24652	97	146	0	0	*	2
617	24692	96	144	0	0	*	2
618	24732	94	142	0	0	*	2
619	24772	93	140	0	0	*	2
620	24812	91	139	0	0	*	2
621	24852	90	137	0	0	*	2
622	24892	88	135	0	0	*	2
623	24932	87	133	0	0	*	2
624	24972	85	131	0	0	*	2
625	25012	84	129	0	0	*	2
626	25052	83	127	0	0	*	2
627	25092	82	126	0	0	*	2
628	25132	79	123	0	0	*	2
629	25172	78	121	0	0	*	2
630	25212	77	119	0	0	*	2
631	25252	75	117	0	0	*	2
632	25292	74	115	0	0	*	2
633	25332	73	113	0	0	*	2
634	25372	71	111	0	0	*	2
635	25412	71	111	0	0	*	2
636	25452	69	107	0	0	*	2
637	25492	71	110	0	0	*	2
638	25532	69	108	0	0	*	2
639	25572	66	102	0	0	*	2
640	25612	64	100	0	0	*	2
641	25652	63	98	0	0	*	2
642	25692	65	101	0	0	*	2
643	25732	63	98	0	0	*	2
644	25772	62	96	0	0	*	2
645	25812	61	95	0	0	*	2
646	25852	60	93	0	0	*	2
647	25892	59	91	0	0	*	2
648	25932	58	89	0	0	*	2
649	25972	57	88	0	0	*	2
650	26012	55	85	0	0	*	2
651	26052	54	83	0	0	*	2
652	26092	53	81	0	0	*	2
653	26132	52	79	0	0	*	2
654	26172	51	77	0	0	*	2
655	26212	50	76	0	0	*	2
656	26252	49	74	0	0	*	2
657	26292	49	72	0	0	*	2
658	26332	48	70	0	0	*	2
659	26372	48	69	0	0	*	2
660	26412	47	68	0	0	*	2
661	26452	47	67	0	0	*	2
662	26492	47	65	0	0	*	2
663	26532	46	64	0	0	*	2
664	26572	47	61	0	0	*	2
665	26612	47	60	0	0	*	2
666	26652	47	59	0	0	*	2
667	26692	47	59	0	0	*	2
668	26732	48	58	0	0	*	2
669	26772	48	57	0	0	*	2
670	26812	49	56	0	0	*	2
671	26852	50	56	0	0	*	2
672	26892	51	55	0	0	*	2
673	26932	54	55	0	0	*	2
674	26972	54	54	0	0	*	2
675	27012	55	54	0	0	*	2
676	27052	57	54	0	0	*	2
677	27092	58	55	0	0	*	2
678	27132	59	56	0	0	*	2
679	27172	60	58	0	1	*	2
680	27212	61	59	0	1	*	2
681	27252	63	60	0	1	*	2
682	27292	64	62	0	1	*	2
683	27332	64	62	0	1	*	2
684	27372	65	63	0	1	*	2
685	27412	66	62	0	1	*	2
686	27452	68	64	0	1	*	2
687	27492	70	65	0	1	*	2
688	27532	71	66	0	1	*	2
689	27572	72	66	0	1	*	2
690	27612	73	67	0	1	*	2
691	27652	74	71	0	0	*	2
692	27692	74	71	0	0	*	2
693	27732	74	72	0	0	*	2
694	27772	73	72	0	0	*	2
695	27812	72	73	0	0	*	2
696	27852	71	74	0	0	*	2
697	27892	70	73	0	0	*	2
698	27932	69	73	0	0	*	2
699	27972	69	73	0	0	*	2
700	28012	68	73	0	1	*	2
701	28052	68	73	0	0	*	2
702	28092	66	74	0	0	*	2
703	28132	65	74	0	0	*	2
704	28172	64	74	0	0	*	2
705	28212	64	74	0	0	*	2
706	28252	63	73	0	1	*	2
707	28292	62	72	0	1	*	2
708	28332	62	71	0	1	*	2
709	28372	61	70	0	1	*	2
710	28412	61	69	0	1	*	2
711	28452	61	68	0	1	*	2
712	28492	61	67	0	1	*	2
713	28532	61	66	0	1	*	2
714	28572	60	66	0	1	*	2
715	28612	60	65	0	1	*	2
716	28652	60	65	0	1	*	2
717	28692	60	64	0	1	*	2
718	28732	60	63	0	1	*	2
719	28772	60	63	0	1	*	2
720	28812	56	58	0	0	*	2
721	28852	56	57	0	0	*	2
722	28892	56	57	0	0	*	2
723	28932	55	57	0	0	*	2
724	28972	55	57	0	0	*	2
725	29012	59	60	0	1	*	2
726	29052	55	58	0	0	*	2
727	29092	54	59	0	0	*	2
728	29132	54	60	0	0	*	2
729	29172	54	60	0	0	*	2
730	29212	54	62	0	0	*	2
731	29252	54	63	0	0	*	2
732	29292	59	63	0	1	*	2
733	29332	59	64	0	1	*	2
734	29372	60	65	0	1	*	2
735	29412	60	66	0	1	*	2
736	29452	61	67	0	1	*	2
737	29492	61	67	0	1	*	2
738	29532	61	68	0	1	*	2
739	29572	62	69	0	1	*	2
740	29612	62	70	0	1	*	2
741	29652	63	70	0	1	*	2
742	29692	63	71	0	1	*	2
743	29732	63	71	0	1	*	2
744	29772	63	71	0	1	*	2
745	29812	62	71	0	1	*	2
746	29852	62	70	0	1	*	2
747	29892	61	71	0	1	*	2
748	29932	61	71	0	1	*	2
749	29972	61	70	0	1	*	2
750	30012	61	70	0	1	*	2
751	30052	61	70	0	1	*	2
752	30092	61	70	0	1	*	2
753	30132	61	70	0	1	*	2
754	30172	62	70	0	1	*	2
755	30212	63	70	0	1	*	2
756	30252	64	69	0	1	*	2
757	30292	65	69	0	1	*	2
758	30332	66	69	0	1	*	2
759	30372	66	68	0	1	*	2
760	30412	66	68	0	1	*	2
761	30452	66	68	0	1	*	2
762	30492	67	68	0	1	*	2
763	30532	67	69	0	1	*	2
764	30572	67	69	0	1	*	2
765	30612	67	69	0	1	*	2
766	30652	67	69	0	1	*	2
767	30692	67	70	0	1	*	2
768	30732	67	70	0	1	*	2
769	30772	68	73	0	0	*	2
770	30812	66	71	0	1	*	2
771	30852	65	72	0	1	*	2
772	30892	66	76	0	0	*	2
773	30932	65	76	0	0	*	2
774	30972	64	77	0	0	*	2
775	31012	63	77	0	0	*	2
776	31052	63	77	0	0	*	2
777	31092	62	77	0	0	*	2
778	31132	62	77	0	0	*	2
779	31172	61	74	0	0	*	2
780	31212	61	74	0	0	*	2
781	31252	61	74	0	0	*	2
782	31292	65	78	0	0	*	2
783	31332	61	75	0	0	*	2
784	31372	65	79	0	0	*	2
785	31412	65	80	0	0	*	2
786	31452	65	80	0	0	*	2
787	31492	67	81	0	0	*	2
788	31532	60	81	0	0	*	2
789	31572	67	80	0	0	*	2
790	31612	69	79	0	0	*	2
791	31652	69	78	0	0	*	2
792	31692	69	78	0	0	*	2
793	31732	70	79	0	0	*	2
794	31772	71	79	0	0	*	2
795	31812	71	79	0	0	*	2
796	31852	71	79	0	0	*	2
797	31892	73	78	0	0	*	2
798	31932	70	78	0	0	*	2
799	31972	74	77	0	0	*	2
800	32012	68	78	0	0	*	2
801	32052	68	78	0	0	*	2
802	32092	68	77	0	0	*	2
803	32132	69	77	0	0	*	2
804	32172	71	76	0	0	*	2
805	32212	73	76	0	0	*	2
806	32252	75	75	0	0	*	2
807	32292	77	75	0	0	*	2
808	32332	79	74	0	0	*	2
809	32372	80	73	0	0	*	2
810	32412	82	73	0	0	*	2
811	32452	83	73	0	0	*	2
812	32492	85	72	0	0	*	2
813	32532	88	72	0	0	*	2
814	32572	90	72	0	0	*	2
815	32612	93	72	0	0	*	2
816	32652	97	73	0	0	*	2
817	32692	101	75	0	0	*	2
818	32732	102	75	0	0	*	2
819	32772	103	75	0	0	*	2
820	32812	105	76	0	0	*	2
821	32852	107	77	0	0	*	2
822	32892	108	77	0	0	*	2
823	32932	110	78	0	0	*	2
824	32972	112	79	0	0	*	2
825	33012	112	79	0	0	*	2
826	33052	115	80	0	0	*	2
827	33092	115	81	0	0	*	2
828	33132	118	82	0	0	*	2
829	33172	124	85	0	0	*	2
830	33212	126	86	0	0	*	2
831	33252	125	86	0	0	*	2
832	33292	127	86	0	0	*	2
833	33332	130	88	0	0	*	2
834	33372	132	89	0	0	*	2
835	33412	135	90	0	0	*	2
836	33452	137	91	0	0	*	2
837	33492	140	93	0	0	*	2
838	33532	141	93	0	0	*	2
839	33572	143	95	0	0	*	2
840	33612	149	98	0	0	*	2
841	33652	147	97	0	0	*	2
842	33692	152	101	0	0	*	2
843	33732	154	103	0	0	*	2
844	33772	152	102	0	0	*	2
845	33812	154	104	0	0	*	2
846	33852	158	110	0	0	*	2
847	33892	159	112	0	0	*	2
848	33932	160	114	0	0	*	2
849	33972	162	116	0	0	*	2
850	34012	163	117	0	0	*	2
851	34052	164	120	0	0	*	2
852	34092	165	122	0	0	*	2
853	34132	166	124	0	0	*	2
854	34172	167	126	0	0	*	2
855	34212	168	129	0	0	*	2
856	34252	169	130	0	0	*	2
857	34292	170	133	0	0	*	2
858	34332	170	135	0	0	*	2
859	34372	170	134	0	0	*	2
860	34412	172	139	0	0	*	2
861	34452	173	141	0	0	*	2
862	34492	174	143	0	0	*	2
863	34532	174	145	0	0	*	2
864	34572	175	147	0	0	*	2
865	34612	176	150	0	0	*	2
866	34652	177	152	0	0	*	2
867	34692	178	154	0	0	*	2
868	34732	177	152	0	0	*	2
869	34772	178	155	0	0	*	2
870	34812	178	156	0	0	*	2
871	34852	179	159	0	0	*	2
872	34892	180	161	0	0	*	2
873	34932	180	162	0	0	*	2
874	34972	180	164	0	0	*	2
875	35012	180	166	0	0	*	2
876	35052	180	168	0	0	*	2
877	35092	179	170	0	0	*	2
878	35132	179	171	0	0	*	2
879	35172	178	173	0	0	*	2
880	35212	178	174	0	0	*	2
881	35252	177	175	0	0	*	2
882	35292	175	176	0	0	*	2
883	35332	174	177	0	0	*	2
884	35372	173	178	0	0	*	2
885	35412	171	179	0	0	*	2
886	35452	170	179	0	0	*	2
887	35492	169	180	0	0	*	2
888	35532	168	180	0	0	*	2
889	35572	160	180	0	0	*	2
890	35612	163	180	0	0	*	2
891	35652	161	180	0	0	*	2
892	35692	159	180	0	0	*	2
893	35732	158	180	0	0	*	2
894	35772	156	180	0	0	*	2
895	35812	154	179	0	0	*	2
896	35852	153	179	0	0	*	2
897	35892	147	178	0	0	*	2
898	35932	147	178	0	0	*	2
899	35972	146	178	0	0	*	2
900	36012	145	177	0	0	*	2
901	36052	143	177	0	0	*	2
902	36092	141	176	0	0	*	2
903	36132	139	176	0	0	*	2
904	36172	137	175	0	0	*	2
905	36212	135	175	0	0	*	2
906	36252	134	174	0	0	*	2
907	36292	131	173	0	0	*	2
908	36332	129	173	0	0	*	2
909	36372	120	170	0	0	*	2
910	36412	124	171	0	0	*	2
911	36452	118	169	0	0	*	2
912	36492	113	168	0	0	*	2
913	36532	111	167	0	0	*	2
914	36572	116	169	0	0	*	2
915	36612	107	165	0	0	*	2
916	36652	105	164	0	0	*	2
917	36692	102	163	0	0	*	2
918	36732	100	162	0	0	*	2
919	36772	98	160	0	0	*	2
920	36812	97	159	0	0	*	2
921	36852	95	158	0	0	*	2
922	36892	93	157	0	0	*	2
923	36932	90	156	0	0	*	2
924	36972	88	155	0	0	*	2
925	37012	86	153	0	0	*	2
926	37052	85	151	0	0	*	2
927	37092	83	150	0	0	*	2
928	37132	81	148	0	0	*	2
929	37172	80	147	0	0	*	2
930	37212	78	145	0	0	*	2
931	37252	76	144	0	0	*	2
932	37292	75	142	0	0	*	2
933	37332	73	140	0	0	*	2
934	37372	72	139	0	0	*	2
935	37412	72	139	0	0	*	2
936	37452	69	137	0	0	*	2
937	37492	68	136	0	0	*	2
938	37532	70	137	0	0	*	2
939	37572	64	130	0	0	*	2
940	37612	67	134	0	0	*	2
941	37652	66	132	0	0	*	2
942	37692	65	130	0	0	*	2
943	37732	61	122	0	0	*	2
944	37772	61	122	0	0	*	2
945	37812	62	124	0	0	*	2
946	37852	61	122	0	0	*	2
947	37892	60	120	0	0	*	2
948	37932	59	118	0	0	*	2
949	37972	58	112	0	0	*	2
950	38012	58	114	0	0	*	2
951	38052	58	112	0	0	*	2
952	38092	58	110	0	0	*	2
953	38132	57	108	0	0	*	2
954	38172	57	106	0	0	*	2
955	38212	57	103	0	0	*	2
956	38252	57	101	0	0	*	2
957	38292	57	99	0	0	*	2
958	38332	57	95	0	0	*	2
959	38372	57	93	0	0	*	2
960	38412	57	92	0	0	*	2
961	38452	57	89	0	0	*	2
962	38492	58	88	0	0	*	2
963	38532	58	85	0	0	*	2
964	38572	59	83	0	0	*	2
965	38612	59	82	0	0	*	2
966	38652	60	80	0	0	*	2
967	38692	61	78	0	0	*	2
968	38732	61	76	0	0	*	2
969	38772	63	74	0	0	*	2
970	38812	63	75	0	0	*	2
971	38852	64	75	0	0	*	2
972	38892	65	75	0	0	*	2
973	38932	67	74	0	0	*	2
974	38972	67	73	0	1	*	2
975	39012	68	71	0	1	*	2
976	39052	68	70	0	1	*	2
977	39092	68	69	0	1	*	2
978	39132	69	68	0	1	*	2
979	39172	68	67	0	1	*	2
980	39212	68	65	0	1	*	2
981	39252	69	63	0	1	*	2
982	39292	69	62	0	1	*	2
983	39332	70	61	0	1	*	2
984	39372	69	60	0	1	*	2
985	39412	69	60	0	1	*	2
986	39452	69	60	0	1	*	2
987	39492	69	60	0	1	*	2
988	39532	67	59	0	1	*	2
989	39572	67	59	0	1	*	2
990	39612	67	59	0	1	*	2
991	39652	67	59	0	1	*	2
992	39692	66	60	0	1	*	2
993	39732	65	62	0	1	*	2
994	39772	65	63	0	1	*	2
995	39812	64	64	0	1	*	2
996	39852	64	64	0	1	*	2
997	39892	64	65	0	1	*	2
998	39932	64	65	0	1	*	2
999	39972	64	66	0	1	*	2
1000	40012	64	66	0	1	*	2
1001	40052	64	67	0	1	*	2
1002	40092	65	68	0	1	*	2
1003	40132	65	68	0	1	*	2
1004	40172	65	69	0	1	*	2
1005	40212	66	70	0	1	*	2
1006	40252	66	70	0	1	*	2
1007	40292	66	70	0	1	*	2
1008	40332	66	70	0	1	*	2
1009	40372	67	70	0	1	*	2
1010	40412	67	70	0	1	*	2
1011	40452	66	70	0	1	*	2
1012	40492	66	69	0	3	*	2
