%%BEGIN_HEADER
	%%BEGIN DATABASE_INFORMATION
		%Date.0 ( 30.9.2019 )
		%Time.0 ( 13:00 )
	%%END DATABASE_INFORMATION
	%%BEGIN SETUP_INFORMATION
		%TrackerVersion.0 ( Tracker version 2.38 release 12.8.2012 )
		%ElapsedTime_ms.0 ( 17807 )
		%Paradigm.0 ( PlacePreference )
		%FeederParameters.0 ( 1500 0 )
			// %FeederParameters.0 ( ENTRANCE_LATENCY EXIT_LATENCY )
		%ElapsedPath_m.0 ( 0.00 )
		%ArenaDiameter_m.0 ( 1.80 )
		%TrackerResolution_PixPerCM.0 ( 1.4222 )
		%ArenaCenterXY.0 ( 127.5 127.5 )
		%Frame.0 ( RoomFrame )
		%ReinforcedSector.0 ( 64.3907 190.6093 7 )
			//%ReinforcedSector.0 ( CENTER_X CENTER_Y RADIUS )
		%RoomTrackReinforcedSector.0 ( 64.3907 190.6093 7 )
			//%RoomTrackReinforcedSector.0 ( CENTER_X CENTER_Y RADIUS )
	%%END SETUP_INFORMATION
	%%BEGIN RECORD_FORMAT
		%Sample.0 ( FrameCount 1msTimeStamp RoomX RoomY Sectors State Flags FrameInfo )
			//Sectors indicate if the object is in a target. Number is binary coded. Sectors = 0: no target, Sectors = 1: room target, Sectors: = 2 arena target, Sectors: = 3 room and arena target
			////State indicates the Watermaze State: OutsideTarget = 0, EntranceLatency = 1, InsideTarget = 3, OutsideRefractory = 4, BadSpot = 5
			//FrameInfo indicates succesfuly tracked spots: ReferencePoint * 2^0 + Spot0 * 2^(1+0) + Spot1 * 2^(1+1) + Spot2 * 2^(1+2) .... 
	%%END RECORD_FORMAT
%%END_HEADER
1	47	218	53	0	0	*	2
2	87	217	54	0	0	*	2
3	127	217	54	0	0	*	2
4	167	216	54	0	0	*	2
5	207	215	54	0	0	*	2
6	247	214	54	0	0	*	2
7	287	214	55	0	0	*	2
8	327	213	55	0	0	*	2
9	367	213	56	0	0	*	2
10	407	212	56	0	0	*	2
11	447	210	57	0	0	*	2
12	487	209	57	0	0	*	2
13	527	208	58	0	0	*	2
14	567	207	59	0	0	*	2
15	607	206	61	0	0	*	2
16	647	204	62	0	0	*	2
17	687	203	63	0	0	*	2
18	727	202	64	0	0	*	2
19	767	201	65	0	0	*	2
20	807	200	66	0	0	*	2
21	847	199	67	0	0	*	2
22	887	197	69	0	0	*	2
23	927	197	70	0	0	*	2
24	967	195	70	0	0	*	2
25	1007	194	72	0	0	*	2
26	1047	194	73	0	0	*	2
27	1087	192	75	0	0	*	2
28	1127	192	75	0	0	*	2
29	1167	190	77	0	0	*	2
30	1207	189	79	0	0	*	2
31	1247	188	80	0	0	*	2
32	1287	186	82	0	0	*	2
33	1327	185	84	0	0	*	2
34	1367	183	86	0	0	*	2
35	1407	184	86	0	0	*	2
36	1447	182	89	0	0	*	2
37	1487	180	91	0	0	*	2
38	1527	179	92	0	0	*	2
39	1567	178	94	0	0	*	2
40	1607	176	96	0	0	*	2
41	1647	175	97	0	0	*	2
42	1687	174	99	0	0	*	2
43	1727	172	101	0	0	*	2
44	1767	170	104	0	0	*	2
45	1807	169	105	0	0	*	2
46	1847	170	105	0	0	*	2
47	1887	168	107	0	0	*	2
48	1927	165	110	0	0	*	2
49	1967	163	112	0	0	*	2
50	2007	162	114	0	0	*	2
51	2047	162	114	0	0	*	2
52	2087	160	116	0	0	*	2
53	2127	159	117	0	0	*	2
54	2167	157	119	0	0	*	2
55	2207	156	121	0	0	*	2
56	2247	154	123	0	0	*	2
57	2287	153	125	0	0	*	2
58	2327	151	127	0	0	*	2
59	2367	150	128	0	0	*	2
60	2407	148	131	0	0	*	2
61	2447	146	134	0	0	*	2
62	2487	145	135	0	0	*	2
63	2527	143	138	0	0	*	2
64	2567	142	140	0	0	*	2
65	2607	141	142	0	0	*	2
66	2647	140	143	0	0	*	2
67	2687	139	144	0	0	*	2
68	2727	137	148	0	0	*	2
69	2767	137	149	0	0	*	2
70	2807	136	151	0	0	*	2
71	2847	135	153	0	0	*	2
72	2887	134	155	0	0	*	2
73	2927	134	158	0	0	*	2
74	2967	134	160	0	0	*	2
75	3007	133	163	0	0	*	2
76	3047	133	165	0	0	*	2
77	3087	132	168	0	0	*	2
78	3127	132	170	0	0	*	2
79	3167	132	170	0	0	*	2
80	3207	131	176	0	0	*	2
81	3247	131	175	0	0	*	2
82	3287	130	178	0	0	*	2
83	3327	130	180	0	0	*	2
84	3367	129	184	0	0	*	2
85	3407	129	184	0	0	*	2
86	3447	128	185	0	0	*	2
87	3487	127	187	0	0	*	2
88	3527	127	189	0	0	*	2
89	3567	126	191	0	0	*	2
90	3607	125	193	0	0	*	2
91	3647	123	195	0	0	*	2
92	3687	121	200	0	0	*	2
93	3727	122	199	0	0	*	2
94	3767	118	203	0	0	*	2
95	3807	117	205	0	0	*	2
96	3847	116	207	0	0	*	2
97	3887	114	208	0	0	*	2
98	3927	113	209	0	0	*	2
99	3967	111	210	0	0	*	2
100	4007	109	211	0	0	*	2
101	4047	110	211	0	0	*	2
102	4087	107	213	0	0	*	2
103	4127	105	214	0	0	*	2
104	4167	103	215	0	0	*	2
105	4207	101	215	0	0	*	2
106	4247	102	215	0	0	*	2
107	4287	100	216	0	0	*	2
108	4327	99	216	0	0	*	2
109	4367	97	217	0	0	*	2
110	4407	96	218	0	0	*	2
111	4447	94	219	0	0	*	2
112	4487	92	219	0	0	*	2
113	4527	91	220	0	0	*	2
114	4567	89	220	0	0	*	2
115	4607	87	221	0	0	*	2
116	4647	85	221	0	0	*	2
117	4687	85	221	0	0	*	2
118	4727	84	222	0	0	*	2
119	4767	82	223	0	0	*	2
120	4807	81	224	0	0	*	2
121	4847	80	225	0	0	*	2
122	4887	80	226	0	0	*	2
123	4927	79	228	0	0	*	2
124	4967	80	227	0	0	*	2
125	5007	81	228	0	0	*	2
126	5047	81	228	0	0	*	2
127	5087	81	229	0	0	*	2
128	5127	82	230	0	0	*	2
129	5167	82	230	0	0	*	2
130	5207	83	230	0	0	*	2
131	5247	84	230	0	0	*	2
132	5287	85	230	0	0	*	2
133	5327	85	230	0	0	*	2
134	5367	86	230	0	0	*	2
135	5407	87	229	0	0	*	2
136	5447	88	228	0	0	*	2
137	5487	88	228	0	0	*	2
138	5527	89	227	0	0	*	2
139	5567	90	227	0	0	*	2
140	5607	91	226	0	0	*	2
141	5647	92	225	0	0	*	2
142	5687	92	225	0	0	*	2
143	5727	93	224	0	0	*	2
144	5767	94	223	0	0	*	2
145	5807	94	222	0	0	*	2
146	5847	95	221	0	0	*	2
147	5887	96	220	0	0	*	2
148	5927	97	218	0	0	*	2
149	5967	97	216	0	0	*	2
150	6007	97	215	0	0	*	2
151	6047	98	214	0	0	*	2
152	6087	99	212	0	0	*	2
153	6127	99	211	0	0	*	2
154	6167	100	210	0	0	*	2
155	6207	100	208	0	0	*	2
156	6247	100	207	0	0	*	2
157	6287	101	205	0	0	*	2
158	6327	101	203	0	0	*	2
159	6367	102	202	0	0	*	2
160	6407	102	200	0	0	*	2
161	6447	102	199	0	0	*	2
162	6487	103	197	0	0	*	2
163	6527	103	195	0	0	*	2
164	6567	103	193	0	0	*	2
165	6607	104	191	0	0	*	2
166	6647	104	189	0	0	*	2
167	6687	104	187	0	0	*	2
168	6727	104	185	0	0	*	2
169	6767	105	184	0	0	*	2
170	6807	105	181	0	0	*	2
171	6847	105	179	0	0	*	2
172	6887	105	178	0	0	*	2
173	6927	105	175	0	0	*	2
174	6967	105	173	0	0	*	2
175	7007	105	171	0	0	*	2
176	7047	105	169	0	0	*	2
177	7087	105	166	0	0	*	2
178	7127	105	164	0	0	*	2
179	7167	105	162	0	0	*	2
180	7207	105	160	0	0	*	2
181	7247	105	158	0	0	*	2
182	7287	105	156	0	0	*	2
183	7327	105	153	0	0	*	2
184	7367	104	152	0	0	*	2
185	7407	104	148	0	0	*	2
186	7447	103	146	0	0	*	2
187	7487	103	144	0	0	*	2
188	7527	102	143	0	0	*	2
189	7567	102	140	0	0	*	2
190	7607	101	138	0	0	*	2
191	7647	100	135	0	0	*	2
192	7687	99	134	0	0	*	2
193	7727	99	133	0	0	*	2
194	7767	97	130	0	0	*	2
195	7807	97	128	0	0	*	2
196	7847	96	125	0	0	*	2
197	7887	95	123	0	0	*	2
198	7927	94	121	0	0	*	2
199	7967	94	120	0	0	*	2
200	8007	93	118	0	0	*	2
201	8047	92	116	0	0	*	2
202	8087	91	113	0	0	*	2
203	8127	90	111	0	0	*	2
204	8167	89	109	0	0	*	2
205	8207	88	106	0	0	*	2
206	8247	87	106	0	0	*	2
207	8287	86	103	0	0	*	2
208	8327	85	100	0	0	*	2
209	8367	85	98	0	0	*	2
210	8407	84	96	0	0	*	2
211	8447	83	95	0	0	*	2
212	8487	83	93	0	0	*	2
213	8527	82	92	0	0	*	2
214	8567	81	89	0	0	*	2
215	8607	81	87	0	0	*	2
216	8647	80	84	0	0	*	2
217	8687	79	83	0	0	*	2
218	8727	79	81	0	0	*	2
219	8767	79	79	0	0	*	2
220	8807	78	76	0	0	*	2
221	8847	78	74	0	0	*	2
222	8887	77	72	0	0	*	2
223	8927	77	70	0	0	*	2
224	8967	77	68	0	0	*	2
225	9007	77	66	0	0	*	2
226	9047	77	64	0	0	*	2
227	9087	77	62	0	0	*	2
228	9127	77	59	0	0	*	2
229	9167	77	57	0	0	*	2
230	9207	77	55	0	0	*	2
231	9247	78	53	0	0	*	2
232	9287	78	51	0	0	*	2
233	9327	78	49	0	0	*	2
234	9367	79	47	0	0	*	2
235	9407	80	45	0	0	*	2
236	9447	81	43	0	0	*	2
237	9487	83	41	0	0	*	2
238	9527	84	39	0	0	*	2
239	9567	84	38	0	0	*	2
240	9607	85	37	0	0	*	2
241	9647	86	35	0	0	*	2
242	9687	88	34	0	0	*	2
243	9727	90	33	0	0	*	2
244	9767	92	32	0	0	*	2
245	9807	93	31	0	0	*	2
246	9847	95	31	0	0	*	2
247	9887	97	30	0	0	*	2
248	9927	98	30	0	0	*	2
249	9967	101	29	0	0	*	2
250	10007	102	29	0	0	*	2
251	10047	104	29	0	0	*	2
252	10087	105	29	0	0	*	2
253	10127	108	29	0	0	*	2
254	10167	109	29	0	0	*	2
255	10207	112	29	0	0	*	2
256	10247	113	29	0	0	*	2
257	10287	116	29	0	0	*	2
258	10327	118	30	0	0	*	2
259	10367	120	30	0	0	*	2
260	10407	122	30	0	0	*	2
261	10447	124	31	0	0	*	2
262	10487	126	31	0	0	*	2
263	10527	128	32	0	0	*	2
264	10567	130	32	0	0	*	2
265	10607	132	33	0	0	*	2
266	10647	134	33	0	0	*	2
267	10687	136	34	0	0	*	2
268	10727	139	34	0	0	*	2
269	10767	141	35	0	0	*	2
270	10807	144	36	0	0	*	2
271	10847	146	37	0	0	*	2
272	10887	149	37	0	0	*	2
273	10927	151	38	0	0	*	2
274	10967	153	39	0	0	*	2
275	11007	155	39	0	0	*	2
276	11047	158	41	0	0	*	2
277	11087	160	41	0	0	*	2
278	11127	162	42	0	0	*	2
279	11167	165	43	0	0	*	2
280	11207	167	44	0	0	*	2
281	11247	170	45	0	0	*	2
282	11287	173	47	0	0	*	2
283	11327	174	47	0	0	*	2
284	11367	176	48	0	0	*	2
285	11407	179	49	0	0	*	2
286	11447	181	50	0	0	*	2
287	11487	184	51	0	0	*	2
288	11527	185	52	0	0	*	2
289	11567	189	54	0	0	*	2
290	11607	189	53	0	0	*	2
291	11647	191	54	0	0	*	2
292	11687	193	55	0	0	*	2
293	11727	195	57	0	0	*	2
294	11767	199	59	0	0	*	2
295	11807	201	60	0	0	*	2
296	11847	201	60	0	0	*	2
297	11887	203	61	0	0	*	2
298	11927	205	62	0	0	*	2
299	11967	206	64	0	0	*	2
300	12007	208	66	0	0	*	2
301	12047	209	67	0	0	*	2
302	12087	210	67	0	0	*	2
303	12127	212	70	0	0	*	2
304	12167	213	71	0	0	*	2
305	12207	214	73	0	0	*	2
306	12247	215	75	0	0	*	2
307	12287	216	77	0	0	*	2
308	12327	217	78	0	0	*	2
309	12367	218	80	0	0	*	2
310	12407	218	82	0	0	*	2
311	12447	218	84	0	0	*	2
312	12487	219	85	0	0	*	2
313	12527	219	86	0	0	*	2
314	12567	219	88	0	0	*	2
315	12607	219	89	0	0	*	2
316	12647	220	92	0	0	*	2
317	12687	220	94	0	0	*	2
318	12727	220	96	0	0	*	2
319	12767	220	98	0	0	*	2
320	12807	220	100	0	0	*	2
321	12847	220	100	0	0	*	2
322	12887	220	103	0	0	*	2
323	12927	219	106	0	0	*	2
324	12967	219	107	0	0	*	2
325	13007	219	109	0	0	*	2
326	13047	219	111	0	0	*	2
327	13087	219	112	0	0	*	2
328	13127	218	115	0	0	*	2
329	13167	217	117	0	0	*	2
330	13207	216	119	0	0	*	2
331	13247	216	121	0	0	*	2
332	13287	215	123	0	0	*	2
333	13327	214	125	0	0	*	2
334	13367	213	127	0	0	*	2
335	13407	213	127	0	0	*	2
336	13447	211	130	0	0	*	2
337	13487	211	131	0	0	*	2
338	13527	210	133	0	0	*	2
339	13567	209	135	0	0	*	2
340	13607	207	137	0	0	*	2
341	13647	207	138	0	0	*	2
342	13687	206	140	0	0	*	2
343	13727	205	142	0	0	*	2
344	13767	203	144	0	0	*	2
345	13807	201	147	0	0	*	2
346	13847	201	148	0	0	*	2
347	13887	198	152	0	0	*	2
348	13927	198	152	0	0	*	2
349	13967	197	153	0	0	*	2
350	14007	195	155	0	0	*	2
351	14047	193	159	0	0	*	2
352	14087	192	159	0	0	*	2
353	14127	191	160	0	0	*	2
354	14167	189	162	0	0	*	2
355	14207	187	164	0	0	*	2
356	14247	186	165	0	0	*	2
357	14287	184	167	0	0	*	2
358	14327	182	168	0	0	*	2
359	14367	181	169	0	0	*	2
360	14407	179	171	0	0	*	2
361	14447	177	172	0	0	*	2
362	14487	175	173	0	0	*	2
363	14527	172	175	0	0	*	2
364	14567	170	176	0	0	*	2
365	14607	169	177	0	0	*	2
366	14647	166	178	0	0	*	2
367	14687	164	178	0	0	*	2
368	14727	162	179	0	0	*	2
369	14767	159	180	0	0	*	2
370	14807	158	181	0	0	*	2
371	14847	156	182	0	0	*	2
372	14887	154	182	0	0	*	2
373	14927	151	183	0	0	*	2
374	14967	149	184	0	0	*	2
375	15007	147	184	0	0	*	2
376	15047	145	185	0	0	*	2
377	15087	143	185	0	0	*	2
378	15127	140	186	0	0	*	2
379	15167	138	187	0	0	*	2
380	15207	136	187	0	0	*	2
381	15247	134	188	0	0	*	2
382	15287	132	189	0	0	*	2
383	15327	129	190	0	0	*	2
384	15367	126	191	0	0	*	2
385	15407	124	192	0	0	*	2
386	15447	121	192	0	0	*	2
387	15487	119	193	0	0	*	2
388	15527	114	195	0	0	*	2
389	15567	114	195	0	0	*	2
390	15607	109	196	0	0	*	2
391	15647	109	196	0	0	*	2
392	15687	106	196	0	0	*	2
393	15727	100	196	0	0	*	2
394	15767	100	197	0	0	*	2
395	15807	97	197	0	0	*	2
396	15847	95	197	0	0	*	2
397	15887	93	197	0	0	*	2
398	15927	89	197	0	0	*	2
399	15967	89	197	0	0	*	2
400	16007	86	197	0	0	*	2
401	16047	84	197	0	0	*	2
402	16087	81	196	0	0	*	2
403	16127	79	196	0	0	*	2
404	16167	78	195	0	0	*	2
405	16207	76	195	0	0	*	2
406	16247	74	194	0	0	*	2
407	16287	73	193	0	1	*	2
408	16327	72	192	0	1	*	2
409	16367	71	192	0	1	*	2
410	16407	70	191	0	1	*	2
411	16447	69	190	0	1	*	2
412	16487	67	190	0	1	*	2
413	16527	66	189	0	1	*	2
414	16567	65	189	0	1	*	2
415	16607	65	189	0	1	*	2
416	16647	64	189	0	1	*	2
417	16687	64	189	0	1	*	2
418	16727	63	189	0	1	*	2
419	16767	62	189	0	1	*	2
420	16807	61	190	0	1	*	2
421	16847	60	190	0	1	*	2
422	16887	60	190	0	1	*	2
423	16927	59	190	0	1	*	2
424	16967	60	189	0	1	*	2
425	17007	60	189	0	1	*	2
426	17047	60	188	0	1	*	2
427	17087	60	188	0	1	*	2
428	17127	61	188	0	1	*	2
429	17167	61	188	0	1	*	2
430	17207	61	187	0	1	*	2
431	17247	61	187	0	1	*	2
432	17287	61	187	0	1	*	2
433	17327	61	187	0	1	*	2
434	17367	61	188	0	1	*	2
435	17407	60	188	0	1	*	2
436	17447	60	188	0	1	*	2
437	17487	59	188	0	1	*	2
438	17527	59	188	0	1	*	2
439	17567	59	187	0	1	*	2
440	17607	59	187	0	1	*	2
441	17647	59	186	0	1	*	2
442	17687	60	186	0	1	*	2
443	17727	60	185	0	1	*	2
444	17767	60	185	0	1	*	2
445	17807	61	186	0	3	*	2
