%%BEGIN_HEADER
	%%BEGIN DATABASE_INFORMATION
		%Date.0 ( 30.9.2019 )
		%Time.0 ( 13:07 )
	%%END DATABASE_INFORMATION
	%%BEGIN SETUP_INFORMATION
		%TrackerVersion.0 ( Tracker version 2.38 release 12.8.2012 )
		%ElapsedTime_ms.0 ( 60401 )
		%Paradigm.0 ( PlacePreference )
		%FeederParameters.0 ( 1500 0 )
			// %FeederParameters.0 ( ENTRANCE_LATENCY EXIT_LATENCY )
		%ElapsedPath_m.0 ( 0.00 )
		%ArenaDiameter_m.0 ( 1.80 )
		%TrackerResolution_PixPerCM.0 ( 1.4222 )
		%ArenaCenterXY.0 ( 127.5 127.5 )
		%Frame.0 ( RoomFrame )
		%ReinforcedSector.0 ( 64.3907 64.3907 7 )
			//%ReinforcedSector.0 ( CENTER_X CENTER_Y RADIUS )
		%RoomTrackReinforcedSector.0 ( 64.3907 64.3907 7 )
			//%RoomTrackReinforcedSector.0 ( CENTER_X CENTER_Y RADIUS )
	%%END SETUP_INFORMATION
	%%BEGIN RECORD_FORMAT
		%Sample.0 ( FrameCount 1msTimeStamp RoomX RoomY Sectors State Flags FrameInfo )
			//Sectors indicate if the object is in a target. Number is binary coded. Sectors = 0: no target, Sectors = 1: room target, Sectors: = 2 arena target, Sectors: = 3 room and arena target
			////State indicates the Watermaze State: OutsideTarget = 0, EntranceLatency = 1, InsideTarget = 3, OutsideRefractory = 4, BadSpot = 5
			//FrameInfo indicates succesfuly tracked spots: ReferencePoint * 2^0 + Spot0 * 2^(1+0) + Spot1 * 2^(1+1) + Spot2 * 2^(1+2) .... 
	%%END RECORD_FORMAT
%%END_HEADER
1	40	208	203	0	0	*	2
2	80	207	204	0	0	*	2
3	120	207	204	0	0	*	2
4	160	207	204	0	0	*	2
5	200	208	203	0	0	*	2
6	240	208	203	0	0	*	2
7	280	209	202	0	0	*	2
8	320	209	201	0	0	*	2
9	360	208	199	0	0	*	2
10	400	208	197	0	0	*	2
11	440	207	195	0	0	*	2
12	480	207	194	0	0	*	2
13	520	206	192	0	0	*	2
14	560	206	191	0	0	*	2
15	600	205	189	0	0	*	2
16	640	205	187	0	0	*	2
17	680	204	185	0	0	*	2
18	720	203	184	0	0	*	2
19	760	202	182	0	0	*	2
20	800	201	181	0	0	*	2
21	840	200	179	0	0	*	2
22	880	198	178	0	0	*	2
23	920	197	176	0	0	*	2
24	960	196	175	0	0	*	2
25	1000	195	173	0	0	*	2
26	1040	194	172	0	0	*	2
27	1080	193	170	0	0	*	2
28	1120	191	169	0	0	*	2
29	1160	190	167	0	0	*	2
30	1200	188	166	0	0	*	2
31	1240	186	165	0	0	*	2
32	1280	185	163	0	0	*	2
33	1320	183	162	0	0	*	2
34	1360	181	160	0	0	*	2
35	1400	180	159	0	0	*	2
36	1440	178	158	0	0	*	2
37	1480	176	157	0	0	*	2
38	1520	174	155	0	0	*	2
39	1560	172	154	0	0	*	2
40	1600	170	152	0	0	*	2
41	1640	169	151	0	0	*	2
42	1680	166	150	0	0	*	2
43	1720	164	149	0	0	*	2
44	1760	162	147	0	0	*	2
45	1800	160	146	0	0	*	2
46	1840	158	145	0	0	*	2
47	1880	157	144	0	0	*	2
48	1920	154	143	0	0	*	2
49	1960	152	141	0	0	*	2
50	2000	150	140	0	0	*	2
51	2040	148	139	0	0	*	2
52	2080	146	139	0	0	*	2
53	2120	144	138	0	0	*	2
54	2160	142	137	0	0	*	2
55	2200	140	137	0	0	*	2
56	2240	138	136	0	0	*	2
57	2280	136	135	0	0	*	2
58	2320	134	134	0	0	*	2
59	2360	132	134	0	0	*	2
60	2400	130	133	0	0	*	2
61	2440	128	132	0	0	*	2
62	2480	126	132	0	0	*	2
63	2520	123	131	0	0	*	2
64	2560	121	130	0	0	*	2
65	2600	120	130	0	0	*	2
66	2640	117	129	0	0	*	2
67	2680	115	128	0	0	*	2
68	2720	113	128	0	0	*	2
69	2760	111	127	0	0	*	2
70	2800	109	126	0	0	*	2
71	2840	107	126	0	0	*	2
72	2880	105	126	0	0	*	2
73	2920	102	125	0	0	*	2
74	2960	100	124	0	0	*	2
75	3000	98	124	0	0	*	2
76	3040	96	123	0	0	*	2
77	3080	94	123	0	0	*	2
78	3120	92	123	0	0	*	2
79	3160	90	122	0	0	*	2
80	3200	88	122	0	0	*	2
81	3240	86	122	0	0	*	2
82	3280	84	121	0	0	*	2
83	3320	82	121	0	0	*	2
84	3360	79	121	0	0	*	2
85	3400	77	121	0	0	*	2
86	3440	75	120	0	0	*	2
87	3480	73	120	0	0	*	2
88	3520	71	119	0	0	*	2
89	3560	69	119	0	0	*	2
90	3600	66	119	0	0	*	2
91	3640	64	118	0	0	*	2
92	3680	62	118	0	0	*	2
93	3720	60	118	0	0	*	2
94	3760	58	117	0	0	*	2
95	3800	56	117	0	0	*	2
96	3840	54	117	0	0	*	2
97	3880	51	116	0	0	*	2
98	3920	49	116	0	0	*	2
99	3960	48	116	0	0	*	2
100	4000	46	116	0	0	*	2
101	4040	44	115	0	0	*	2
102	4080	42	115	0	0	*	2
103	4120	40	114	0	0	*	2
104	4160	38	114	0	0	*	2
105	4200	36	113	0	0	*	2
106	4240	35	113	0	0	*	2
107	4280	33	112	0	0	*	2
108	4320	31	112	0	0	*	2
109	4360	30	112	0	0	*	2
110	4400	29	112	0	0	*	2
111	4440	27	111	0	0	*	2
112	4480	25	111	0	0	*	2
113	4520	24	111	0	0	*	2
114	4560	23	112	0	0	*	2
115	4600	22	112	0	0	*	2
116	4640	21	112	0	0	*	2
117	4680	20	113	0	0	*	2
118	4720	16	114	0	0	*	2
119	4760	15	114	0	0	*	2
120	4800	15	114	0	0	*	2
121	4840	15	115	0	0	*	2
122	4880	13	115	0	0	*	2
123	4920	13	115	0	0	*	2
124	4960	13	116	0	0	*	2
125	5000	13	116	0	0	*	2
126	5040	13	117	0	0	*	2
127	5080	12	116	0	0	*	2
128	5120	12	118	0	0	*	2
129	5160	12	117	0	0	*	2
130	5200	12	117	0	0	*	2
131	5240	12	119	0	0	*	2
132	5280	12	120	0	0	*	2
133	5320	12	122	0	0	*	2
134	5360	13	123	0	0	*	2
135	5400	13	125	0	0	*	2
136	5440	14	125	0	0	*	2
137	5480	15	127	0	0	*	2
138	5520	15	128	0	0	*	2
139	5560	16	129	0	0	*	2
140	5600	17	130	0	0	*	2
141	5640	18	131	0	0	*	2
142	5680	20	132	0	0	*	2
143	5720	25	135	0	0	*	2
144	5760	26	135	0	0	*	2
145	5800	28	136	0	0	*	2
146	5840	30	137	0	0	*	2
147	5880	32	138	0	0	*	2
148	5920	33	139	0	0	*	2
149	5960	35	139	0	0	*	2
150	6000	36	140	0	0	*	2
151	6040	38	141	0	0	*	2
152	6080	40	142	0	0	*	2
153	6120	42	142	0	0	*	2
154	6160	44	143	0	0	*	2
155	6200	46	143	0	0	*	2
156	6240	48	144	0	0	*	2
157	6280	49	144	0	0	*	2
158	6320	51	145	0	0	*	2
159	6360	53	146	0	0	*	2
160	6400	55	146	0	0	*	2
161	6440	57	146	0	0	*	2
162	6480	59	147	0	0	*	2
163	6520	61	147	0	0	*	2
164	6560	63	148	0	0	*	2
165	6600	65	148	0	0	*	2
166	6640	67	149	0	0	*	2
167	6680	69	149	0	0	*	2
168	6720	72	150	0	0	*	2
169	6760	73	150	0	0	*	2
170	6800	76	151	0	0	*	2
171	6840	78	151	0	0	*	2
172	6880	80	151	0	0	*	2
173	6920	82	151	0	0	*	2
174	6960	85	152	0	0	*	2
175	7000	86	152	0	0	*	2
176	7040	89	153	0	0	*	2
177	7080	91	153	0	0	*	2
178	7120	93	153	0	0	*	2
179	7160	96	154	0	0	*	2
180	7200	97	154	0	0	*	2
181	7240	99	154	0	0	*	2
182	7280	101	154	0	0	*	2
183	7320	103	155	0	0	*	2
184	7360	106	155	0	0	*	2
185	7400	108	155	0	0	*	2
186	7440	110	155	0	0	*	2
187	7480	112	156	0	0	*	2
188	7520	114	156	0	0	*	2
189	7560	117	156	0	0	*	2
190	7600	118	156	0	0	*	2
191	7640	120	157	0	0	*	2
192	7680	122	157	0	0	*	2
193	7720	124	157	0	0	*	2
194	7760	126	158	0	0	*	2
195	7800	129	158	0	0	*	2
196	7840	130	158	0	0	*	2
197	7880	132	158	0	0	*	2
198	7920	134	158	0	0	*	2
199	7960	136	158	0	0	*	2
200	8000	138	159	0	0	*	2
201	8040	140	159	0	0	*	2
202	8080	142	159	0	0	*	2
203	8120	144	159	0	0	*	2
204	8160	146	159	0	0	*	2
205	8200	148	160	0	0	*	2
206	8240	150	160	0	0	*	2
207	8280	152	160	0	0	*	2
208	8320	154	160	0	0	*	2
209	8360	156	161	0	0	*	2
210	8400	158	161	0	0	*	2
211	8440	160	161	0	0	*	2
212	8480	162	161	0	0	*	2
213	8520	164	162	0	0	*	2
214	8560	167	162	0	0	*	2
215	8600	168	162	0	0	*	2
216	8640	170	162	0	0	*	2
217	8680	172	162	0	0	*	2
218	8721	174	162	0	0	*	2
219	8760	176	163	0	0	*	2
220	8800	178	163	0	0	*	2
221	8840	180	164	0	0	*	2
222	8880	182	164	0	0	*	2
223	8920	184	165	0	0	*	2
224	8960	185	165	0	0	*	2
225	9000	187	166	0	0	*	2
226	9040	189	167	0	0	*	2
227	9080	190	167	0	0	*	2
228	9120	192	168	0	0	*	2
229	9160	194	168	0	0	*	2
230	9200	195	169	0	0	*	2
231	9240	196	170	0	0	*	2
232	9280	198	170	0	0	*	2
233	9320	199	171	0	0	*	2
234	9360	201	172	0	0	*	2
235	9400	202	173	0	0	*	2
236	9440	204	174	0	0	*	2
237	9480	205	174	0	0	*	2
238	9521	206	175	0	0	*	2
239	9560	207	176	0	0	*	2
240	9600	209	177	0	0	*	2
241	9641	210	177	0	0	*	2
242	9680	212	178	0	0	*	2
243	9720	213	178	0	0	*	2
244	9760	214	178	0	0	*	2
245	9800	215	179	0	0	*	2
246	9840	216	179	0	0	*	2
247	9881	218	179	0	0	*	2
248	9920	219	179	0	0	*	2
249	9960	220	179	0	0	*	2
250	10000	220	179	0	0	*	2
251	10040	221	179	0	0	*	2
252	10080	222	178	0	0	*	2
253	10121	223	178	0	0	*	2
254	10160	223	178	0	0	*	2
255	10200	224	177	0	0	*	2
256	10241	225	177	0	0	*	2
257	10281	226	176	0	0	*	2
258	10321	226	175	0	0	*	2
259	10361	227	175	0	0	*	2
260	10401	227	174	0	0	*	2
261	10441	227	173	0	0	*	2
262	10481	228	172	0	0	*	2
263	10521	228	172	0	0	*	2
264	10561	228	170	0	0	*	2
265	10601	228	169	0	0	*	2
266	10641	228	168	0	0	*	2
267	10681	228	167	0	0	*	2
268	10721	228	166	0	0	*	2
269	10761	228	165	0	0	*	2
270	10801	228	164	0	0	*	2
271	10841	227	163	0	0	*	2
272	10881	227	162	0	0	*	2
273	10921	226	161	0	0	*	2
274	10961	226	159	0	0	*	2
275	11001	225	158	0	0	*	2
276	11041	225	157	0	0	*	2
277	11081	224	156	0	0	*	2
278	11121	223	154	0	0	*	2
279	11161	223	153	0	0	*	2
280	11201	222	152	0	0	*	2
281	11241	221	151	0	0	*	2
282	11281	220	150	0	0	*	2
283	11321	219	149	0	0	*	2
284	11361	218	148	0	0	*	2
285	11401	217	147	0	0	*	2
286	11441	216	145	0	0	*	2
287	11481	215	144	0	0	*	2
288	11521	213	143	0	0	*	2
289	11561	212	142	0	0	*	2
290	11601	210	141	0	0	*	2
291	11641	209	141	0	0	*	2
292	11681	208	139	0	0	*	2
293	11721	206	139	0	0	*	2
294	11761	205	138	0	0	*	2
295	11801	203	138	0	0	*	2
296	11841	202	137	0	0	*	2
297	11881	200	136	0	0	*	2
298	11921	198	135	0	0	*	2
299	11961	197	135	0	0	*	2
300	12001	195	134	0	0	*	2
301	12041	194	134	0	0	*	2
302	12081	192	133	0	0	*	2
303	12121	190	132	0	0	*	2
304	12161	189	132	0	0	*	2
305	12201	187	132	0	0	*	2
306	12241	185	131	0	0	*	2
307	12281	183	131	0	0	*	2
308	12321	182	131	0	0	*	2
309	12361	181	130	0	0	*	2
310	12401	178	130	0	0	*	2
311	12441	177	130	0	0	*	2
312	12481	175	130	0	0	*	2
313	12521	173	130	0	0	*	2
314	12561	171	130	0	0	*	2
315	12601	170	130	0	0	*	2
316	12641	168	130	0	0	*	2
317	12681	167	130	0	0	*	2
318	12721	165	130	0	0	*	2
319	12761	163	130	0	0	*	2
320	12801	161	130	0	0	*	2
321	12841	159	130	0	0	*	2
322	12881	158	130	0	0	*	2
323	12921	156	131	0	0	*	2
324	12961	154	131	0	0	*	2
325	13001	152	131	0	0	*	2
326	13041	150	132	0	0	*	2
327	13081	148	132	0	0	*	2
328	13121	146	132	0	0	*	2
329	13161	144	132	0	0	*	2
330	13201	143	133	0	0	*	2
331	13241	141	133	0	0	*	2
332	13281	139	134	0	0	*	2
333	13321	137	134	0	0	*	2
334	13361	135	134	0	0	*	2
335	13401	133	135	0	0	*	2
336	13441	131	135	0	0	*	2
337	13481	129	135	0	0	*	2
338	13521	127	136	0	0	*	2
339	13561	125	136	0	0	*	2
340	13601	123	136	0	0	*	2
341	13641	121	137	0	0	*	2
342	13681	120	137	0	0	*	2
343	13721	118	137	0	0	*	2
344	13761	116	138	0	0	*	2
345	13801	114	138	0	0	*	2
346	13841	112	138	0	0	*	2
347	13881	109	138	0	0	*	2
348	13921	108	138	0	0	*	2
349	13961	106	139	0	0	*	2
350	14001	104	139	0	0	*	2
351	14041	102	139	0	0	*	2
352	14081	100	139	0	0	*	2
353	14121	98	139	0	0	*	2
354	14161	96	139	0	0	*	2
355	14201	94	139	0	0	*	2
356	14241	92	139	0	0	*	2
357	14281	90	139	0	0	*	2
358	14321	89	139	0	0	*	2
359	14361	87	139	0	0	*	2
360	14401	85	138	0	0	*	2
361	14441	84	138	0	0	*	2
362	14481	82	138	0	0	*	2
363	14521	80	138	0	0	*	2
364	14561	78	138	0	0	*	2
365	14601	76	138	0	0	*	2
366	14641	74	137	0	0	*	2
367	14681	73	137	0	0	*	2
368	14721	71	137	0	0	*	2
369	14761	69	136	0	0	*	2
370	14801	68	136	0	0	*	2
371	14841	65	135	0	0	*	2
372	14881	64	135	0	0	*	2
373	14921	62	135	0	0	*	2
374	14961	61	134	0	0	*	2
375	15001	59	133	0	0	*	2
376	15041	57	133	0	0	*	2
377	15081	56	132	0	0	*	2
378	15121	54	131	0	0	*	2
379	15161	52	130	0	0	*	2
380	15201	51	129	0	0	*	2
381	15241	49	128	0	0	*	2
382	15281	48	128	0	0	*	2
383	15321	47	127	0	0	*	2
384	15361	45	126	0	0	*	2
385	15401	44	125	0	0	*	2
386	15441	42	123	0	0	*	2
387	15481	41	122	0	0	*	2
388	15521	40	121	0	0	*	2
389	15561	39	120	0	0	*	2
390	15601	38	119	0	0	*	2
391	15641	37	117	0	0	*	2
392	15681	36	116	0	0	*	2
393	15721	36	115	0	0	*	2
394	15761	35	114	0	0	*	2
395	15801	34	112	0	0	*	2
396	15841	34	110	0	0	*	2
397	15881	33	109	0	0	*	2
398	15921	32	107	0	0	*	2
399	15961	32	105	0	0	*	2
400	16001	31	104	0	0	*	2
401	16041	31	102	0	0	*	2
402	16081	31	100	0	0	*	2
403	16121	30	98	0	0	*	2
404	16161	30	96	0	0	*	2
405	16201	30	94	0	0	*	2
406	16241	30	93	0	0	*	2
407	16281	30	92	0	0	*	2
408	16321	30	90	0	0	*	2
409	16361	30	88	0	0	*	2
410	16401	31	87	0	0	*	2
411	16441	31	85	0	0	*	2
412	16481	31	84	0	0	*	2
413	16521	32	82	0	0	*	2
414	16561	33	80	0	0	*	2
415	16601	33	79	0	0	*	2
416	16641	33	77	0	0	*	2
417	16681	34	76	0	0	*	2
418	16721	35	74	0	0	*	2
419	16761	36	73	0	0	*	2
420	16801	36	71	0	0	*	2
421	16841	37	70	0	0	*	2
422	16881	38	69	0	0	*	2
423	16921	39	67	0	0	*	2
424	16961	40	66	0	0	*	2
425	17001	41	65	0	0	*	2
426	17041	42	63	0	0	*	2
427	17081	43	62	0	0	*	2
428	17121	45	60	0	0	*	2
429	17161	46	59	0	0	*	2
430	17201	48	58	0	0	*	2
431	17241	49	57	0	0	*	2
432	17281	50	56	0	0	*	2
433	17321	52	55	0	0	*	2
434	17361	53	55	0	0	*	2
435	17401	55	54	0	0	*	2
436	17441	56	53	0	0	*	2
437	17481	57	52	0	0	*	2
438	17521	59	52	0	0	*	2
439	17561	61	51	0	0	*	2
440	17601	62	50	0	0	*	2
441	17641	63	50	0	0	*	2
442	17681	65	49	0	0	*	2
443	17721	67	49	0	0	*	2
444	17761	69	49	0	0	*	2
445	17801	70	48	0	0	*	2
446	17841	72	48	0	0	*	2
447	17881	74	47	0	0	*	2
448	17921	75	47	0	0	*	2
449	17961	77	47	0	0	*	2
450	18001	80	47	0	0	*	2
451	18041	82	46	0	0	*	2
452	18081	84	46	0	0	*	2
453	18121	85	46	0	0	*	2
454	18161	87	46	0	0	*	2
455	18201	89	46	0	0	*	2
456	18241	91	46	0	0	*	2
457	18281	93	46	0	0	*	2
458	18321	95	46	0	0	*	2
459	18361	97	46	0	0	*	2
460	18401	99	46	0	0	*	2
461	18441	101	46	0	0	*	2
462	18481	103	46	0	0	*	2
463	18521	105	46	0	0	*	2
464	18561	107	46	0	0	*	2
465	18601	109	46	0	0	*	2
466	18641	111	46	0	0	*	2
467	18681	113	46	0	0	*	2
468	18721	115	47	0	0	*	2
469	18761	117	47	0	0	*	2
470	18801	119	47	0	0	*	2
471	18841	121	47	0	0	*	2
472	18881	122	47	0	0	*	2
473	18921	124	48	0	0	*	2
474	18961	127	48	0	0	*	2
475	19001	128	49	0	0	*	2
476	19041	130	49	0	0	*	2
477	19081	132	50	0	0	*	2
478	19121	134	50	0	0	*	2
479	19161	136	51	0	0	*	2
480	19201	138	51	0	0	*	2
481	19241	140	52	0	0	*	2
482	19281	141	52	0	0	*	2
483	19321	144	53	0	0	*	2
484	19361	146	53	0	0	*	2
485	19401	147	54	0	0	*	2
486	19441	149	55	0	0	*	2
487	19481	151	56	0	0	*	2
488	19521	153	56	0	0	*	2
489	19561	155	57	0	0	*	2
490	19601	157	57	0	0	*	2
491	19641	158	58	0	0	*	2
492	19681	160	59	0	0	*	2
493	19721	162	60	0	0	*	2
494	19761	164	61	0	0	*	2
495	19801	166	62	0	0	*	2
496	19841	167	63	0	0	*	2
497	19881	169	63	0	0	*	2
498	19921	170	65	0	0	*	2
499	19961	172	66	0	0	*	2
500	20001	174	66	0	0	*	2
501	20041	176	68	0	0	*	2
502	20081	178	68	0	0	*	2
503	20121	179	70	0	0	*	2
504	20161	182	71	0	0	*	2
505	20201	183	72	0	0	*	2
506	20241	184	73	0	0	*	2
507	20281	186	74	0	0	*	2
508	20321	188	75	0	0	*	2
509	20361	189	77	0	0	*	2
510	20401	191	78	0	0	*	2
511	20441	193	79	0	0	*	2
512	20481	194	80	0	0	*	2
513	20521	195	81	0	0	*	2
514	20561	197	83	0	0	*	2
515	20601	198	84	0	0	*	2
516	20641	200	86	0	0	*	2
517	20681	202	88	0	0	*	2
518	20721	203	89	0	0	*	2
519	20761	204	90	0	0	*	2
520	20801	206	92	0	0	*	2
521	20841	206	93	0	0	*	2
522	20881	208	96	0	0	*	2
523	20921	209	97	0	0	*	2
524	20961	210	98	0	0	*	2
525	21001	211	100	0	0	*	2
526	21041	212	101	0	0	*	2
527	21081	213	103	0	0	*	2
528	21121	214	106	0	0	*	2
529	21161	215	108	0	0	*	2
530	21201	216	109	0	0	*	2
531	21241	216	111	0	0	*	2
532	21281	217	112	0	0	*	2
533	21321	218	115	0	0	*	2
534	21361	218	116	0	0	*	2
535	21401	218	118	0	0	*	2
536	21441	219	120	0	0	*	2
537	21481	219	122	0	0	*	2
538	21521	219	123	0	0	*	2
539	21561	219	126	0	0	*	2
540	21601	219	127	0	0	*	2
541	21641	220	129	0	0	*	2
542	21681	220	131	0	0	*	2
543	21721	220	133	0	0	*	2
544	21761	220	135	0	0	*	2
545	21801	220	137	0	0	*	2
546	21841	221	139	0	0	*	2
547	21881	221	140	0	0	*	2
548	21921	221	142	0	0	*	2
549	21961	221	144	0	0	*	2
550	22001	221	146	0	0	*	2
551	22041	221	148	0	0	*	2
552	22081	220	150	0	0	*	2
553	22121	220	152	0	0	*	2
554	22161	220	154	0	0	*	2
555	22201	220	156	0	0	*	2
556	22241	220	158	0	0	*	2
557	22281	219	159	0	0	*	2
558	22321	219	162	0	0	*	2
559	22361	219	163	0	0	*	2
560	22401	219	165	0	0	*	2
561	22441	218	167	0	0	*	2
562	22481	218	169	0	0	*	2
563	22521	217	171	0	0	*	2
564	22561	217	172	0	0	*	2
565	22601	216	175	0	0	*	2
566	22641	216	176	0	0	*	2
567	22681	215	178	0	0	*	2
568	22721	214	180	0	0	*	2
569	22761	214	182	0	0	*	2
570	22801	213	184	0	0	*	2
571	22841	212	185	0	0	*	2
572	22881	212	186	0	0	*	2
573	22921	211	188	0	0	*	2
574	22961	210	189	0	0	*	2
575	23001	209	191	0	0	*	2
576	23041	208	193	0	0	*	2
577	23081	207	194	0	0	*	2
578	23121	206	196	0	0	*	2
579	23161	205	198	0	0	*	2
580	23201	204	199	0	0	*	2
581	23241	203	201	0	0	*	2
582	23281	202	202	0	0	*	2
583	23321	201	204	0	0	*	2
584	23361	200	206	0	0	*	2
585	23401	199	207	0	0	*	2
586	23441	198	209	0	0	*	2
587	23481	196	209	0	0	*	2
588	23521	195	211	0	0	*	2
589	23561	194	212	0	0	*	2
590	23601	193	214	0	0	*	2
591	23641	191	215	0	0	*	2
592	23681	190	216	0	0	*	2
593	23721	189	217	0	0	*	2
594	23761	187	218	0	0	*	2
595	23801	186	219	0	0	*	2
596	23841	184	220	0	0	*	2
597	23881	183	221	0	0	*	2
598	23921	182	221	0	0	*	2
599	23961	180	222	0	0	*	2
600	24001	179	223	0	0	*	2
601	24041	177	224	0	0	*	2
602	24081	175	224	0	0	*	2
603	24121	174	225	0	0	*	2
604	24161	172	225	0	0	*	2
605	24201	171	226	0	0	*	2
606	24241	170	226	0	0	*	2
607	24281	168	227	0	0	*	2
608	24321	166	227	0	0	*	2
609	24361	165	228	0	0	*	2
610	24401	163	228	0	0	*	2
611	24441	162	228	0	0	*	2
612	24481	160	228	0	0	*	2
613	24521	158	228	0	0	*	2
614	24561	157	229	0	0	*	2
615	24601	155	229	0	0	*	2
616	24641	153	228	0	0	*	2
617	24681	151	228	0	0	*	2
618	24721	149	228	0	0	*	2
619	24761	147	228	0	0	*	2
620	24801	146	228	0	0	*	2
621	24841	144	227	0	0	*	2
622	24881	142	227	0	0	*	2
623	24921	140	227	0	0	*	2
624	24961	138	226	0	0	*	2
625	25001	136	226	0	0	*	2
626	25041	135	225	0	0	*	2
627	25081	133	225	0	0	*	2
628	25121	131	224	0	0	*	2
629	25161	130	224	0	0	*	2
630	25201	128	223	0	0	*	2
631	25241	126	222	0	0	*	2
632	25281	124	222	0	0	*	2
633	25321	122	221	0	0	*	2
634	25361	121	220	0	0	*	2
635	25401	119	220	0	0	*	2
636	25441	118	219	0	0	*	2
637	25481	116	218	0	0	*	2
638	25521	114	217	0	0	*	2
639	25561	112	216	0	0	*	2
640	25601	111	215	0	0	*	2
641	25641	109	214	0	0	*	2
642	25681	108	213	0	0	*	2
643	25721	106	212	0	0	*	2
644	25761	105	211	0	0	*	2
645	25801	103	210	0	0	*	2
646	25841	101	209	0	0	*	2
647	25881	100	208	0	0	*	2
648	25921	98	207	0	0	*	2
649	25961	97	205	0	0	*	2
650	26001	96	204	0	0	*	2
651	26041	94	203	0	0	*	2
652	26081	93	202	0	0	*	2
653	26121	92	201	0	0	*	2
654	26161	90	199	0	0	*	2
655	26201	89	198	0	0	*	2
656	26241	87	196	0	0	*	2
657	26281	86	195	0	0	*	2
658	26321	85	194	0	0	*	2
659	26361	84	193	0	0	*	2
660	26401	82	191	0	0	*	2
661	26441	81	190	0	0	*	2
662	26481	79	188	0	0	*	2
663	26521	78	187	0	0	*	2
664	26561	77	185	0	0	*	2
665	26601	75	185	0	0	*	2
666	26641	74	183	0	0	*	2
667	26681	73	182	0	0	*	2
668	26721	72	181	0	0	*	2
669	26761	70	179	0	0	*	2
670	26801	69	178	0	0	*	2
671	26841	68	177	0	0	*	2
672	26881	66	176	0	0	*	2
673	26921	65	174	0	0	*	2
674	26961	63	173	0	0	*	2
675	27001	62	172	0	0	*	2
676	27041	61	170	0	0	*	2
677	27081	59	169	0	0	*	2
678	27121	58	167	0	0	*	2
679	27161	57	166	0	0	*	2
680	27201	55	165	0	0	*	2
681	27241	54	163	0	0	*	2
682	27281	53	162	0	0	*	2
683	27321	51	161	0	0	*	2
684	27361	50	160	0	0	*	2
685	27401	49	158	0	0	*	2
686	27441	48	156	0	0	*	2
687	27481	47	155	0	0	*	2
688	27521	46	153	0	0	*	2
689	27561	44	151	0	0	*	2
690	27601	44	150	0	0	*	2
691	27641	43	148	0	0	*	2
692	27681	41	147	0	0	*	2
693	27721	40	145	0	0	*	2
694	27761	39	143	0	0	*	2
695	27801	38	142	0	0	*	2
696	27841	38	140	0	0	*	2
697	27881	37	139	0	0	*	2
698	27921	36	137	0	0	*	2
699	27961	36	135	0	0	*	2
700	28001	35	134	0	0	*	2
701	28041	34	132	0	0	*	2
702	28081	33	130	0	0	*	2
703	28121	33	129	0	0	*	2
704	28161	32	127	0	0	*	2
705	28201	31	125	0	0	*	2
706	28241	31	124	0	0	*	2
707	28281	30	122	0	0	*	2
708	28321	30	120	0	0	*	2
709	28361	29	119	0	0	*	2
710	28401	29	117	0	0	*	2
711	28441	29	116	0	0	*	2
712	28481	28	114	0	0	*	2
713	28521	28	112	0	0	*	2
714	28561	27	111	0	0	*	2
715	28601	27	109	0	0	*	2
716	28641	27	107	0	0	*	2
717	28681	26	105	0	0	*	2
718	28721	26	103	0	0	*	2
719	28761	26	101	0	0	*	2
720	28801	25	100	0	0	*	2
721	28841	25	98	0	0	*	2
722	28881	25	97	0	0	*	2
723	28921	25	95	0	0	*	2
724	28961	24	93	0	0	*	2
725	29001	24	92	0	0	*	2
726	29041	24	91	0	0	*	2
727	29081	24	90	0	0	*	2
728	29121	24	88	0	0	*	2
729	29161	24	87	0	0	*	2
730	29201	24	85	0	0	*	2
731	29241	25	85	0	0	*	2
732	29281	25	83	0	0	*	2
733	29321	25	82	0	0	*	2
734	29361	21	81	0	0	*	2
735	29401	22	80	0	0	*	2
736	29441	22	79	0	0	*	2
737	29481	23	77	0	0	*	2
738	29521	24	76	0	0	*	2
739	29561	24	74	0	0	*	2
740	29601	25	73	0	0	*	2
741	29641	26	72	0	0	*	2
742	29681	27	71	0	0	*	2
743	29721	28	70	0	0	*	2
744	29761	29	68	0	0	*	2
745	29801	30	67	0	0	*	2
746	29841	31	66	0	0	*	2
747	29881	33	65	0	0	*	2
748	29921	35	63	0	0	*	2
749	29961	37	62	0	0	*	2
750	30001	38	61	0	0	*	2
751	30041	42	60	0	0	*	2
752	30081	43	60	0	0	*	2
753	30121	45	59	0	0	*	2
754	30161	46	58	0	0	*	2
755	30201	48	58	0	0	*	2
756	30241	49	57	0	0	*	2
757	30281	49	57	0	0	*	2
758	30321	51	57	0	0	*	2
759	30361	53	58	0	0	*	2
760	30401	54	59	0	0	*	2
761	30441	55	60	0	0	*	2
762	30481	56	61	0	0	*	2
763	30521	57	62	0	1	*	2
764	30561	58	64	0	1	*	2
765	30601	58	65	0	1	*	2
766	30641	59	66	0	1	*	2
767	30681	60	68	0	1	*	2
768	30721	60	70	0	1	*	2
769	30761	61	72	0	1	*	2
770	30801	61	73	0	1	*	2
771	30841	61	74	0	0	*	2
772	30881	62	75	0	0	*	2
773	30921	62	76	0	0	*	2
774	30961	63	77	0	0	*	2
775	31001	64	78	0	0	*	2
776	31041	66	79	0	0	*	2
777	31081	67	80	0	0	*	2
778	31121	69	81	0	0	*	2
779	31161	71	82	0	0	*	2
780	31201	72	83	0	0	*	2
781	31241	73	83	0	0	*	2
782	31281	73	84	0	0	*	2
783	31321	74	85	0	0	*	2
784	31361	75	86	0	0	*	2
785	31401	76	87	0	0	*	2
786	31441	77	88	0	0	*	2
787	31481	78	88	0	0	*	2
788	31521	79	89	0	0	*	2
789	31561	80	90	0	0	*	2
790	31601	81	91	0	0	*	2
791	31641	83	91	0	0	*	2
792	31681	84	92	0	0	*	2
793	31721	85	93	0	0	*	2
794	31761	86	93	0	0	*	2
795	31801	87	94	0	0	*	2
796	31841	88	95	0	0	*	2
797	31881	90	96	0	0	*	2
798	31921	92	96	0	0	*	2
799	31961	93	97	0	0	*	2
800	32001	95	98	0	0	*	2
801	32041	96	99	0	0	*	2
802	32081	97	100	0	0	*	2
803	32121	99	101	0	0	*	2
804	32161	101	102	0	0	*	2
805	32201	103	103	0	0	*	2
806	32241	105	104	0	0	*	2
807	32281	107	105	0	0	*	2
808	32321	109	106	0	0	*	2
809	32361	110	107	0	0	*	2
810	32401	112	108	0	0	*	2
811	32441	114	109	0	0	*	2
812	32481	116	110	0	0	*	2
813	32521	118	111	0	0	*	2
814	32561	120	112	0	0	*	2
815	32601	122	114	0	0	*	2
816	32641	123	115	0	0	*	2
817	32681	125	115	0	0	*	2
818	32721	126	116	0	0	*	2
819	32761	128	117	0	0	*	2
820	32801	130	118	0	0	*	2
821	32841	133	119	0	0	*	2
822	32881	134	120	0	0	*	2
823	32921	135	121	0	0	*	2
824	32961	137	122	0	0	*	2
825	33001	138	123	0	0	*	2
826	33041	140	124	0	0	*	2
827	33081	142	125	0	0	*	2
828	33121	144	126	0	0	*	2
829	33161	146	127	0	0	*	2
830	33201	147	128	0	0	*	2
831	33241	148	129	0	0	*	2
832	33281	150	130	0	0	*	2
833	33321	152	131	0	0	*	2
834	33361	154	132	0	0	*	2
835	33401	156	133	0	0	*	2
836	33441	157	134	0	0	*	2
837	33481	159	134	0	0	*	2
838	33521	161	136	0	0	*	2
839	33561	163	136	0	0	*	2
840	33601	164	137	0	0	*	2
841	33641	166	138	0	0	*	2
842	33681	167	139	0	0	*	2
843	33721	169	140	0	0	*	2
844	33761	171	141	0	0	*	2
845	33801	172	142	0	0	*	2
846	33841	174	143	0	0	*	2
847	33881	176	144	0	0	*	2
848	33921	177	145	0	0	*	2
849	33961	179	146	0	0	*	2
850	34001	181	147	0	0	*	2
851	34041	182	148	0	0	*	2
852	34081	183	149	0	0	*	2
853	34121	185	150	0	0	*	2
854	34161	186	152	0	0	*	2
855	34201	188	153	0	0	*	2
856	34241	189	154	0	0	*	2
857	34281	191	156	0	0	*	2
858	34321	192	157	0	0	*	2
859	34361	193	158	0	0	*	2
860	34401	194	160	0	0	*	2
861	34441	195	161	0	0	*	2
862	34481	196	162	0	0	*	2
863	34521	197	164	0	0	*	2
864	34561	198	165	0	0	*	2
865	34601	199	166	0	0	*	2
866	34641	200	168	0	0	*	2
867	34681	200	170	0	0	*	2
868	34721	201	171	0	0	*	2
869	34761	202	172	0	0	*	2
870	34801	203	174	0	0	*	2
871	34841	203	175	0	0	*	2
872	34881	204	177	0	0	*	2
873	34921	204	178	0	0	*	2
874	34961	205	180	0	0	*	2
875	35001	206	181	0	0	*	2
876	35041	207	183	0	0	*	2
877	35081	207	184	0	0	*	2
878	35121	208	185	0	0	*	2
879	35161	209	185	0	0	*	2
880	35201	209	186	0	0	*	2
881	35241	209	186	0	0	*	2
882	35281	209	187	0	0	*	2
883	35321	210	187	0	0	*	2
884	35361	211	187	0	0	*	2
885	35401	211	188	0	0	*	2
886	35441	211	188	0	0	*	2
887	35481	211	189	0	0	*	2
888	35521	212	189	0	0	*	2
889	35561	213	189	0	0	*	2
890	35601	213	190	0	0	*	2
891	35641	213	189	0	0	*	2
892	35681	214	189	0	0	*	2
893	35721	214	188	0	0	*	2
894	35761	214	188	0	0	*	2
895	35801	214	188	0	0	*	2
896	35841	214	187	0	0	*	2
897	35881	215	186	0	0	*	2
898	35921	214	186	0	0	*	2
899	35961	214	185	0	0	*	2
900	36001	214	185	0	0	*	2
901	36041	214	185	0	0	*	2
902	36081	213	184	0	0	*	2
903	36121	213	183	0	0	*	2
904	36161	213	182	0	0	*	2
905	36201	212	182	0	0	*	2
906	36241	212	181	0	0	*	2
907	36281	211	180	0	0	*	2
908	36321	210	179	0	0	*	2
909	36361	209	179	0	0	*	2
910	36401	208	178	0	0	*	2
911	36441	208	177	0	0	*	2
912	36481	207	176	0	0	*	2
913	36521	206	175	0	0	*	2
914	36561	206	175	0	0	*	2
915	36601	205	174	0	0	*	2
916	36641	204	173	0	0	*	2
917	36681	203	172	0	0	*	2
918	36721	201	171	0	0	*	2
919	36761	201	170	0	0	*	2
920	36801	199	170	0	0	*	2
921	36841	198	169	0	0	*	2
922	36881	197	168	0	0	*	2
923	36921	196	167	0	0	*	2
924	36961	194	166	0	0	*	2
925	37001	194	166	0	0	*	2
926	37041	192	165	0	0	*	2
927	37081	191	164	0	0	*	2
928	37121	190	163	0	0	*	2
929	37161	189	163	0	0	*	2
930	37201	187	162	0	0	*	2
931	37241	186	162	0	0	*	2
932	37281	185	161	0	0	*	2
933	37321	183	161	0	0	*	2
934	37361	182	160	0	0	*	2
935	37401	181	159	0	0	*	2
936	37441	179	159	0	0	*	2
937	37481	178	158	0	0	*	2
938	37521	176	158	0	0	*	2
939	37561	174	158	0	0	*	2
940	37601	172	157	0	0	*	2
941	37641	171	157	0	0	*	2
942	37681	170	156	0	0	*	2
943	37721	168	156	0	0	*	2
944	37761	166	156	0	0	*	2
945	37801	165	155	0	0	*	2
946	37841	163	155	0	0	*	2
947	37881	161	155	0	0	*	2
948	37921	159	154	0	0	*	2
949	37961	158	154	0	0	*	2
950	38001	156	154	0	0	*	2
951	38041	155	154	0	0	*	2
952	38081	153	154	0	0	*	2
953	38121	151	154	0	0	*	2
954	38161	149	153	0	0	*	2
955	38201	148	153	0	0	*	2
956	38241	146	153	0	0	*	2
957	38281	144	153	0	0	*	2
958	38321	143	153	0	0	*	2
959	38361	141	153	0	0	*	2
960	38401	139	153	0	0	*	2
961	38441	137	153	0	0	*	2
962	38481	135	153	0	0	*	2
963	38521	134	153	0	0	*	2
964	38561	133	153	0	0	*	2
965	38601	131	152	0	0	*	2
966	38641	129	152	0	0	*	2
967	38681	127	152	0	0	*	2
968	38721	125	152	0	0	*	2
969	38761	122	152	0	0	*	2
970	38801	121	152	0	0	*	2
971	38841	120	152	0	0	*	2
972	38881	118	151	0	0	*	2
973	38921	116	151	0	0	*	2
974	38961	114	151	0	0	*	2
975	39001	111	151	0	0	*	2
976	39041	109	150	0	0	*	2
977	39081	108	150	0	0	*	2
978	39121	106	150	0	0	*	2
979	39161	104	150	0	0	*	2
980	39201	102	149	0	0	*	2
981	39241	100	149	0	0	*	2
982	39281	98	149	0	0	*	2
983	39321	96	149	0	0	*	2
984	39361	94	148	0	0	*	2
985	39401	93	148	0	0	*	2
986	39441	90	148	0	0	*	2
987	39481	88	147	0	0	*	2
988	39521	87	147	0	0	*	2
989	39561	85	147	0	0	*	2
990	39601	84	146	0	0	*	2
991	39641	82	146	0	0	*	2
992	39681	80	146	0	0	*	2
993	39721	78	145	0	0	*	2
994	39761	76	145	0	0	*	2
995	39801	74	145	0	0	*	2
996	39841	73	144	0	0	*	2
997	39881	71	144	0	0	*	2
998	39921	69	144	0	0	*	2
999	39961	67	143	0	0	*	2
1000	40001	65	143	0	0	*	2
1001	40041	64	143	0	0	*	2
1002	40081	62	142	0	0	*	2
1003	40121	61	142	0	0	*	2
1004	40161	60	141	0	0	*	2
1005	40201	58	141	0	0	*	2
1006	40241	56	140	0	0	*	2
1007	40281	54	140	0	0	*	2
1008	40321	53	139	0	0	*	2
1009	40361	51	139	0	0	*	2
1010	40401	50	138	0	0	*	2
1011	40441	48	138	0	0	*	2
1012	40481	47	137	0	0	*	2
1013	40521	45	136	0	0	*	2
1014	40561	44	135	0	0	*	2
1015	40601	42	134	0	0	*	2
1016	40641	41	133	0	0	*	2
1017	40681	40	133	0	0	*	2
1018	40721	38	131	0	0	*	2
1019	40761	37	131	0	0	*	2
1020	40801	36	130	0	0	*	2
1021	40841	35	128	0	0	*	2
1022	40881	34	127	0	0	*	2
1023	40921	32	126	0	0	*	2
1024	40961	31	124	0	0	*	2
1025	41001	30	123	0	0	*	2
1026	41041	29	122	0	0	*	2
1027	41081	28	121	0	0	*	2
1028	41121	27	119	0	0	*	2
1029	41161	26	118	0	0	*	2
1030	41201	25	117	0	0	*	2
1031	41241	25	116	0	0	*	2
1032	41281	24	115	0	0	*	2
1033	41321	24	114	0	0	*	2
1034	41361	24	113	0	0	*	2
1035	41401	24	111	0	0	*	2
1036	41441	23	110	0	0	*	2
1037	41481	23	109	0	0	*	2
1038	41521	22	108	0	0	*	2
1039	41561	22	107	0	0	*	2
1040	41601	22	105	0	0	*	2
1041	41641	22	104	0	0	*	2
1042	41681	22	102	0	0	*	2
1043	41721	22	100	0	0	*	2
1044	41761	22	99	0	0	*	2
1045	41801	22	97	0	0	*	2
1046	41841	23	96	0	0	*	2
1047	41881	23	94	0	0	*	2
1048	41921	24	93	0	0	*	2
1049	41961	24	92	0	0	*	2
1050	42001	24	91	0	0	*	2
1051	42041	24	90	0	0	*	2
1052	42081	26	88	0	0	*	2
1053	42121	26	86	0	0	*	2
1054	42161	27	85	0	0	*	2
1055	42201	28	83	0	0	*	2
1056	42241	29	82	0	0	*	2
1057	42281	30	81	0	0	*	2
1058	42321	32	79	0	0	*	2
1059	42361	32	78	0	0	*	2
1060	42401	34	76	0	0	*	2
1061	42441	35	75	0	0	*	2
1062	42481	36	74	0	0	*	2
1063	42521	37	73	0	0	*	2
1064	42561	38	72	0	0	*	2
1065	42601	40	70	0	0	*	2
1066	42641	41	69	0	0	*	2
1067	42681	42	68	0	0	*	2
1068	42721	43	68	0	0	*	2
1069	42761	45	67	0	0	*	2
1070	42801	46	66	0	0	*	2
1071	42841	47	65	0	0	*	2
1072	42881	48	64	0	0	*	2
1073	42921	49	63	0	0	*	2
1074	42961	49	62	0	0	*	2
1075	43001	51	62	0	0	*	2
1076	43041	52	62	0	0	*	2
1077	43081	54	62	0	0	*	2
1078	43121	55	62	0	0	*	2
1079	43161	55	63	0	0	*	2
1080	43201	57	63	0	1	*	2
1081	43241	58	63	0	1	*	2
1082	43281	59	64	0	1	*	2
1083	43321	60	64	0	1	*	2
1084	43361	61	64	0	1	*	2
1085	43401	61	65	0	1	*	2
1086	43441	62	65	0	1	*	2
1087	43481	64	66	0	1	*	2
1088	43521	65	65	0	1	*	2
1089	43561	66	66	0	1	*	2
1090	43601	67	66	0	1	*	2
1091	43641	68	66	0	1	*	2
1092	43681	69	65	0	1	*	2
1093	43721	70	65	0	1	*	2
1094	43761	70	65	0	1	*	2
1095	43801	69	64	0	1	*	2
1096	43841	69	64	0	1	*	2
1097	43881	68	64	0	1	*	2
1098	43921	68	64	0	1	*	2
1099	43961	67	64	0	1	*	2
1100	44001	66	64	0	1	*	2
1101	44041	65	64	0	1	*	2
1102	44081	65	64	0	1	*	2
1103	44121	64	65	0	1	*	2
1104	44161	63	66	0	1	*	2
1105	44201	62	67	0	1	*	2
1106	44241	62	68	0	1	*	2
1107	44281	61	70	0	1	*	2
1108	44321	61	71	0	1	*	2
1109	44361	60	73	0	0	*	2
1110	44401	60	74	0	0	*	2
1111	44441	60	76	0	0	*	2
1112	44481	59	76	0	0	*	2
1113	44521	58	77	0	0	*	2
1114	44561	58	77	0	0	*	2
1115	44601	58	78	0	0	*	2
1116	44641	55	76	0	0	*	2
1117	44681	56	77	0	0	*	2
1118	44721	63	86	0	0	*	2
1119	44761	63	88	0	0	*	2
1120	44801	64	89	0	0	*	2
1121	44841	64	91	0	0	*	2
1122	44881	64	92	0	0	*	2
1123	44921	65	93	0	0	*	2
1124	44961	65	93	0	0	*	2
1125	45001	65	94	0	0	*	2
1126	45041	66	96	0	0	*	2
1127	45081	67	97	0	0	*	2
1128	45121	67	98	0	0	*	2
1129	45161	68	100	0	0	*	2
1130	45201	68	101	0	0	*	2
1131	45241	69	102	0	0	*	2
1132	45281	69	103	0	0	*	2
1133	45321	70	104	0	0	*	2
1134	45361	71	105	0	0	*	2
1135	45401	72	107	0	0	*	2
1136	45441	72	109	0	0	*	2
1137	45481	73	110	0	0	*	2
1138	45521	74	111	0	0	*	2
1139	45561	75	113	0	0	*	2
1140	45601	75	114	0	0	*	2
1141	45641	76	116	0	0	*	2
1142	45681	78	117	0	0	*	2
1143	45721	79	118	0	0	*	2
1144	45761	80	119	0	0	*	2
1145	45801	81	121	0	0	*	2
1146	45841	82	122	0	0	*	2
1147	45881	84	124	0	0	*	2
1148	45921	85	125	0	0	*	2
1149	45961	86	127	0	0	*	2
1150	46001	88	128	0	0	*	2
1151	46041	89	130	0	0	*	2
1152	46081	90	131	0	0	*	2
1153	46121	93	133	0	0	*	2
1154	46161	94	134	0	0	*	2
1155	46201	95	135	0	0	*	2
1156	46241	97	137	0	0	*	2
1157	46281	98	138	0	0	*	2
1158	46321	99	139	0	0	*	2
1159	46361	101	140	0	0	*	2
1160	46401	103	142	0	0	*	2
1161	46441	104	143	0	0	*	2
1162	46481	106	144	0	0	*	2
1163	46521	107	146	0	0	*	2
1164	46561	109	147	0	0	*	2
1165	46601	110	149	0	0	*	2
1166	46641	112	150	0	0	*	2
1167	46681	113	151	0	0	*	2
1168	46721	115	152	0	0	*	2
1169	46761	116	154	0	0	*	2
1170	46801	118	155	0	0	*	2
1171	46841	120	156	0	0	*	2
1172	46881	121	158	0	0	*	2
1173	46921	123	159	0	0	*	2
1174	46961	125	160	0	0	*	2
1175	47001	127	162	0	0	*	2
1176	47041	128	162	0	0	*	2
1177	47081	130	163	0	0	*	2
1178	47121	132	164	0	0	*	2
1179	47161	133	165	0	0	*	2
1180	47201	134	166	0	0	*	2
1181	47241	136	167	0	0	*	2
1182	47281	138	168	0	0	*	2
1183	47321	140	169	0	0	*	2
1184	47361	141	170	0	0	*	2
1185	47401	143	171	0	0	*	2
1186	47441	145	171	0	0	*	2
1187	47481	146	172	0	0	*	2
1188	47521	148	173	0	0	*	2
1189	47561	149	173	0	0	*	2
1190	47601	151	174	0	0	*	2
1191	47641	152	175	0	0	*	2
1192	47681	154	176	0	0	*	2
1193	47721	156	177	0	0	*	2
1194	47761	158	177	0	0	*	2
1195	47801	159	178	0	0	*	2
1196	47841	161	179	0	0	*	2
1197	47881	163	179	0	0	*	2
1198	47921	165	180	0	0	*	2
1199	47961	167	181	0	0	*	2
1200	48001	168	182	0	0	*	2
1201	48041	170	182	0	0	*	2
1202	48081	171	183	0	0	*	2
1203	48121	173	183	0	0	*	2
1204	48161	175	184	0	0	*	2
1205	48201	176	184	0	0	*	2
1206	48241	178	185	0	0	*	2
1207	48281	180	185	0	0	*	2
1208	48321	181	186	0	0	*	2
1209	48361	183	187	0	0	*	2
1210	48401	184	187	0	0	*	2
1211	48441	186	188	0	0	*	2
1212	48481	187	188	0	0	*	2
1213	48521	189	189	0	0	*	2
1214	48561	190	190	0	0	*	2
1215	48601	192	190	0	0	*	2
1216	48641	193	191	0	0	*	2
1217	48681	194	191	0	0	*	2
1218	48721	196	192	0	0	*	2
1219	48761	197	193	0	0	*	2
1220	48801	199	193	0	0	*	2
1221	48841	200	194	0	0	*	2
1222	48881	201	194	0	0	*	2
1223	48921	203	194	0	0	*	2
1224	48961	204	194	0	0	*	2
1225	49001	205	195	0	0	*	2
1226	49041	206	195	0	0	*	2
1227	49081	206	195	0	0	*	2
1228	49121	207	195	0	0	*	2
1229	49161	209	195	0	0	*	2
1230	49201	210	194	0	0	*	2
1231	49241	210	194	0	0	*	2
1232	49281	211	194	0	0	*	2
1233	49321	211	194	0	0	*	2
1234	49361	212	193	0	0	*	2
1235	49401	212	193	0	0	*	2
1236	49441	213	192	0	0	*	2
1237	49481	213	193	0	0	*	2
1238	49521	213	192	0	0	*	2
1239	49561	214	192	0	0	*	2
1240	49601	214	192	0	0	*	2
1241	49641	214	192	0	0	*	2
1242	49681	214	191	0	0	*	2
1243	49721	214	191	0	0	*	2
1244	49761	214	191	0	0	*	2
1245	49801	213	190	0	0	*	2
1246	49841	212	189	0	0	*	2
1247	49881	212	189	0	0	*	2
1248	49921	212	189	0	0	*	2
1249	49961	212	188	0	0	*	2
1250	50001	210	187	0	0	*	2
1251	50041	209	187	0	0	*	2
1252	50081	208	187	0	0	*	2
1253	50121	207	186	0	0	*	2
1254	50161	206	186	0	0	*	2
1255	50201	206	185	0	0	*	2
1256	50241	204	185	0	0	*	2
1257	50281	203	185	0	0	*	2
1258	50321	202	185	0	0	*	2
1259	50361	201	185	0	0	*	2
1260	50401	200	185	0	0	*	2
1261	50441	199	185	0	0	*	2
1262	50481	197	185	0	0	*	2
1263	50521	196	185	0	0	*	2
1264	50561	194	185	0	0	*	2
1265	50601	193	185	0	0	*	2
1266	50641	192	185	0	0	*	2
1267	50681	191	185	0	0	*	2
1268	50721	189	185	0	0	*	2
1269	50761	188	185	0	0	*	2
1270	50801	186	185	0	0	*	2
1271	50841	185	184	0	0	*	2
1272	50881	183	184	0	0	*	2
1273	50921	182	184	0	0	*	2
1274	50961	181	184	0	0	*	2
1275	51001	179	184	0	0	*	2
1276	51041	177	184	0	0	*	2
1277	51081	176	184	0	0	*	2
1278	51121	175	184	0	0	*	2
1279	51161	173	184	0	0	*	2
1280	51201	171	184	0	0	*	2
1281	51241	170	184	0	0	*	2
1282	51281	169	184	0	0	*	2
1283	51321	167	184	0	0	*	2
1284	51361	165	184	0	0	*	2
1285	51401	163	184	0	0	*	2
1286	51441	162	184	0	0	*	2
1287	51481	160	184	0	0	*	2
1288	51521	159	184	0	0	*	2
1289	51561	157	184	0	0	*	2
1290	51601	155	184	0	0	*	2
1291	51641	154	184	0	0	*	2
1292	51681	152	185	0	0	*	2
1293	51721	150	185	0	0	*	2
1294	51761	149	185	0	0	*	2
1295	51801	147	185	0	0	*	2
1296	51841	146	185	0	0	*	2
1297	51881	144	185	0	0	*	2
1298	51921	142	186	0	0	*	2
1299	51961	140	186	0	0	*	2
1300	52001	139	186	0	0	*	2
1301	52041	137	186	0	0	*	2
1302	52081	135	186	0	0	*	2
1303	52121	134	186	0	0	*	2
1304	52161	133	187	0	0	*	2
1305	52201	131	187	0	0	*	2
1306	52241	129	187	0	0	*	2
1307	52281	128	187	0	0	*	2
1308	52321	126	187	0	0	*	2
1309	52361	124	187	0	0	*	2
1310	52401	122	188	0	0	*	2
1311	52441	121	188	0	0	*	2
1312	52481	120	188	0	0	*	2
1313	52521	118	188	0	0	*	2
1314	52561	116	187	0	0	*	2
1315	52601	115	187	0	0	*	2
1316	52641	113	187	0	0	*	2
1317	52681	111	187	0	0	*	2
1318	52721	109	187	0	0	*	2
1319	52761	108	187	0	0	*	2
1320	52801	106	186	0	0	*	2
1321	52841	105	186	0	0	*	2
1322	52881	102	186	0	0	*	2
1323	52921	100	185	0	0	*	2
1324	52961	99	185	0	0	*	2
1325	53001	98	185	0	0	*	2
1326	53041	96	184	0	0	*	2
1327	53081	95	184	0	0	*	2
1328	53121	93	183	0	0	*	2
1329	53161	91	182	0	0	*	2
1330	53201	89	182	0	0	*	2
1331	53241	88	181	0	0	*	2
1332	53281	86	180	0	0	*	2
1333	53321	85	179	0	0	*	2
1334	53361	83	178	0	0	*	2
1335	53401	81	177	0	0	*	2
1336	53441	80	177	0	0	*	2
1337	53481	79	176	0	0	*	2
1338	53521	77	174	0	0	*	2
1339	53561	75	173	0	0	*	2
1340	53601	74	172	0	0	*	2
1341	53641	72	171	0	0	*	2
1342	53681	71	170	0	0	*	2
1343	53721	70	168	0	0	*	2
1344	53761	68	167	0	0	*	2
1345	53801	67	166	0	0	*	2
1346	53841	65	165	0	0	*	2
1347	53881	64	163	0	0	*	2
1348	53921	62	162	0	0	*	2
1349	53961	61	161	0	0	*	2
1350	54001	60	160	0	0	*	2
1351	54041	59	158	0	0	*	2
1352	54081	57	157	0	0	*	2
1353	54121	56	156	0	0	*	2
1354	54161	55	154	0	0	*	2
1355	54201	54	153	0	0	*	2
1356	54241	52	151	0	0	*	2
1357	54281	51	150	0	0	*	2
1358	54321	50	149	0	0	*	2
1359	54361	49	147	0	0	*	2
1360	54401	49	146	0	0	*	2
1361	54441	48	144	0	0	*	2
1362	54481	47	143	0	0	*	2
1363	54521	46	141	0	0	*	2
1364	54561	45	139	0	0	*	2
1365	54601	44	138	0	0	*	2
1366	54641	43	136	0	0	*	2
1367	54681	42	135	0	0	*	2
1368	54721	41	133	0	0	*	2
1369	54761	41	131	0	0	*	2
1370	54801	40	129	0	0	*	2
1371	54841	39	127	0	0	*	2
1372	54881	39	126	0	0	*	2
1373	54921	38	124	0	0	*	2
1374	54961	38	122	0	0	*	2
1375	55001	37	120	0	0	*	2
1376	55041	37	118	0	0	*	2
1377	55081	36	116	0	0	*	2
1378	55121	36	115	0	0	*	2
1379	55161	36	113	0	0	*	2
1380	55201	36	111	0	0	*	2
1381	55241	36	109	0	0	*	2
1382	55281	36	108	0	0	*	2
1383	55321	36	106	0	0	*	2
1384	55361	36	104	0	0	*	2
1385	55401	36	103	0	0	*	2
1386	55441	36	100	0	0	*	2
1387	55481	36	99	0	0	*	2
1388	55521	36	97	0	0	*	2
1389	55561	36	95	0	0	*	2
1390	55601	36	93	0	0	*	2
1391	55641	37	92	0	0	*	2
1392	55681	37	90	0	0	*	2
1393	55721	37	88	0	0	*	2
1394	55761	37	86	0	0	*	2
1395	55801	38	84	0	0	*	2
1396	55841	38	83	0	0	*	2
1397	55881	39	81	0	0	*	2
1398	55921	39	79	0	0	*	2
1399	55961	40	77	0	0	*	2
1400	56001	40	76	0	0	*	2
1401	56041	41	74	0	0	*	2
1402	56081	42	72	0	0	*	2
1403	56121	43	71	0	0	*	2
1404	56161	43	70	0	0	*	2
1405	56201	44	68	0	0	*	2
1406	56241	45	66	0	0	*	2
1407	56281	46	65	0	0	*	2
1408	56321	47	64	0	0	*	2
1409	56361	48	62	0	0	*	2
1410	56401	49	61	0	0	*	2
1411	56441	50	60	0	0	*	2
1412	56481	51	59	0	0	*	2
1413	56521	52	58	0	0	*	2
1414	56561	52	57	0	0	*	2
1415	56601	53	56	0	0	*	2
1416	56641	54	54	0	0	*	2
1417	56681	56	53	0	0	*	2
1418	56721	56	52	0	0	*	2
1419	56761	58	52	0	0	*	2
1420	56801	58	52	0	0	*	2
1421	56841	58	53	0	0	*	2
1422	56881	59	54	0	0	*	2
1423	56921	60	56	0	0	*	2
1424	56961	60	56	0	0	*	2
1425	57001	60	57	0	0	*	2
1426	57041	60	57	0	0	*	2
1427	57081	60	58	0	1	*	2
1428	57121	61	59	0	1	*	2
1429	57161	61	60	0	1	*	2
1430	57201	62	61	0	1	*	2
1431	57241	62	61	0	1	*	2
1432	57281	63	62	0	1	*	2
1433	57321	64	62	0	1	*	2
1434	57361	66	63	0	1	*	2
1435	57401	67	64	0	1	*	2
1436	57441	69	65	0	1	*	2
1437	57481	70	65	0	1	*	2
1438	57521	70	65	0	1	*	2
1439	57561	71	65	0	1	*	2
1440	57601	71	65	0	1	*	2
1441	57641	71	65	0	1	*	2
1442	57681	73	65	0	1	*	2
1443	57721	73	65	0	1	*	2
1444	57761	73	65	0	1	*	2
1445	57801	73	65	0	1	*	2
1446	57841	73	65	0	1	*	2
1447	57881	73	65	0	0	*	2
1448	57921	74	65	0	0	*	2
1449	57961	74	65	0	0	*	2
1450	58001	75	66	0	0	*	2
1451	58041	77	66	0	0	*	2
1452	58081	79	67	0	0	*	2
1453	58121	82	69	0	0	*	2
1454	58161	84	70	0	0	*	2
1455	58201	86	72	0	0	*	2
1456	58241	88	74	0	0	*	2
1457	58281	89	77	0	0	*	2
1458	58321	91	79	0	0	*	2
1459	58361	92	80	0	0	*	2
1460	58401	93	82	0	0	*	2
1461	58441	94	83	0	0	*	2
1462	58481	94	84	0	0	*	2
1463	58521	95	86	0	0	*	2
1464	58561	96	87	0	0	*	2
1465	58601	97	88	0	0	*	2
1466	58641	97	89	0	0	*	2
1467	58681	98	90	0	0	*	2
1468	58721	99	92	0	0	*	2
1469	58761	100	93	0	0	*	2
1470	58801	101	94	0	0	*	2
1471	58841	102	95	0	0	*	2
1472	58881	103	97	0	0	*	2
1473	58921	104	98	0	0	*	2
1474	58961	106	100	0	0	*	2
1475	59001	107	101	0	0	*	2
1476	59041	108	103	0	0	*	2
1477	59081	109	104	0	0	*	2
1478	59121	110	106	0	0	*	2
1479	59161	111	107	0	0	*	2
1480	59201	112	108	0	0	*	2
1481	59241	114	110	0	0	*	2
1482	59281	115	111	0	0	*	2
1483	59321	116	112	0	0	*	2
1484	59361	118	114	0	0	*	2
1485	59401	119	115	0	0	*	2
1486	59441	120	116	0	0	*	2
1487	59481	121	117	0	0	*	2
1488	59521	122	118	0	0	*	2
1489	59561	124	119	0	0	*	2
1490	59601	126	121	0	0	*	2
1491	59641	127	122	0	0	*	2
1492	59681	128	123	0	0	*	2
1493	59721	130	124	0	0	*	2
1494	59761	132	126	0	0	*	2
1495	59801	133	127	0	0	*	2
1496	59841	135	128	0	0	*	2
1497	59881	136	129	0	0	*	2
1498	59921	138	131	0	0	*	2
1499	59961	139	132	0	0	*	2
1500	60001	141	133	0	0	*	2
1501	60041	143	134	0	0	*	2
1502	60081	144	136	0	0	*	2
1503	60121	146	137	0	0	*	2
1504	60161	147	138	0	0	*	2
1505	60201	148	139	0	0	*	2
1506	60241	150	140	0	0	*	2
1507	60281	152	141	0	0	*	2
1508	60321	153	143	0	0	*	2
1509	60361	155	144	0	0	*	2
1510	60401	157	145	0	0	*	2
