%%BEGIN_HEADER
	%%BEGIN DATABASE_INFORMATION
		%Date.0 ( 16.10.2019 )
		%Time.0 ( 12:45 )
	%%END DATABASE_INFORMATION
	%%BEGIN SETUP_INFORMATION
		%TrackerVersion.0 ( Tracker version 2.38 release 12.8.2012 )
		%ElapsedTime_ms.0 ( 60802 )
		%Paradigm.0 ( PlacePreference )
		%FeederParameters.0 ( 1500 0 )
			// %FeederParameters.0 ( ENTRANCE_LATENCY EXIT_LATENCY )
		%ElapsedPath_m.0 ( 0.00 )
		%ArenaDiameter_m.0 ( 1.80 )
		%TrackerResolution_PixPerCM.0 ( 1.4222 )
		%ArenaCenterXY.0 ( 127.5 127.5 )
		%Frame.0 ( RoomFrame )
		%ReinforcedSector.0 ( 64.3907 190.6093 7 )
			//%ReinforcedSector.0 ( CENTER_X CENTER_Y RADIUS )
		%RoomTrackReinforcedSector.0 ( 64.3907 190.6093 7 )
			//%RoomTrackReinforcedSector.0 ( CENTER_X CENTER_Y RADIUS )
	%%END SETUP_INFORMATION
	%%BEGIN RECORD_FORMAT
		%Sample.0 ( FrameCount 1msTimeStamp RoomX RoomY Sectors State Flags FrameInfo )
			//Sectors indicate if the object is in a target. Number is binary coded. Sectors = 0: no target, Sectors = 1: room target, Sectors: = 2 arena target, Sectors: = 3 room and arena target
			////State indicates the Watermaze State: OutsideTarget = 0, EntranceLatency = 1, InsideTarget = 3, OutsideRefractory = 4, BadSpot = 5
			//FrameInfo indicates succesfuly tracked spots: ReferencePoint * 2^0 + Spot0 * 2^(1+0) + Spot1 * 2^(1+1) + Spot2 * 2^(1+2) .... 
	%%END RECORD_FORMAT
%%END_HEADER
1	42	205	202	0	0	*	2
2	82	205	200	0	0	*	2
3	122	204	200	0	0	*	2
4	162	204	198	0	0	*	2
5	202	203	196	0	0	*	2
6	242	203	194	0	0	*	2
7	282	203	192	0	0	*	2
8	322	202	190	0	0	*	2
9	362	202	187	0	0	*	2
10	402	201	185	0	0	*	2
11	442	201	183	0	0	*	2
12	482	201	181	0	0	*	2
13	522	200	178	0	0	*	2
14	562	199	175	0	0	*	2
15	602	198	172	0	0	*	2
16	642	196	169	0	0	*	2
17	682	195	166	0	0	*	2
18	722	194	164	0	0	*	2
19	762	192	162	0	0	*	2
20	802	190	160	0	0	*	2
21	842	189	158	0	0	*	2
22	882	188	155	0	0	*	2
23	922	186	153	0	0	*	2
24	962	184	150	0	0	*	2
25	1002	182	148	0	0	*	2
26	1042	180	145	0	0	*	2
27	1082	179	142	0	0	*	2
28	1122	176	140	0	0	*	2
29	1162	174	137	0	0	*	2
30	1202	172	135	0	0	*	2
31	1242	170	133	0	0	*	2
32	1282	169	131	0	0	*	2
33	1322	167	128	0	0	*	2
34	1362	164	125	0	0	*	2
35	1402	162	123	0	0	*	2
36	1442	160	121	0	0	*	2
37	1482	155	115	0	0	*	2
38	1522	153	113	0	0	*	2
39	1562	154	115	0	0	*	2
40	1602	152	113	0	0	*	2
41	1642	150	111	0	0	*	2
42	1682	144	104	0	0	*	2
43	1722	146	106	0	0	*	2
44	1762	143	104	0	0	*	2
45	1802	140	101	0	0	*	2
46	1842	138	99	0	0	*	2
47	1882	136	98	0	0	*	2
48	1922	134	95	0	0	*	2
49	1962	132	93	0	0	*	2
50	2002	130	92	0	0	*	2
51	2042	128	91	0	0	*	2
52	2082	121	85	0	0	*	2
53	2122	119	83	0	0	*	2
54	2162	117	81	0	0	*	2
55	2202	114	79	0	0	*	2
56	2242	112	78	0	0	*	2
57	2282	110	76	0	0	*	2
58	2322	108	74	0	0	*	2
59	2362	106	72	0	0	*	2
60	2402	103	70	0	0	*	2
61	2442	101	69	0	0	*	2
62	2482	98	68	0	0	*	2
63	2522	96	66	0	0	*	2
64	2562	94	64	0	0	*	2
65	2602	91	62	0	0	*	2
66	2642	89	61	0	0	*	2
67	2682	87	59	0	0	*	2
68	2722	85	58	0	0	*	2
69	2762	85	58	0	0	*	2
70	2802	80	54	0	0	*	2
71	2842	78	52	0	0	*	2
72	2882	75	50	0	0	*	2
73	2922	77	52	0	0	*	2
74	2962	74	50	0	0	*	2
75	3002	72	48	0	0	*	2
76	3042	71	47	0	0	*	2
77	3082	69	46	0	0	*	2
78	3122	66	44	0	0	*	2
79	3162	64	42	0	0	*	2
80	3202	61	40	0	0	*	2
81	3242	59	38	0	0	*	2
82	3282	57	37	0	0	*	2
83	3322	56	36	0	0	*	2
84	3362	54	35	0	0	*	2
85	3402	53	34	0	0	*	2
86	3442	52	33	0	0	*	2
87	3482	50	33	0	0	*	2
88	3522	48	33	0	0	*	2
89	3562	47	34	0	0	*	2
90	3602	47	34	0	0	*	2
91	3642	47	35	0	0	*	2
92	3682	46	35	0	0	*	2
93	3722	46	36	0	0	*	2
94	3762	46	38	0	0	*	2
95	3802	45	39	0	0	*	2
96	3842	45	40	0	0	*	2
97	3882	44	41	0	0	*	2
98	3922	44	42	0	0	*	2
99	3962	43	43	0	0	*	2
100	4002	41	46	0	0	*	2
101	4042	40	47	0	0	*	2
102	4082	40	48	0	0	*	2
103	4122	39	49	0	0	*	2
104	4162	39	50	0	0	*	2
105	4202	38	52	0	0	*	2
106	4242	37	54	0	0	*	2
107	4282	36	55	0	0	*	2
108	4322	36	58	0	0	*	2
109	4362	35	60	0	0	*	2
110	4402	34	62	0	0	*	2
111	4442	33	65	0	0	*	2
112	4482	32	67	0	0	*	2
113	4522	32	69	0	0	*	2
114	4562	31	71	0	0	*	2
115	4602	30	74	0	0	*	2
116	4642	30	76	0	0	*	2
117	4682	29	79	0	0	*	2
118	4722	29	82	0	0	*	2
119	4762	28	85	0	0	*	2
120	4802	27	87	0	0	*	2
121	4842	27	90	0	0	*	2
122	4882	27	93	0	0	*	2
123	4922	27	95	0	0	*	2
124	4962	26	98	0	0	*	2
125	5002	26	101	0	0	*	2
126	5042	26	103	0	0	*	2
127	5082	26	106	0	0	*	2
128	5122	25	109	0	0	*	2
129	5162	25	112	0	0	*	2
130	5202	25	114	0	0	*	2
131	5242	24	116	0	0	*	2
132	5282	24	119	0	0	*	2
133	5322	24	122	0	0	*	2
134	5362	24	125	0	0	*	2
135	5402	23	127	0	0	*	2
136	5442	23	130	0	0	*	2
137	5482	22	133	0	0	*	2
138	5522	22	135	0	0	*	2
139	5562	21	138	0	0	*	2
140	5602	21	141	0	0	*	2
141	5642	20	143	0	0	*	2
142	5682	20	146	0	0	*	2
143	5722	20	149	0	0	*	2
144	5762	19	151	0	0	*	2
145	5802	19	154	0	0	*	2
146	5842	19	157	0	0	*	2
147	5882	18	159	0	0	*	2
148	5922	18	162	0	0	*	2
149	5962	17	165	0	0	*	2
150	6002	16	167	0	0	*	2
151	6042	17	169	0	0	*	2
152	6082	17	171	0	0	*	2
153	6122	17	172	0	0	*	2
154	6162	17	175	0	0	*	2
155	6202	18	176	0	0	*	2
156	6242	18	177	0	0	*	2
157	6282	19	179	0	0	*	2
158	6322	20	181	0	0	*	2
159	6362	20	183	0	0	*	2
160	6402	22	184	0	0	*	2
161	6442	23	186	0	0	*	2
162	6482	24	187	0	0	*	2
163	6522	24	189	0	0	*	2
164	6562	26	191	0	0	*	2
165	6602	27	193	0	0	*	2
166	6642	28	194	0	0	*	2
167	6682	30	196	0	0	*	2
168	6722	31	198	0	0	*	2
169	6762	33	199	0	0	*	2
170	6802	34	201	0	0	*	2
171	6842	36	202	0	0	*	2
172	6882	37	204	0	0	*	2
173	6922	40	205	0	0	*	2
174	6962	41	207	0	0	*	2
175	7002	43	208	0	0	*	2
176	7042	44	209	0	0	*	2
177	7082	45	211	0	0	*	2
178	7122	47	212	0	0	*	2
179	7162	49	214	0	0	*	2
180	7202	51	215	0	0	*	2
181	7242	54	217	0	0	*	2
182	7282	55	218	0	0	*	2
183	7322	57	219	0	0	*	2
184	7362	60	220	0	0	*	2
185	7402	61	221	0	0	*	2
186	7442	64	222	0	0	*	2
187	7482	66	223	0	0	*	2
188	7522	68	224	0	0	*	2
189	7562	70	225	0	0	*	2
190	7602	73	227	0	0	*	2
191	7642	74	228	0	0	*	2
192	7682	76	229	0	0	*	2
193	7722	78	230	0	0	*	2
194	7762	81	232	0	0	*	2
195	7802	83	232	0	0	*	2
196	7842	85	234	0	0	*	2
197	7882	87	235	0	0	*	2
198	7922	88	237	0	0	*	2
199	7962	90	238	0	0	*	2
200	8002	92	239	0	0	*	2
201	8042	94	240	0	0	*	2
202	8082	95	240	0	0	*	2
203	8122	97	241	0	0	*	2
204	8162	98	241	0	0	*	2
205	8202	99	241	0	0	*	2
206	8242	100	241	0	0	*	2
207	8282	102	242	0	0	*	2
208	8322	104	242	0	0	*	2
209	8362	105	243	0	0	*	2
210	8402	107	243	0	0	*	2
211	8442	109	243	0	0	*	2
212	8482	111	244	0	0	*	2
213	8522	112	244	0	0	*	2
214	8562	114	244	0	0	*	2
215	8602	116	245	0	0	*	2
216	8642	118	245	0	0	*	2
217	8682	121	245	0	0	*	2
218	8722	122	246	0	0	*	2
219	8762	124	246	0	0	*	2
220	8802	126	246	0	0	*	2
221	8842	134	247	0	0	*	2
222	8882	130	246	0	0	*	2
223	8922	132	246	0	0	*	2
224	8962	134	246	0	0	*	2
225	9002	136	246	0	0	*	2
226	9042	138	246	0	0	*	2
227	9082	141	246	0	0	*	2
228	9122	143	246	0	0	*	2
229	9162	145	245	0	0	*	2
230	9202	147	245	0	0	*	2
231	9242	149	245	0	0	*	2
232	9282	151	245	0	0	*	2
233	9322	153	244	0	0	*	2
234	9362	155	244	0	0	*	2
235	9402	156	244	0	0	*	2
236	9442	158	243	0	0	*	2
237	9482	160	243	0	0	*	2
238	9522	162	242	0	0	*	2
239	9562	164	242	0	0	*	2
240	9602	166	241	0	0	*	2
241	9642	168	241	0	0	*	2
242	9682	170	240	0	0	*	2
243	9722	171	239	0	0	*	2
244	9762	173	239	0	0	*	2
245	9802	175	238	0	0	*	2
246	9842	176	237	0	0	*	2
247	9882	178	236	0	0	*	2
248	9922	180	235	0	0	*	2
249	9962	181	234	0	0	*	2
250	10002	182	233	0	0	*	2
251	10042	184	232	0	0	*	2
252	10082	186	232	0	0	*	2
253	10122	187	230	0	0	*	2
254	10162	189	229	0	0	*	2
255	10202	191	228	0	0	*	2
256	10242	193	227	0	0	*	2
257	10282	194	226	0	0	*	2
258	10322	196	225	0	0	*	2
259	10362	198	224	0	0	*	2
260	10402	200	222	0	0	*	2
261	10442	202	221	0	0	*	2
262	10482	203	220	0	0	*	2
263	10522	205	219	0	0	*	2
264	10562	206	218	0	0	*	2
265	10602	208	217	0	0	*	2
266	10642	209	215	0	0	*	2
267	10682	211	214	0	0	*	2
268	10722	212	213	0	0	*	2
269	10762	214	212	0	0	*	2
270	10802	215	210	0	0	*	2
271	10842	217	209	0	0	*	2
272	10882	218	208	0	0	*	2
273	10922	219	206	0	0	*	2
274	10962	221	205	0	0	*	2
275	11002	222	203	0	0	*	2
276	11042	224	201	0	0	*	2
277	11082	225	200	0	0	*	2
278	11122	226	198	0	0	*	2
279	11162	227	196	0	0	*	2
280	11202	229	194	0	0	*	2
281	11242	230	193	0	0	*	2
282	11282	231	191	0	0	*	2
283	11322	232	189	0	0	*	2
284	11362	233	187	0	0	*	2
285	11402	234	186	0	0	*	2
286	11442	235	184	0	0	*	2
287	11482	236	183	0	0	*	2
288	11522	237	181	0	0	*	2
289	11562	238	179	0	0	*	2
290	11602	239	177	0	0	*	2
291	11642	239	175	0	0	*	2
292	11682	240	173	0	0	*	2
293	11722	241	171	0	0	*	2
294	11762	242	169	0	0	*	2
295	11802	243	167	0	0	*	2
296	11842	243	165	0	0	*	2
297	11882	244	163	0	0	*	2
298	11922	245	161	0	0	*	2
299	11962	245	159	0	0	*	2
300	12002	246	157	0	0	*	2
301	12042	247	155	0	0	*	2
302	12082	247	153	0	0	*	2
303	12122	248	151	0	0	*	2
304	12162	248	149	0	0	*	2
305	12202	249	146	0	0	*	2
306	12242	249	144	0	0	*	2
307	12282	249	142	0	0	*	2
308	12322	249	140	0	0	*	2
309	12362	250	138	0	0	*	2
310	12402	250	136	0	0	*	2
311	12442	250	134	0	0	*	2
312	12482	250	131	0	0	*	2
313	12522	250	129	0	0	*	2
314	12562	250	127	0	0	*	2
315	12602	250	125	0	0	*	2
316	12642	250	123	0	0	*	2
317	12682	250	120	0	0	*	2
318	12722	250	118	0	0	*	2
319	12762	250	116	0	0	*	2
320	12802	250	114	0	0	*	2
321	12842	250	113	0	0	*	2
322	12882	249	110	0	0	*	2
323	12922	249	108	0	0	*	2
324	12962	249	105	0	0	*	2
325	13002	249	103	0	0	*	2
326	13042	248	101	0	0	*	2
327	13082	248	99	0	0	*	2
328	13122	247	97	0	0	*	2
329	13162	246	95	0	0	*	2
330	13202	246	93	0	0	*	2
331	13242	245	91	0	0	*	2
332	13282	245	89	0	0	*	2
333	13322	244	87	0	0	*	2
334	13362	243	84	0	0	*	2
335	13402	243	82	0	0	*	2
336	13442	242	80	0	0	*	2
337	13482	241	78	0	0	*	2
338	13522	240	76	0	0	*	2
339	13562	239	74	0	0	*	2
340	13602	238	72	0	0	*	2
341	13642	237	70	0	0	*	2
342	13682	236	69	0	0	*	2
343	13722	235	67	0	0	*	2
344	13762	234	66	0	0	*	2
345	13802	233	64	0	0	*	2
346	13842	231	62	0	0	*	2
347	13882	230	59	0	0	*	2
348	13922	229	57	0	0	*	2
349	13962	227	55	0	0	*	2
350	14002	226	53	0	0	*	2
351	14042	225	52	0	0	*	2
352	14082	223	49	0	0	*	2
353	14122	221	47	0	0	*	2
354	14162	220	46	0	0	*	2
355	14202	219	44	0	0	*	2
356	14242	218	43	0	0	*	2
357	14282	216	41	0	0	*	2
358	14322	215	39	0	0	*	2
359	14362	213	38	0	0	*	2
360	14402	211	36	0	0	*	2
361	14442	210	35	0	0	*	2
362	14482	208	33	0	0	*	2
363	14522	206	32	0	0	*	2
364	14562	205	30	0	0	*	2
365	14602	203	29	0	0	*	2
366	14642	201	27	0	0	*	2
367	14682	200	26	0	0	*	2
368	14722	198	25	0	0	*	2
369	14762	197	24	0	0	*	2
370	14802	194	23	0	0	*	2
371	14842	193	22	0	0	*	2
372	14882	191	21	0	0	*	2
373	14922	189	19	0	0	*	2
374	14962	187	18	0	0	*	2
375	15002	185	17	0	0	*	2
376	15042	183	16	0	0	*	2
377	15082	181	15	0	0	*	2
378	15122	179	14	0	0	*	2
379	15162	176	13	0	0	*	2
380	15202	174	12	0	0	*	2
381	15242	172	11	0	0	*	2
382	15282	170	10	0	0	*	2
383	15322	167	9	0	0	*	2
384	15362	165	9	0	0	*	2
385	15402	163	8	0	0	*	2
386	15442	161	7	0	0	*	2
387	15482	159	7	0	0	*	2
388	15522	157	6	0	0	*	2
389	15562	154	6	0	0	*	2
390	15602	151	5	0	0	*	2
391	15642	149	5	0	0	*	2
392	15682	146	4	0	0	*	2
393	15722	145	4	0	0	*	2
394	15762	142	4	0	0	*	2
395	15802	140	3	0	0	*	2
396	15842	137	3	0	0	*	2
397	15882	135	3	0	0	*	2
398	15922	133	3	0	0	*	2
399	15962	131	3	0	0	*	2
400	16002	128	3	0	0	*	2
401	16042	126	3	0	0	*	2
402	16082	124	3	0	0	*	2
403	16122	121	3	0	0	*	2
404	16162	119	3	0	0	*	2
405	16202	117	3	0	0	*	2
406	16242	114	3	0	0	*	2
407	16282	112	3	0	0	*	2
408	16322	110	4	0	0	*	2
409	16362	108	4	0	0	*	2
410	16402	105	5	0	0	*	2
411	16442	103	5	0	0	*	2
412	16482	101	6	0	0	*	2
413	16522	99	6	0	0	*	2
414	16562	97	7	0	0	*	2
415	16602	94	8	0	0	*	2
416	16642	92	8	0	0	*	2
417	16682	90	9	0	0	*	2
418	16722	88	10	0	0	*	2
419	16762	86	10	0	0	*	2
420	16802	84	11	0	0	*	2
421	16842	82	12	0	0	*	2
422	16882	80	13	0	0	*	2
423	16922	78	13	0	0	*	2
424	16962	76	14	0	0	*	2
425	17002	74	15	0	0	*	2
426	17042	72	16	0	0	*	2
427	17082	70	17	0	0	*	2
428	17122	68	18	0	0	*	2
429	17162	66	19	0	0	*	2
430	17202	65	21	0	0	*	2
431	17242	63	22	0	0	*	2
432	17282	61	23	0	0	*	2
433	17322	59	24	0	0	*	2
434	17362	58	25	0	0	*	2
435	17402	56	26	0	0	*	2
436	17442	54	27	0	0	*	2
437	17482	53	28	0	0	*	2
438	17522	51	29	0	0	*	2
439	17562	49	31	0	0	*	2
440	17602	48	32	0	0	*	2
441	17642	46	33	0	0	*	2
442	17682	44	35	0	0	*	2
443	17722	43	36	0	0	*	2
444	17762	41	38	0	0	*	2
445	17802	40	39	0	0	*	2
446	17842	39	41	0	0	*	2
447	17882	37	42	0	0	*	2
448	17922	36	44	0	0	*	2
449	17962	35	45	0	0	*	2
450	18002	33	47	0	0	*	2
451	18042	32	48	0	0	*	2
452	18082	31	50	0	0	*	2
453	18122	29	51	0	0	*	2
454	18162	28	54	0	0	*	2
455	18202	27	55	0	0	*	2
456	18242	26	57	0	0	*	2
457	18282	24	59	0	0	*	2
458	18322	24	60	0	0	*	2
459	18362	22	62	0	0	*	2
460	18402	21	64	0	0	*	2
461	18442	20	66	0	0	*	2
462	18482	19	68	0	0	*	2
463	18522	18	70	0	0	*	2
464	18562	17	71	0	0	*	2
465	18602	17	73	0	0	*	2
466	18642	16	75	0	0	*	2
467	18682	15	76	0	0	*	2
468	18722	14	78	0	0	*	2
469	18762	13	80	0	0	*	2
470	18802	13	82	0	0	*	2
471	18842	12	84	0	0	*	2
472	18882	12	86	0	0	*	2
473	18922	11	88	0	0	*	2
474	18962	10	90	0	0	*	2
475	19002	10	91	0	0	*	2
476	19042	9	93	0	0	*	2
477	19082	9	94	0	0	*	2
478	19122	8	96	0	0	*	2
479	19162	8	98	0	0	*	2
480	19202	7	101	0	0	*	2
481	19242	7	102	0	0	*	2
482	19282	7	105	0	0	*	2
483	19322	6	106	0	0	*	2
484	19362	6	108	0	0	*	2
485	19402	6	111	0	0	*	2
486	19442	5	113	0	0	*	2
487	19482	5	115	0	0	*	2
488	19522	5	116	0	0	*	2
489	19562	5	118	0	0	*	2
490	19602	5	120	0	0	*	2
491	19642	4	123	0	0	*	2
492	19682	4	125	0	0	*	2
493	19722	4	127	0	0	*	2
494	19762	5	129	0	0	*	2
495	19802	5	131	0	0	*	2
496	19842	5	134	0	0	*	2
497	19882	5	136	0	0	*	2
498	19922	5	138	0	0	*	2
499	19962	5	139	0	0	*	2
500	20002	6	141	0	0	*	2
501	20042	6	143	0	0	*	2
502	20082	6	145	0	0	*	2
503	20122	7	147	0	0	*	2
504	20162	7	150	0	0	*	2
505	20202	8	151	0	0	*	2
506	20242	8	153	0	0	*	2
507	20282	9	156	0	0	*	2
508	20322	9	158	0	0	*	2
509	20362	10	160	0	0	*	2
510	20402	10	162	0	0	*	2
511	20442	11	163	0	0	*	2
512	20482	12	165	0	0	*	2
513	20522	12	167	0	0	*	2
514	20562	13	169	0	0	*	2
515	20602	14	171	0	0	*	2
516	20642	15	173	0	0	*	2
517	20682	15	175	0	0	*	2
518	20722	16	176	0	0	*	2
519	20762	17	178	0	0	*	2
520	20802	18	180	0	0	*	2
521	20842	19	182	0	0	*	2
522	20882	20	184	0	0	*	2
523	20922	21	185	0	0	*	2
524	20962	22	187	0	0	*	2
525	21002	23	189	0	0	*	2
526	21042	24	191	0	0	*	2
527	21082	25	193	0	0	*	2
528	21122	26	194	0	0	*	2
529	21162	27	196	0	0	*	2
530	21202	28	198	0	0	*	2
531	21242	30	199	0	0	*	2
532	21282	31	201	0	0	*	2
533	21322	32	203	0	0	*	2
534	21362	34	204	0	0	*	2
535	21402	35	206	0	0	*	2
536	21442	36	207	0	0	*	2
537	21482	37	208	0	0	*	2
538	21522	39	210	0	0	*	2
539	21562	41	211	0	0	*	2
540	21602	42	212	0	0	*	2
541	21642	44	214	0	0	*	2
542	21682	45	215	0	0	*	2
543	21722	47	216	0	0	*	2
544	21762	48	218	0	0	*	2
545	21802	49	219	0	0	*	2
546	21842	51	220	0	0	*	2
547	21882	52	221	0	0	*	2
548	21922	54	222	0	0	*	2
549	21962	56	224	0	0	*	2
550	22002	57	225	0	0	*	2
551	22042	59	226	0	0	*	2
552	22082	61	227	0	0	*	2
553	22122	62	228	0	0	*	2
554	22162	63	229	0	0	*	2
555	22202	65	230	0	0	*	2
556	22242	67	231	0	0	*	2
557	22282	69	232	0	0	*	2
558	22322	70	233	0	0	*	2
559	22362	72	234	0	0	*	2
560	22402	73	235	0	0	*	2
561	22442	75	235	0	0	*	2
562	22482	77	236	0	0	*	2
563	22522	79	237	0	0	*	2
564	22562	80	238	0	0	*	2
565	22602	82	238	0	0	*	2
566	22642	84	239	0	0	*	2
567	22682	85	239	0	0	*	2
568	22722	86	240	0	0	*	2
569	22762	89	241	0	0	*	2
570	22802	90	241	0	0	*	2
571	22842	92	242	0	0	*	2
572	22882	94	242	0	0	*	2
573	22922	96	243	0	0	*	2
574	22962	97	243	0	0	*	2
575	23002	100	244	0	0	*	2
576	23042	101	244	0	0	*	2
577	23082	103	244	0	0	*	2
578	23122	106	245	0	0	*	2
579	23162	108	245	0	0	*	2
580	23202	110	245	0	0	*	2
581	23242	112	246	0	0	*	2
582	23282	114	246	0	0	*	2
583	23322	116	246	0	0	*	2
584	23362	119	247	0	0	*	2
585	23402	120	247	0	0	*	2
586	23442	122	247	0	0	*	2
587	23482	125	247	0	0	*	2
588	23522	127	247	0	0	*	2
589	23562	130	248	0	0	*	2
590	23602	132	247	0	0	*	2
591	23642	134	247	0	0	*	2
592	23682	135	247	0	0	*	2
593	23722	137	247	0	0	*	2
594	23762	139	247	0	0	*	2
595	23802	142	247	0	0	*	2
596	23842	143	246	0	0	*	2
597	23882	144	246	0	0	*	2
598	23922	146	246	0	0	*	2
599	23962	147	245	0	0	*	2
600	24002	149	245	0	0	*	2
601	24042	150	245	0	0	*	2
602	24082	151	244	0	0	*	2
603	24122	153	244	0	0	*	2
604	24162	154	244	0	0	*	2
605	24202	156	243	0	0	*	2
606	24242	157	243	0	0	*	2
607	24282	158	242	0	0	*	2
608	24322	160	242	0	0	*	2
609	24362	161	241	0	0	*	2
610	24402	163	240	0	0	*	2
611	24442	164	240	0	0	*	2
612	24482	166	239	0	0	*	2
613	24522	167	239	0	0	*	2
614	24562	168	239	0	0	*	2
615	24602	170	238	0	0	*	2
616	24642	171	237	0	0	*	2
617	24682	173	237	0	0	*	2
618	24722	174	236	0	0	*	2
619	24762	176	236	0	0	*	2
620	24802	178	235	0	0	*	2
621	24842	179	234	0	0	*	2
622	24882	181	234	0	0	*	2
623	24922	183	233	0	0	*	2
624	24962	184	232	0	0	*	2
625	25002	186	232	0	0	*	2
626	25042	188	231	0	0	*	2
627	25082	190	230	0	0	*	2
628	25122	192	229	0	0	*	2
629	25162	194	228	0	0	*	2
630	25202	196	227	0	0	*	2
631	25242	197	226	0	0	*	2
632	25282	200	224	0	0	*	2
633	25322	201	223	0	0	*	2
634	25362	203	222	0	0	*	2
635	25402	205	220	0	0	*	2
636	25442	207	218	0	0	*	2
637	25482	208	217	0	0	*	2
638	25522	210	215	0	0	*	2
639	25562	212	214	0	0	*	2
640	25602	214	212	0	0	*	2
641	25642	216	210	0	0	*	2
642	25682	217	209	0	0	*	2
643	25722	219	207	0	0	*	2
644	25762	220	206	0	0	*	2
645	25802	222	204	0	0	*	2
646	25842	223	202	0	0	*	2
647	25882	225	200	0	0	*	2
648	25922	226	198	0	0	*	2
649	25962	227	196	0	0	*	2
650	26002	229	194	0	0	*	2
651	26042	230	192	0	0	*	2
652	26082	231	190	0	0	*	2
653	26122	232	188	0	0	*	2
654	26162	233	186	0	0	*	2
655	26202	234	185	0	0	*	2
656	26242	236	183	0	0	*	2
657	26282	237	180	0	0	*	2
658	26322	238	179	0	0	*	2
659	26362	239	177	0	0	*	2
660	26402	240	174	0	0	*	2
661	26442	241	172	0	0	*	2
662	26482	242	169	0	0	*	2
663	26522	243	167	0	0	*	2
664	26562	243	165	0	0	*	2
665	26602	244	163	0	0	*	2
666	26642	245	161	0	0	*	2
667	26682	245	158	0	0	*	2
668	26722	246	156	0	0	*	2
669	26762	247	154	0	0	*	2
670	26802	247	152	0	0	*	2
671	26842	248	149	0	0	*	2
672	26882	248	147	0	0	*	2
673	26922	249	145	0	0	*	2
674	26962	249	142	0	0	*	2
675	27002	249	140	0	0	*	2
676	27042	250	138	0	0	*	2
677	27082	250	135	0	0	*	2
678	27122	250	133	0	0	*	2
679	27162	250	130	0	0	*	2
680	27202	250	128	0	0	*	2
681	27242	250	125	0	0	*	2
682	27282	250	123	0	0	*	2
683	27322	250	121	0	0	*	2
684	27362	250	118	0	0	*	2
685	27402	250	116	0	0	*	2
686	27442	250	114	0	0	*	2
687	27482	250	111	0	0	*	2
688	27522	249	110	0	0	*	2
689	27562	249	107	0	0	*	2
690	27602	249	105	0	0	*	2
691	27642	248	102	0	0	*	2
692	27682	248	100	0	0	*	2
693	27722	247	98	0	0	*	2
694	27762	247	96	0	0	*	2
695	27802	246	93	0	0	*	2
696	27842	245	92	0	0	*	2
697	27882	245	89	0	0	*	2
698	27922	244	87	0	0	*	2
699	27962	243	85	0	0	*	2
700	28002	243	83	0	0	*	2
701	28042	242	80	0	0	*	2
702	28082	241	78	0	0	*	2
703	28122	240	76	0	0	*	2
704	28162	239	74	0	0	*	2
705	28202	238	71	0	0	*	2
706	28242	237	70	0	0	*	2
707	28282	235	68	0	0	*	2
708	28322	234	66	0	0	*	2
709	28362	233	64	0	0	*	2
710	28402	231	61	0	0	*	2
711	28442	230	59	0	0	*	2
712	28482	229	57	0	0	*	2
713	28522	227	55	0	0	*	2
714	28562	225	52	0	0	*	2
715	28602	224	51	0	0	*	2
716	28642	222	48	0	0	*	2
717	28682	221	46	0	0	*	2
718	28722	219	45	0	0	*	2
719	28762	218	43	0	0	*	2
720	28802	216	41	0	0	*	2
721	28842	215	39	0	0	*	2
722	28882	213	37	0	0	*	2
723	28922	211	36	0	0	*	2
724	28962	209	34	0	0	*	2
725	29002	207	33	0	0	*	2
726	29042	206	31	0	0	*	2
727	29082	204	29	0	0	*	2
728	29122	202	28	0	0	*	2
729	29162	200	27	0	0	*	2
730	29202	198	25	0	0	*	2
731	29242	196	24	0	0	*	2
732	29282	195	23	0	0	*	2
733	29322	193	22	0	0	*	2
734	29362	191	21	0	0	*	2
735	29402	189	20	0	0	*	2
736	29442	187	18	0	0	*	2
737	29482	184	17	0	0	*	2
738	29522	182	16	0	0	*	2
739	29562	181	15	0	0	*	2
740	29602	179	14	0	0	*	2
741	29642	176	13	0	0	*	2
742	29682	174	12	0	0	*	2
743	29722	172	11	0	0	*	2
744	29762	170	10	0	0	*	2
745	29802	168	10	0	0	*	2
746	29842	165	9	0	0	*	2
747	29882	163	8	0	0	*	2
748	29922	160	7	0	0	*	2
749	29962	158	7	0	0	*	2
750	30002	156	6	0	0	*	2
751	30042	154	6	0	0	*	2
752	30082	151	5	0	0	*	2
753	30122	149	5	0	0	*	2
754	30162	146	4	0	0	*	2
755	30202	144	4	0	0	*	2
756	30242	142	4	0	0	*	2
757	30282	139	3	0	0	*	2
758	30322	137	3	0	0	*	2
759	30362	134	3	0	0	*	2
760	30402	132	3	0	0	*	2
761	30442	130	3	0	0	*	2
762	30482	127	3	0	0	*	2
763	30522	125	3	0	0	*	2
764	30562	122	3	0	0	*	2
765	30602	120	3	0	0	*	2
766	30642	117	3	0	0	*	2
767	30682	115	3	0	0	*	2
768	30722	112	4	0	0	*	2
769	30762	109	4	0	0	*	2
770	30802	107	4	0	0	*	2
771	30842	105	5	0	0	*	2
772	30882	103	5	0	0	*	2
773	30922	100	6	0	0	*	2
774	30962	98	7	0	0	*	2
775	31002	95	7	0	0	*	2
776	31042	93	8	0	0	*	2
777	31082	90	9	0	0	*	2
778	31122	88	9	0	0	*	2
779	31162	86	10	0	0	*	2
780	31202	84	11	0	0	*	2
781	31242	81	12	0	0	*	2
782	31282	78	13	0	0	*	2
783	31322	76	14	0	0	*	2
784	31362	74	15	0	0	*	2
785	31402	72	16	0	0	*	2
786	31442	70	17	0	0	*	2
787	31482	67	19	0	0	*	2
788	31522	65	20	0	0	*	2
789	31562	63	21	0	0	*	2
790	31602	61	23	0	0	*	2
791	31642	59	24	0	0	*	2
792	31682	56	25	0	0	*	2
793	31722	54	27	0	0	*	2
794	31762	52	28	0	0	*	2
795	31802	50	30	0	0	*	2
796	31842	49	31	0	0	*	2
797	31882	47	33	0	0	*	2
798	31922	45	35	0	0	*	2
799	31962	42	37	0	0	*	2
800	32002	41	38	0	0	*	2
801	32042	39	40	0	0	*	2
802	32082	37	42	0	0	*	2
803	32122	36	44	0	0	*	2
804	32162	34	46	0	0	*	2
805	32202	32	47	0	0	*	2
806	32242	31	49	0	0	*	2
807	32282	29	51	0	0	*	2
808	32322	28	53	0	0	*	2
809	32362	27	55	0	0	*	2
810	32402	25	57	0	0	*	2
811	32442	24	59	0	0	*	2
812	32482	23	61	0	0	*	2
813	32522	22	63	0	0	*	2
814	32562	21	65	0	0	*	2
815	32602	20	67	0	0	*	2
816	32642	19	69	0	0	*	2
817	32682	18	70	0	0	*	2
818	32722	17	72	0	0	*	2
819	32762	16	74	0	0	*	2
820	32802	15	76	0	0	*	2
821	32842	15	78	0	0	*	2
822	32882	13	80	0	0	*	2
823	32922	13	82	0	0	*	2
824	32962	12	84	0	0	*	2
825	33002	12	86	0	0	*	2
826	33042	11	88	0	0	*	2
827	33082	10	90	0	0	*	2
828	33122	10	92	0	0	*	2
829	33162	9	94	0	0	*	2
830	33202	8	96	0	0	*	2
831	33242	8	98	0	0	*	2
832	33282	8	100	0	0	*	2
833	33322	7	102	0	0	*	2
834	33362	7	104	0	0	*	2
835	33402	6	107	0	0	*	2
836	33442	6	109	0	0	*	2
837	33482	6	111	0	0	*	2
838	33522	6	113	0	0	*	2
839	33562	5	114	0	0	*	2
840	33602	5	116	0	0	*	2
841	33642	5	118	0	0	*	2
842	33682	5	119	0	0	*	2
843	33722	5	121	0	0	*	2
844	33762	5	123	0	0	*	2
845	33802	5	125	0	0	*	2
846	33842	5	127	0	0	*	2
847	33882	6	129	0	0	*	2
848	33922	6	131	0	0	*	2
849	33962	6	132	0	0	*	2
850	34002	6	134	0	0	*	2
851	34042	6	136	0	0	*	2
852	34082	6	138	0	0	*	2
853	34122	7	140	0	0	*	2
854	34162	7	141	0	0	*	2
855	34202	7	143	0	0	*	2
856	34242	7	145	0	0	*	2
857	34282	8	148	0	0	*	2
858	34322	8	150	0	0	*	2
859	34362	8	152	0	0	*	2
860	34402	9	154	0	0	*	2
861	34442	10	156	0	0	*	2
862	34482	10	158	0	0	*	2
863	34522	11	160	0	0	*	2
864	34562	11	162	0	0	*	2
865	34602	12	164	0	0	*	2
866	34642	12	167	0	0	*	2
867	34682	13	169	0	0	*	2
868	34722	14	171	0	0	*	2
869	34762	15	173	0	0	*	2
870	34802	16	176	0	0	*	2
871	34842	17	178	0	0	*	2
872	34882	18	180	0	0	*	2
873	34922	19	182	0	0	*	2
874	34962	20	184	0	0	*	2
875	35002	21	186	0	0	*	2
876	35042	22	188	0	0	*	2
877	35082	24	190	0	0	*	2
878	35122	24	192	0	0	*	2
879	35162	26	194	0	0	*	2
880	35202	27	195	0	0	*	2
881	35242	28	197	0	0	*	2
882	35282	30	199	0	0	*	2
883	35322	31	200	0	0	*	2
884	35362	32	202	0	0	*	2
885	35402	34	203	0	0	*	2
886	35442	35	205	0	0	*	2
887	35482	36	206	0	0	*	2
888	35522	38	207	0	0	*	2
889	35562	39	209	0	0	*	2
890	35602	40	209	0	0	*	2
891	35642	42	211	0	0	*	2
892	35682	44	212	0	0	*	2
893	35722	45	213	0	0	*	2
894	35762	46	215	0	0	*	2
895	35802	48	216	0	0	*	2
896	35842	49	217	0	0	*	2
897	35882	51	218	0	0	*	2
898	35922	52	220	0	0	*	2
899	35962	54	221	0	0	*	2
900	36002	55	222	0	0	*	2
901	36042	56	223	0	0	*	2
902	36082	58	225	0	0	*	2
903	36122	60	226	0	0	*	2
904	36162	61	227	0	0	*	2
905	36202	63	228	0	0	*	2
906	36242	64	229	0	0	*	2
907	36282	66	230	0	0	*	2
908	36322	68	231	0	0	*	2
909	36362	69	232	0	0	*	2
910	36402	71	233	0	0	*	2
911	36442	73	234	0	0	*	2
912	36482	74	235	0	0	*	2
913	36522	76	236	0	0	*	2
914	36562	78	237	0	0	*	2
915	36602	80	238	0	0	*	2
916	36642	82	239	0	0	*	2
917	36682	84	239	0	0	*	2
918	36722	85	240	0	0	*	2
919	36762	87	240	0	0	*	2
920	36802	89	241	0	0	*	2
921	36842	91	241	0	0	*	2
922	36882	94	242	0	0	*	2
923	36922	96	243	0	0	*	2
924	36962	98	243	0	0	*	2
925	37002	100	243	0	0	*	2
926	37042	102	244	0	0	*	2
927	37082	105	244	0	0	*	2
928	37122	107	245	0	0	*	2
929	37162	109	245	0	0	*	2
930	37202	110	245	0	0	*	2
931	37242	113	246	0	0	*	2
932	37282	115	246	0	0	*	2
933	37322	117	246	0	0	*	2
934	37362	120	247	0	0	*	2
935	37402	122	247	0	0	*	2
936	37442	123	247	0	0	*	2
937	37482	126	247	0	0	*	2
938	37522	128	247	0	0	*	2
939	37562	130	247	0	0	*	2
940	37602	133	247	0	0	*	2
941	37642	135	247	0	0	*	2
942	37682	137	247	0	0	*	2
943	37722	139	247	0	0	*	2
944	37762	141	247	0	0	*	2
945	37802	143	247	0	0	*	2
946	37842	145	246	0	0	*	2
947	37882	146	246	0	0	*	2
948	37922	148	246	0	0	*	2
949	37962	150	245	0	0	*	2
950	38002	152	245	0	0	*	2
951	38042	154	245	0	0	*	2
952	38082	156	244	0	0	*	2
953	38122	158	243	0	0	*	2
954	38162	160	243	0	0	*	2
955	38202	161	242	0	0	*	2
956	38242	163	242	0	0	*	2
957	38282	165	241	0	0	*	2
958	38322	167	240	0	0	*	2
959	38362	169	240	0	0	*	2
960	38402	170	239	0	0	*	2
961	38442	172	238	0	0	*	2
962	38482	175	238	0	0	*	2
963	38522	176	237	0	0	*	2
964	38562	179	236	0	0	*	2
965	38602	181	235	0	0	*	2
966	38642	182	235	0	0	*	2
967	38682	184	234	0	0	*	2
968	38722	186	233	0	0	*	2
969	38762	188	232	0	0	*	2
970	38802	190	231	0	0	*	2
971	38842	192	230	0	0	*	2
972	38882	194	229	0	0	*	2
973	38922	195	227	0	0	*	2
974	38962	196	226	0	0	*	2
975	39002	198	225	0	0	*	2
976	39042	200	224	0	0	*	2
977	39082	202	222	0	0	*	2
978	39122	203	221	0	0	*	2
979	39162	205	219	0	0	*	2
980	39202	206	218	0	0	*	2
981	39242	208	217	0	0	*	2
982	39282	210	215	0	0	*	2
983	39322	212	214	0	0	*	2
984	39362	213	212	0	0	*	2
985	39402	215	210	0	0	*	2
986	39442	216	209	0	0	*	2
987	39482	218	208	0	0	*	2
988	39522	219	206	0	0	*	2
989	39562	221	205	0	0	*	2
990	39602	222	203	0	0	*	2
991	39642	223	201	0	0	*	2
992	39682	225	199	0	0	*	2
993	39722	227	197	0	0	*	2
994	39762	228	195	0	0	*	2
995	39802	229	193	0	0	*	2
996	39842	231	191	0	0	*	2
997	39882	232	190	0	0	*	2
998	39922	233	188	0	0	*	2
999	39962	234	186	0	0	*	2
1000	40002	235	184	0	0	*	2
1001	40042	236	182	0	0	*	2
1002	40082	237	180	0	0	*	2
1003	40122	238	178	0	0	*	2
1004	40162	239	176	0	0	*	2
1005	40202	241	173	0	0	*	2
1006	40242	241	171	0	0	*	2
1007	40282	242	169	0	0	*	2
1008	40322	243	167	0	0	*	2
1009	40362	243	165	0	0	*	2
1010	40402	244	163	0	0	*	2
1011	40442	244	161	0	0	*	2
1012	40482	245	160	0	0	*	2
1013	40522	246	157	0	0	*	2
1014	40562	246	155	0	0	*	2
1015	40602	247	153	0	0	*	2
1016	40642	247	151	0	0	*	2
1017	40682	248	149	0	0	*	2
1018	40722	248	147	0	0	*	2
1019	40762	248	145	0	0	*	2
1020	40802	249	143	0	0	*	2
1021	40842	249	140	0	0	*	2
1022	40882	249	139	0	0	*	2
1023	40922	250	137	0	0	*	2
1024	40962	250	134	0	0	*	2
1025	41002	250	132	0	0	*	2
1026	41042	250	130	0	0	*	2
1027	41082	250	127	0	0	*	2
1028	41122	250	125	0	0	*	2
1029	41162	250	123	0	0	*	2
1030	41202	250	121	0	0	*	2
1031	41242	250	119	0	0	*	2
1032	41282	250	116	0	0	*	2
1033	41322	250	115	0	0	*	2
1034	41362	250	112	0	0	*	2
1035	41402	250	111	0	0	*	2
1036	41442	249	108	0	0	*	2
1037	41482	249	106	0	0	*	2
1038	41522	248	103	0	0	*	2
1039	41562	248	101	0	0	*	2
1040	41602	248	99	0	0	*	2
1041	41642	247	97	0	0	*	2
1042	41682	246	94	0	0	*	2
1043	41722	246	92	0	0	*	2
1044	41762	245	90	0	0	*	2
1045	41802	244	88	0	0	*	2
1046	41842	243	85	0	0	*	2
1047	41882	243	83	0	0	*	2
1048	41922	242	81	0	0	*	2
1049	41962	241	78	0	0	*	2
1050	42002	240	76	0	0	*	2
1051	42042	239	74	0	0	*	2
1052	42082	238	72	0	0	*	2
1053	42122	237	70	0	0	*	2
1054	42162	236	68	0	0	*	2
1055	42202	235	66	0	0	*	2
1056	42242	233	64	0	0	*	2
1057	42282	232	62	0	0	*	2
1058	42322	231	60	0	0	*	2
1059	42362	229	57	0	0	*	2
1060	42402	228	55	0	0	*	2
1061	42442	226	53	0	0	*	2
1062	42482	225	51	0	0	*	2
1063	42522	223	49	0	0	*	2
1064	42562	221	47	0	0	*	2
1065	42602	220	46	0	0	*	2
1066	42642	219	44	0	0	*	2
1067	42682	217	42	0	0	*	2
1068	42722	215	40	0	0	*	2
1069	42762	214	39	0	0	*	2
1070	42802	212	37	0	0	*	2
1071	42842	210	35	0	0	*	2
1072	42882	209	34	0	0	*	2
1073	42922	207	32	0	0	*	2
1074	42962	205	31	0	0	*	2
1075	43002	204	29	0	0	*	2
1076	43042	202	28	0	0	*	2
1077	43082	200	26	0	0	*	2
1078	43122	198	25	0	0	*	2
1079	43162	196	24	0	0	*	2
1080	43202	194	23	0	0	*	2
1081	43242	192	22	0	0	*	2
1082	43282	190	20	0	0	*	2
1083	43322	188	19	0	0	*	2
1084	43362	186	18	0	0	*	2
1085	43402	183	17	0	0	*	2
1086	43442	182	16	0	0	*	2
1087	43482	179	14	0	0	*	2
1088	43522	177	13	0	0	*	2
1089	43562	175	12	0	0	*	2
1090	43602	172	12	0	0	*	2
1091	43642	170	11	0	0	*	2
1092	43682	168	10	0	0	*	2
1093	43722	166	9	0	0	*	2
1094	43762	163	8	0	0	*	2
1095	43802	161	8	0	0	*	2
1096	43842	159	7	0	0	*	2
1097	43882	157	6	0	0	*	2
1098	43922	155	6	0	0	*	2
1099	43962	152	5	0	0	*	2
1100	44002	150	5	0	0	*	2
1101	44042	147	4	0	0	*	2
1102	44082	146	4	0	0	*	2
1103	44122	143	4	0	0	*	2
1104	44162	141	4	0	0	*	2
1105	44202	139	3	0	0	*	2
1106	44242	136	3	0	0	*	2
1107	44282	134	3	0	0	*	2
1108	44322	131	3	0	0	*	2
1109	44362	129	3	0	0	*	2
1110	44402	127	3	0	0	*	2
1111	44442	124	3	0	0	*	2
1112	44482	122	3	0	0	*	2
1113	44522	120	3	0	0	*	2
1114	44562	117	3	0	0	*	2
1115	44602	115	3	0	0	*	2
1116	44642	112	4	0	0	*	2
1117	44682	110	4	0	0	*	2
1118	44722	108	4	0	0	*	2
1119	44762	106	5	0	0	*	2
1120	44802	104	5	0	0	*	2
1121	44842	102	6	0	0	*	2
1122	44882	99	7	0	0	*	2
1123	44922	97	7	0	0	*	2
1124	44962	95	8	0	0	*	2
1125	45002	93	8	0	0	*	2
1126	45042	91	9	0	0	*	2
1127	45082	89	10	0	0	*	2
1128	45122	87	10	0	0	*	2
1129	45162	85	11	0	0	*	2
1130	45202	83	12	0	0	*	2
1131	45242	81	13	0	0	*	2
1132	45282	80	13	0	0	*	2
1133	45322	77	14	0	0	*	2
1134	45362	75	15	0	0	*	2
1135	45402	74	16	0	0	*	2
1136	45442	73	17	0	0	*	2
1137	45482	70	18	0	0	*	2
1138	45522	69	19	0	0	*	2
1139	45562	67	20	0	0	*	2
1140	45602	65	21	0	0	*	2
1141	45642	63	22	0	0	*	2
1142	45682	62	23	0	0	*	2
1143	45722	60	24	0	0	*	2
1144	45762	58	25	0	0	*	2
1145	45802	57	26	0	0	*	2
1146	45842	55	27	0	0	*	2
1147	45882	53	28	0	0	*	2
1148	45922	51	30	0	0	*	2
1149	45962	49	31	0	0	*	2
1150	46002	48	32	0	0	*	2
1151	46042	46	34	0	0	*	2
1152	46082	45	35	0	0	*	2
1153	46122	43	37	0	0	*	2
1154	46162	42	38	0	0	*	2
1155	46202	40	39	0	0	*	2
1156	46242	38	41	0	0	*	2
1157	46282	37	43	0	0	*	2
1158	46322	36	44	0	0	*	2
1159	46362	34	46	0	0	*	2
1160	46402	33	47	0	0	*	2
1161	46442	32	49	0	0	*	2
1162	46482	31	50	0	0	*	2
1163	46522	29	52	0	0	*	2
1164	46562	28	54	0	0	*	2
1165	46602	27	55	0	0	*	2
1166	46642	26	57	0	0	*	2
1167	46682	25	59	0	0	*	2
1168	46722	24	61	0	0	*	2
1169	46762	23	62	0	0	*	2
1170	46802	22	64	0	0	*	2
1171	46842	21	66	0	0	*	2
1172	46882	20	67	0	0	*	2
1173	46922	19	69	0	0	*	2
1174	46962	18	71	0	0	*	2
1175	47002	17	72	0	0	*	2
1176	47042	16	74	0	0	*	2
1177	47082	15	76	0	0	*	2
1178	47122	14	78	0	0	*	2
1179	47162	14	80	0	0	*	2
1180	47202	13	82	0	0	*	2
1181	47242	12	84	0	0	*	2
1182	47282	12	86	0	0	*	2
1183	47322	11	87	0	0	*	2
1184	47362	11	90	0	0	*	2
1185	47402	10	92	0	0	*	2
1186	47442	9	93	0	0	*	2
1187	47482	9	95	0	0	*	2
1188	47522	8	97	0	0	*	2
1189	47562	8	99	0	0	*	2
1190	47602	7	101	0	0	*	2
1191	47642	7	104	0	0	*	2
1192	47682	6	106	0	0	*	2
1193	47722	6	108	0	0	*	2
1194	47762	6	110	0	0	*	2
1195	47802	6	112	0	0	*	2
1196	47842	5	115	0	0	*	2
1197	47882	5	116	0	0	*	2
1198	47922	5	119	0	0	*	2
1199	47962	5	121	0	0	*	2
1200	48002	5	123	0	0	*	2
1201	48042	5	125	0	0	*	2
1202	48082	5	127	0	0	*	2
1203	48122	5	129	0	0	*	2
1204	48162	5	132	0	0	*	2
1205	48202	5	134	0	0	*	2
1206	48242	5	136	0	0	*	2
1207	48282	6	138	0	0	*	2
1208	48322	6	140	0	0	*	2
1209	48362	6	142	0	0	*	2
1210	48402	6	144	0	0	*	2
1211	48442	7	146	0	0	*	2
1212	48482	7	148	0	0	*	2
1213	48522	8	150	0	0	*	2
1214	48562	8	153	0	0	*	2
1215	48602	9	155	0	0	*	2
1216	48642	9	157	0	0	*	2
1217	48682	10	159	0	0	*	2
1218	48722	10	161	0	0	*	2
1219	48762	11	163	0	0	*	2
1220	48802	12	165	0	0	*	2
1221	48842	12	167	0	0	*	2
1222	48882	13	169	0	0	*	2
1223	48922	14	171	0	0	*	2
1224	48962	15	173	0	0	*	2
1225	49002	16	175	0	0	*	2
1226	49042	17	178	0	0	*	2
1227	49082	18	179	0	0	*	2
1228	49122	19	181	0	0	*	2
1229	49162	20	183	0	0	*	2
1230	49202	21	185	0	0	*	2
1231	49242	22	187	0	0	*	2
1232	49282	23	189	0	0	*	2
1233	49322	24	191	0	0	*	2
1234	49362	25	192	0	0	*	2
1235	49402	26	194	0	0	*	2
1236	49442	27	196	0	0	*	2
1237	49482	29	197	0	0	*	2
1238	49522	30	199	0	0	*	2
1239	49562	31	201	0	0	*	2
1240	49602	32	202	0	0	*	2
1241	49642	34	204	0	0	*	2
1242	49682	35	205	0	0	*	2
1243	49722	36	207	0	0	*	2
1244	49762	38	208	0	0	*	2
1245	49802	39	209	0	0	*	2
1246	49842	40	210	0	0	*	2
1247	49882	42	212	0	0	*	2
1248	49922	44	213	0	0	*	2
1249	49962	45	214	0	0	*	2
1250	50002	46	215	0	0	*	2
1251	50042	48	216	0	0	*	2
1252	50082	49	217	0	0	*	2
1253	50122	50	218	0	0	*	2
1254	50162	51	220	0	0	*	2
1255	50202	53	221	0	0	*	2
1256	50242	54	222	0	0	*	2
1257	50282	56	223	0	0	*	2
1258	50322	57	224	0	0	*	2
1259	50362	58	224	0	0	*	2
1260	50402	60	225	0	0	*	2
1261	50442	61	226	0	0	*	2
1262	50482	62	227	0	0	*	2
1263	50522	63	228	0	0	*	2
1264	50562	65	229	0	0	*	2
1265	50602	66	230	0	0	*	2
1266	50642	68	231	0	0	*	2
1267	50682	69	232	0	0	*	2
1268	50722	70	232	0	0	*	2
1269	50762	72	233	0	0	*	2
1270	50802	73	234	0	0	*	2
1271	50842	75	235	0	0	*	2
1272	50882	77	236	0	0	*	2
1273	50922	78	237	0	0	*	2
1274	50962	80	238	0	0	*	2
1275	51002	82	239	0	0	*	2
1276	51042	83	239	0	0	*	2
1277	51082	85	240	0	0	*	2
1278	51122	86	240	0	0	*	2
1279	51162	88	241	0	0	*	2
1280	51202	90	242	0	0	*	2
1281	51242	92	242	0	0	*	2
1282	51282	94	243	0	0	*	2
1283	51322	96	243	0	0	*	2
1284	51362	97	243	0	0	*	2
1285	51402	100	244	0	0	*	2
1286	51442	102	244	0	0	*	2
1287	51482	104	245	0	0	*	2
1288	51522	106	245	0	0	*	2
1289	51562	109	245	0	0	*	2
1290	51602	110	245	0	0	*	2
1291	51642	112	246	0	0	*	2
1292	51682	115	246	0	0	*	2
1293	51722	117	246	0	0	*	2
1294	51762	119	247	0	0	*	2
1295	51802	121	246	0	0	*	2
1296	51842	123	247	0	0	*	2
1297	51882	125	247	0	0	*	2
1298	51922	128	247	0	0	*	2
1299	51962	130	247	0	0	*	2
1300	52002	132	247	0	0	*	2
1301	52042	134	247	0	0	*	2
1302	52082	136	247	0	0	*	2
1303	52122	138	246	0	0	*	2
1304	52162	140	246	0	0	*	2
1305	52202	142	246	0	0	*	2
1306	52242	145	246	0	0	*	2
1307	52282	147	246	0	0	*	2
1308	52322	148	245	0	0	*	2
1309	52362	150	245	0	0	*	2
1310	52402	153	245	0	0	*	2
1311	52442	155	244	0	0	*	2
1312	52482	157	244	0	0	*	2
1313	52522	158	243	0	0	*	2
1314	52562	160	243	0	0	*	2
1315	52602	162	242	0	0	*	2
1316	52642	165	242	0	0	*	2
1317	52682	167	241	0	0	*	2
1318	52722	169	240	0	0	*	2
1319	52762	170	240	0	0	*	2
1320	52802	172	239	0	0	*	2
1321	52842	174	238	0	0	*	2
1322	52882	177	237	0	0	*	2
1323	52922	178	236	0	0	*	2
1324	52962	180	235	0	0	*	2
1325	53002	182	234	0	0	*	2
1326	53042	184	233	0	0	*	2
1327	53082	186	232	0	0	*	2
1328	53122	188	232	0	0	*	2
1329	53162	189	231	0	0	*	2
1330	53202	191	230	0	0	*	2
1331	53242	193	229	0	0	*	2
1332	53282	195	227	0	0	*	2
1333	53322	197	226	0	0	*	2
1334	53362	198	225	0	0	*	2
1335	53402	200	224	0	0	*	2
1336	53442	202	222	0	0	*	2
1337	53482	203	221	0	0	*	2
1338	53522	205	219	0	0	*	2
1339	53562	207	218	0	0	*	2
1340	53602	208	216	0	0	*	2
1341	53642	210	215	0	0	*	2
1342	53682	212	213	0	0	*	2
1343	53722	213	212	0	0	*	2
1344	53762	215	210	0	0	*	2
1345	53802	217	209	0	0	*	2
1346	53842	218	207	0	0	*	2
1347	53882	219	206	0	0	*	2
1348	53922	221	204	0	0	*	2
1349	53962	222	202	0	0	*	2
1350	54002	224	200	0	0	*	2
1351	54042	226	198	0	0	*	2
1352	54082	227	197	0	0	*	2
1353	54122	228	195	0	0	*	2
1354	54162	229	193	0	0	*	2
1355	54202	230	192	0	0	*	2
1356	54242	231	189	0	0	*	2
1357	54282	233	187	0	0	*	2
1358	54322	234	185	0	0	*	2
1359	54362	235	184	0	0	*	2
1360	54402	236	182	0	0	*	2
1361	54442	237	180	0	0	*	2
1362	54482	238	178	0	0	*	2
1363	54522	239	176	0	0	*	2
1364	54562	240	174	0	0	*	2
1365	54602	241	172	0	0	*	2
1366	54642	241	170	0	0	*	2
1367	54682	242	168	0	0	*	2
1368	54722	243	166	0	0	*	2
1369	54762	243	164	0	0	*	2
1370	54802	244	162	0	0	*	2
1371	54842	245	161	0	0	*	2
1372	54882	245	159	0	0	*	2
1373	54922	246	157	0	0	*	2
1374	54962	246	155	0	0	*	2
1375	55002	247	153	0	0	*	2
1376	55042	247	151	0	0	*	2
1377	55082	248	149	0	0	*	2
1378	55122	248	147	0	0	*	2
1379	55162	248	145	0	0	*	2
1380	55202	249	143	0	0	*	2
1381	55242	249	141	0	0	*	2
1382	55282	249	139	0	0	*	2
1383	55322	249	138	0	0	*	2
1384	55362	249	136	0	0	*	2
1385	55402	250	133	0	0	*	2
1386	55442	250	132	0	0	*	2
1387	55482	250	130	0	0	*	2
1388	55522	250	128	0	0	*	2
1389	55562	250	126	0	0	*	2
1390	55602	250	124	0	0	*	2
1391	55642	250	121	0	0	*	2
1392	55682	250	119	0	0	*	2
1393	55722	250	117	0	0	*	2
1394	55762	249	116	0	0	*	2
1395	55802	249	113	0	0	*	2
1396	55842	249	111	0	0	*	2
1397	55882	249	109	0	0	*	2
1398	55922	249	107	0	0	*	2
1399	55962	248	105	0	0	*	2
1400	56002	248	103	0	0	*	2
1401	56042	248	101	0	0	*	2
1402	56082	247	98	0	0	*	2
1403	56122	247	96	0	0	*	2
1404	56162	246	94	0	0	*	2
1405	56202	246	92	0	0	*	2
1406	56242	245	90	0	0	*	2
1407	56282	244	88	0	0	*	2
1408	56322	244	85	0	0	*	2
1409	56362	243	83	0	0	*	2
1410	56402	243	81	0	0	*	2
1411	56442	242	79	0	0	*	2
1412	56482	241	77	0	0	*	2
1413	56522	240	75	0	0	*	2
1414	56562	239	73	0	0	*	2
1415	56602	238	71	0	0	*	2
1416	56642	236	69	0	0	*	2
1417	56682	235	68	0	0	*	2
1418	56722	234	66	0	0	*	2
1419	56762	233	64	0	0	*	2
1420	56802	231	62	0	0	*	2
1421	56842	230	60	0	0	*	2
1422	56882	229	57	0	0	*	2
1423	56922	227	55	0	0	*	2
1424	56962	226	54	0	0	*	2
1425	57002	224	52	0	0	*	2
1426	57042	223	50	0	0	*	2
1427	57082	222	48	0	0	*	2
1428	57122	220	46	0	0	*	2
1429	57162	219	45	0	0	*	2
1430	57202	218	43	0	0	*	2
1431	57242	216	42	0	0	*	2
1432	57282	215	40	0	0	*	2
1433	57322	213	39	0	0	*	2
1434	57362	211	37	0	0	*	2
1435	57402	210	36	0	0	*	2
1436	57442	208	34	0	0	*	2
1437	57482	207	33	0	0	*	2
1438	57522	206	31	0	0	*	2
1439	57562	204	30	0	0	*	2
1440	57602	202	28	0	0	*	2
1441	57642	200	27	0	0	*	2
1442	57682	199	26	0	0	*	2
1443	57722	197	25	0	0	*	2
1444	57762	195	23	0	0	*	2
1445	57802	194	23	0	0	*	2
1446	57842	192	21	0	0	*	2
1447	57882	190	20	0	0	*	2
1448	57922	188	19	0	0	*	2
1449	57962	186	18	0	0	*	2
1450	58002	183	17	0	0	*	2
1451	58042	182	16	0	0	*	2
1452	58082	180	14	0	0	*	2
1453	58122	177	13	0	0	*	2
1454	58162	175	13	0	0	*	2
1455	58202	173	12	0	0	*	2
1456	58242	171	11	0	0	*	2
1457	58282	169	10	0	0	*	2
1458	58322	167	9	0	0	*	2
1459	58362	165	9	0	0	*	2
1460	58402	162	8	0	0	*	2
1461	58442	160	8	0	0	*	2
1462	58482	158	7	0	0	*	2
1463	58522	156	6	0	0	*	2
1464	58562	154	6	0	0	*	2
1465	58602	151	5	0	0	*	2
1466	58642	149	5	0	0	*	2
1467	58682	147	4	0	0	*	2
1468	58722	145	4	0	0	*	2
1469	58762	143	4	0	0	*	2
1470	58802	140	3	0	0	*	2
1471	58842	137	3	0	0	*	2
1472	58882	135	3	0	0	*	2
1473	58922	133	3	0	0	*	2
1474	58962	131	3	0	0	*	2
1475	59002	129	3	0	0	*	2
1476	59042	126	3	0	0	*	2
1477	59082	124	3	0	0	*	2
1478	59122	121	3	0	0	*	2
1479	59162	120	3	0	0	*	2
1480	59202	117	3	0	0	*	2
1481	59242	115	3	0	0	*	2
1482	59282	113	4	0	0	*	2
1483	59322	110	4	0	0	*	2
1484	59362	108	4	0	0	*	2
1485	59402	106	5	0	0	*	2
1486	59442	104	5	0	0	*	2
1487	59482	102	5	0	0	*	2
1488	59522	99	6	0	0	*	2
1489	59562	97	7	0	0	*	2
1490	59602	96	7	0	0	*	2
1491	59642	94	8	0	0	*	2
1492	59682	91	8	0	0	*	2
1493	59722	89	9	0	0	*	2
1494	59762	87	10	0	0	*	2
1495	59802	85	10	0	0	*	2
1496	59842	83	11	0	0	*	2
1497	59882	81	12	0	0	*	2
1498	59922	79	13	0	0	*	2
1499	59962	77	14	0	0	*	2
1500	60002	74	15	0	0	*	2
1501	60042	73	16	0	0	*	2
1502	60082	71	17	0	0	*	2
1503	60122	69	18	0	0	*	2
1504	60162	67	19	0	0	*	2
1505	60202	64	20	0	0	*	2
1506	60242	62	22	0	0	*	2
1507	60282	61	23	0	0	*	2
1508	60322	59	24	0	0	*	2
1509	60362	57	25	0	0	*	2
1510	60402	55	26	0	0	*	2
1511	60442	53	27	0	0	*	2
1512	60482	51	29	0	0	*	2
1513	60522	49	30	0	0	*	2
1514	60562	48	32	0	0	*	2
1515	60602	47	33	0	0	*	2
1516	60642	45	35	0	0	*	2
1517	60682	43	37	0	0	*	2
1518	60722	41	38	0	0	*	2
1519	60762	40	39	0	0	*	2
1520	60802	39	41	0	0	*	2
