%%BEGIN_HEADER
	%%BEGIN DATABASE_INFORMATION
		%Date.0 ( 30.9.2019 )
		%Time.0 ( 13:10 )
	%%END DATABASE_INFORMATION
	%%BEGIN SETUP_INFORMATION
		%TrackerVersion.0 ( Tracker version 2.38 release 12.8.2012 )
		%ElapsedTime_ms.0 ( 60914 )
		%Paradigm.0 ( PlacePreference )
		%FeederParameters.0 ( 1500 0 )
			// %FeederParameters.0 ( ENTRANCE_LATENCY EXIT_LATENCY )
		%ElapsedPath_m.0 ( 0.00 )
		%ArenaDiameter_m.0 ( 1.80 )
		%TrackerResolution_PixPerCM.0 ( 1.4222 )
		%ArenaCenterXY.0 ( 127.5 127.5 )
		%Frame.0 ( RoomFrame )
		%ReinforcedSector.0 ( 127.5000 38.2500 7 )
			//%ReinforcedSector.0 ( CENTER_X CENTER_Y RADIUS )
		%RoomTrackReinforcedSector.0 ( 127.5000 38.2500 7 )
			//%RoomTrackReinforcedSector.0 ( CENTER_X CENTER_Y RADIUS )
	%%END SETUP_INFORMATION
	%%BEGIN RECORD_FORMAT
		%Sample.0 ( FrameCount 1msTimeStamp RoomX RoomY Sectors State Flags FrameInfo )
			//Sectors indicate if the object is in a target. Number is binary coded. Sectors = 0: no target, Sectors = 1: room target, Sectors: = 2 arena target, Sectors: = 3 room and arena target
			////State indicates the Watermaze State: OutsideTarget = 0, EntranceLatency = 1, InsideTarget = 3, OutsideRefractory = 4, BadSpot = 5
			//FrameInfo indicates succesfuly tracked spots: ReferencePoint * 2^0 + Spot0 * 2^(1+0) + Spot1 * 2^(1+1) + Spot2 * 2^(1+2) .... 
	%%END RECORD_FORMAT
%%END_HEADER
1	73	119	241	0	0	*	2
2	113	118	241	0	0	*	2
3	153	117	241	0	0	*	2
4	193	116	242	0	0	*	2
5	233	115	241	0	0	*	2
6	273	114	242	0	0	*	2
7	313	113	241	0	0	*	2
8	353	113	240	0	0	*	2
9	393	112	240	0	0	*	2
10	433	111	239	0	0	*	2
11	473	110	238	0	0	*	2
12	513	109	237	0	0	*	2
13	553	109	236	0	0	*	2
14	593	109	235	0	0	*	2
15	633	108	234	0	0	*	2
16	673	108	234	0	0	*	2
17	713	107	233	0	0	*	2
18	753	105	232	0	0	*	2
19	793	104	231	0	0	*	2
20	833	103	230	0	0	*	2
21	873	101	228	0	0	*	2
22	913	100	227	0	0	*	2
23	953	99	225	0	0	*	2
24	993	97	223	0	0	*	2
25	1033	96	222	0	0	*	2
26	1073	95	220	0	0	*	2
27	1113	93	218	0	0	*	2
28	1153	92	216	0	0	*	2
29	1193	91	214	0	0	*	2
30	1233	89	213	0	0	*	2
31	1273	88	211	0	0	*	2
32	1313	87	209	0	0	*	2
33	1353	85	207	0	0	*	2
34	1393	85	205	0	0	*	2
35	1433	83	203	0	0	*	2
36	1473	82	201	0	0	*	2
37	1513	81	199	0	0	*	2
38	1553	79	197	0	0	*	2
39	1593	78	194	0	0	*	2
40	1633	77	192	0	0	*	2
41	1673	75	190	0	0	*	2
42	1713	74	188	0	0	*	2
43	1753	73	185	0	0	*	2
44	1793	72	183	0	0	*	2
45	1833	70	181	0	0	*	2
46	1873	69	179	0	0	*	2
47	1913	68	177	0	0	*	2
48	1953	67	174	0	0	*	2
49	1993	66	172	0	0	*	2
50	2033	65	169	0	0	*	2
51	2073	64	167	0	0	*	2
52	2113	62	164	0	0	*	2
53	2153	62	162	0	0	*	2
54	2193	61	160	0	0	*	2
55	2233	61	158	0	0	*	2
56	2273	60	155	0	0	*	2
57	2313	59	153	0	0	*	2
58	2353	57	150	0	0	*	2
59	2393	57	148	0	0	*	2
60	2433	56	146	0	0	*	2
61	2474	55	143	0	0	*	2
62	2514	54	141	0	0	*	2
63	2553	53	139	0	0	*	2
64	2594	52	137	0	0	*	2
65	2634	51	135	0	0	*	2
66	2673	50	133	0	0	*	2
67	2714	50	131	0	0	*	2
68	2754	49	128	0	0	*	2
69	2794	48	126	0	0	*	2
70	2834	47	123	0	0	*	2
71	2873	46	121	0	0	*	2
72	2914	45	119	0	0	*	2
73	2954	44	116	0	0	*	2
74	2994	43	114	0	0	*	2
75	3034	42	112	0	0	*	2
76	3074	41	110	0	0	*	2
77	3114	40	108	0	0	*	2
78	3154	39	105	0	0	*	2
79	3194	39	103	0	0	*	2
80	3234	38	101	0	0	*	2
81	3274	37	98	0	0	*	2
82	3314	36	96	0	0	*	2
83	3354	36	94	0	0	*	2
84	3394	35	92	0	0	*	2
85	3434	34	89	0	0	*	2
86	3474	34	87	0	0	*	2
87	3514	33	84	0	0	*	2
88	3554	33	83	0	0	*	2
89	3594	32	80	0	0	*	2
90	3634	31	78	0	0	*	2
91	3674	31	76	0	0	*	2
92	3714	31	73	0	0	*	2
93	3754	31	71	0	0	*	2
94	3794	28	68	0	0	*	2
95	3834	28	65	0	0	*	2
96	3874	28	63	0	0	*	2
97	3914	28	62	0	0	*	2
98	3954	28	60	0	0	*	2
99	3994	28	58	0	0	*	2
100	4034	29	57	0	0	*	2
101	4074	29	55	0	0	*	2
102	4114	31	53	0	0	*	2
103	4154	31	52	0	0	*	2
104	4194	33	50	0	0	*	2
105	4234	34	48	0	0	*	2
106	4274	35	47	0	0	*	2
107	4314	36	45	0	0	*	2
108	4354	38	44	0	0	*	2
109	4394	39	42	0	0	*	2
110	4434	41	41	0	0	*	2
111	4474	42	39	0	0	*	2
112	4514	44	38	0	0	*	2
113	4554	45	36	0	0	*	2
114	4594	47	35	0	0	*	2
115	4634	48	34	0	0	*	2
116	4674	50	32	0	0	*	2
117	4714	52	31	0	0	*	2
118	4754	53	30	0	0	*	2
119	4794	55	29	0	0	*	2
120	4834	56	28	0	0	*	2
121	4874	57	28	0	0	*	2
122	4914	60	26	0	0	*	2
123	4954	61	26	0	0	*	2
124	4994	63	25	0	0	*	2
125	5034	64	25	0	0	*	2
126	5074	66	24	0	0	*	2
127	5114	67	23	0	0	*	2
128	5154	69	23	0	0	*	2
129	5194	72	23	0	0	*	2
130	5234	73	22	0	0	*	2
131	5274	75	22	0	0	*	2
132	5314	78	22	0	0	*	2
133	5354	80	22	0	0	*	2
134	5394	83	22	0	0	*	2
135	5434	85	22	0	0	*	2
136	5474	88	22	0	0	*	2
137	5514	90	22	0	0	*	2
138	5554	93	23	0	0	*	2
139	5594	95	23	0	0	*	2
140	5634	97	23	0	0	*	2
141	5674	99	24	0	0	*	2
142	5714	102	24	0	0	*	2
143	5754	103	25	0	0	*	2
144	5794	105	25	0	0	*	2
145	5834	108	26	0	0	*	2
146	5874	110	27	0	0	*	2
147	5914	112	27	0	0	*	2
148	5954	114	28	0	0	*	2
149	5994	116	28	0	0	*	2
150	6034	119	28	0	0	*	2
151	6074	121	28	0	0	*	2
152	6114	122	28	0	0	*	2
153	6154	124	28	0	0	*	2
154	6194	125	29	0	0	*	2
155	6234	126	29	0	0	*	2
156	6274	127	30	0	1	*	2
157	6314	128	30	0	1	*	2
158	6354	129	31	0	1	*	2
159	6394	130	31	0	1	*	2
160	6434	132	32	0	1	*	2
161	6474	132	32	0	1	*	2
162	6514	134	33	0	1	*	2
163	6554	135	34	0	1	*	2
164	6594	137	35	0	0	*	2
165	6634	138	36	0	0	*	2
166	6674	139	37	0	0	*	2
167	6714	140	37	0	0	*	2
168	6754	141	38	0	0	*	2
169	6794	142	38	0	0	*	2
170	6834	142	38	0	0	*	2
171	6874	142	38	0	0	*	2
172	6914	142	38	0	0	*	2
173	6954	142	38	0	0	*	2
174	6994	141	37	0	0	*	2
175	7034	141	37	0	0	*	2
176	7074	141	38	0	0	*	2
177	7114	141	38	0	0	*	2
178	7154	140	38	0	0	*	2
179	7194	139	38	0	0	*	2
180	7234	139	38	0	0	*	2
181	7274	138	38	0	0	*	2
182	7314	138	38	0	0	*	2
183	7354	138	37	0	0	*	2
184	7394	137	36	0	0	*	2
185	7434	136	35	0	0	*	2
186	7474	135	34	0	0	*	2
187	7514	135	33	0	0	*	2
188	7554	134	31	0	0	*	2
189	7594	134	30	0	0	*	2
190	7634	134	29	0	0	*	2
191	7674	134	28	0	0	*	2
192	7714	133	27	0	0	*	2
193	7754	133	26	0	0	*	2
194	7794	132	26	0	0	*	2
195	7834	131	27	0	0	*	2
196	7874	129	28	0	0	*	2
197	7914	129	29	0	0	*	2
198	7954	129	30	0	1	*	2
199	7994	130	31	0	1	*	2
200	8034	130	32	0	1	*	2
201	8074	130	33	0	1	*	2
202	8114	130	34	0	1	*	2
203	8154	130	35	0	1	*	2
204	8194	130	35	0	1	*	2
205	8234	130	36	0	1	*	2
206	8274	130	37	0	1	*	2
207	8314	130	38	0	1	*	2
208	8354	131	39	0	1	*	2
209	8394	132	40	0	1	*	2
210	8434	133	42	0	1	*	2
211	8474	134	42	0	1	*	2
212	8514	134	43	0	1	*	2
213	8554	135	44	0	0	*	2
214	8594	135	44	0	0	*	2
215	8634	136	44	0	0	*	2
216	8674	136	44	0	0	*	2
217	8714	136	44	0	0	*	2
218	8754	136	44	0	0	*	2
219	8794	136	43	0	0	*	2
220	8834	136	43	0	0	*	2
221	8874	137	44	0	0	*	2
222	8914	138	44	0	0	*	2
223	8954	138	45	0	0	*	2
224	8994	139	45	0	0	*	2
225	9034	139	46	0	0	*	2
226	9074	139	46	0	0	*	2
227	9114	139	46	0	0	*	2
228	9154	139	46	0	0	*	2
229	9194	137	46	0	0	*	2
230	9234	135	46	0	0	*	2
231	9274	134	46	0	0	*	2
232	9314	133	46	0	0	*	2
233	9354	132	46	0	1	*	2
234	9394	131	46	0	1	*	2
235	9434	130	46	0	1	*	2
236	9474	129	46	0	1	*	2
237	9514	129	46	0	1	*	2
238	9554	129	46	0	1	*	2
239	9594	128	46	0	1	*	2
240	9634	128	46	0	1	*	2
241	9674	128	46	0	1	*	2
242	9714	127	46	0	1	*	2
243	9754	127	47	0	1	*	2
244	9794	126	47	0	0	*	2
245	9834	126	47	0	0	*	2
246	9874	125	47	0	0	*	2
247	9914	125	47	0	1	*	2
248	9954	125	46	0	1	*	2
249	9994	126	45	0	1	*	2
250	10034	127	44	0	1	*	2
251	10074	127	43	0	1	*	2
252	10114	128	42	0	1	*	2
253	10154	129	41	0	1	*	2
254	10194	129	41	0	1	*	2
255	10234	130	40	0	1	*	2
256	10274	131	40	0	1	*	2
257	10314	132	40	0	1	*	2
258	10354	132	40	0	1	*	2
259	10394	133	39	0	1	*	2
260	10434	134	38	0	1	*	2
261	10474	134	37	0	1	*	2
262	10514	134	37	0	1	*	2
263	10554	134	36	0	1	*	2
264	10594	134	35	0	1	*	2
265	10634	133	35	0	1	*	2
266	10674	131	35	0	1	*	2
267	10714	130	34	0	1	*	2
268	10754	128	34	0	1	*	2
269	10794	127	34	0	1	*	2
270	10834	125	34	0	1	*	2
271	10874	123	33	0	1	*	2
272	10914	122	33	0	1	*	2
273	10954	121	34	0	1	*	2
274	10994	120	34	0	1	*	2
275	11034	120	34	0	0	*	2
276	11074	119	35	0	0	*	2
277	11114	118	35	0	0	*	2
278	11154	118	36	0	0	*	2
279	11194	117	36	0	0	*	2
280	11234	116	37	0	0	*	2
281	11274	116	39	0	0	*	2
282	11314	116	40	0	0	*	2
283	11354	117	41	0	0	*	2
284	11394	116	41	0	0	*	2
285	11434	115	41	0	0	*	2
286	11474	114	42	0	0	*	2
287	11514	112	42	0	0	*	2
288	11554	107	38	0	0	*	2
289	11594	105	38	0	0	*	2
290	11634	105	38	0	0	*	2
291	11674	104	39	0	0	*	2
292	11714	103	39	0	0	*	2
293	11754	102	39	0	0	*	2
294	11794	101	39	0	0	*	2
295	11834	101	39	0	0	*	2
296	11874	100	40	0	0	*	2
297	11914	99	40	0	0	*	2
298	11954	98	40	0	0	*	2
299	11994	97	40	0	0	*	2
300	12034	96	39	0	0	*	2
301	12074	95	39	0	0	*	2
302	12114	95	39	0	0	*	2
303	12154	94	39	0	0	*	2
304	12194	92	39	0	0	*	2
305	12234	91	38	0	0	*	2
306	12274	90	38	0	0	*	2
307	12314	89	37	0	0	*	2
308	12354	89	37	0	0	*	2
309	12394	87	37	0	0	*	2
310	12434	85	36	0	0	*	2
311	12474	85	36	0	0	*	2
312	12514	84	35	0	0	*	2
313	12554	82	35	0	0	*	2
314	12594	81	35	0	0	*	2
315	12634	79	34	0	0	*	2
316	12674	77	34	0	0	*	2
317	12714	76	34	0	0	*	2
318	12754	74	33	0	0	*	2
319	12794	72	33	0	0	*	2
320	12834	71	33	0	0	*	2
321	12874	69	33	0	0	*	2
322	12914	67	33	0	0	*	2
323	12954	65	33	0	0	*	2
324	12994	63	33	0	0	*	2
325	13034	61	33	0	0	*	2
326	13074	60	34	0	0	*	2
327	13114	58	35	0	0	*	2
328	13154	56	35	0	0	*	2
329	13194	55	36	0	0	*	2
330	13234	52	36	0	0	*	2
331	13274	52	37	0	0	*	2
332	13314	50	36	0	0	*	2
333	13354	49	38	0	0	*	2
334	13394	49	38	0	0	*	2
335	13434	48	39	0	0	*	2
336	13474	46	41	0	0	*	2
337	13514	45	42	0	0	*	2
338	13554	44	43	0	0	*	2
339	13594	43	45	0	0	*	2
340	13634	43	46	0	0	*	2
341	13674	42	47	0	0	*	2
342	13714	41	49	0	0	*	2
343	13754	41	50	0	0	*	2
344	13794	40	53	0	0	*	2
345	13834	40	56	0	0	*	2
346	13874	40	58	0	0	*	2
347	13914	39	60	0	0	*	2
348	13954	38	63	0	0	*	2
349	13994	38	64	0	0	*	2
350	14034	38	66	0	0	*	2
351	14074	37	68	0	0	*	2
352	14114	37	70	0	0	*	2
353	14154	37	72	0	0	*	2
354	14194	36	74	0	0	*	2
355	14234	36	75	0	0	*	2
356	14274	36	78	0	0	*	2
357	14314	36	80	0	0	*	2
358	14354	36	81	0	0	*	2
359	14394	36	84	0	0	*	2
360	14434	36	86	0	0	*	2
361	14474	36	87	0	0	*	2
362	14514	36	89	0	0	*	2
363	14554	37	92	0	0	*	2
364	14594	37	93	0	0	*	2
365	14634	37	95	0	0	*	2
366	14674	38	98	0	0	*	2
367	14714	38	100	0	0	*	2
368	14754	38	102	0	0	*	2
369	14794	39	105	0	0	*	2
370	14834	39	107	0	0	*	2
371	14874	39	109	0	0	*	2
372	14914	40	111	0	0	*	2
373	14954	40	113	0	0	*	2
374	14994	40	115	0	0	*	2
375	15034	41	117	0	0	*	2
376	15074	41	119	0	0	*	2
377	15114	41	122	0	0	*	2
378	15154	42	124	0	0	*	2
379	15194	42	126	0	0	*	2
380	15234	43	128	0	0	*	2
381	15274	43	130	0	0	*	2
382	15314	44	133	0	0	*	2
383	15354	44	135	0	0	*	2
384	15394	44	137	0	0	*	2
385	15434	45	139	0	0	*	2
386	15474	45	141	0	0	*	2
387	15514	46	143	0	0	*	2
388	15554	46	146	0	0	*	2
389	15594	47	148	0	0	*	2
390	15634	47	150	0	0	*	2
391	15674	47	152	0	0	*	2
392	15714	48	155	0	0	*	2
393	15754	48	157	0	0	*	2
394	15794	48	159	0	0	*	2
395	15834	49	161	0	0	*	2
396	15874	49	163	0	0	*	2
397	15914	49	165	0	0	*	2
398	15954	50	167	0	0	*	2
399	15994	50	169	0	0	*	2
400	16034	51	171	0	0	*	2
401	16074	52	173	0	0	*	2
402	16114	53	176	0	0	*	2
403	16154	53	177	0	0	*	2
404	16194	54	180	0	0	*	2
405	16234	54	181	0	0	*	2
406	16274	55	183	0	0	*	2
407	16314	55	185	0	0	*	2
408	16354	56	188	0	0	*	2
409	16394	56	189	0	0	*	2
410	16434	57	192	0	0	*	2
411	16474	57	194	0	0	*	2
412	16514	58	196	0	0	*	2
413	16554	58	198	0	0	*	2
414	16594	59	201	0	0	*	2
415	16634	60	203	0	0	*	2
416	16674	61	204	0	0	*	2
417	16714	61	206	0	0	*	2
418	16754	62	208	0	0	*	2
419	16794	62	209	0	0	*	2
420	16834	63	211	0	0	*	2
421	16874	65	214	0	0	*	2
422	16914	65	215	0	0	*	2
423	16954	66	216	0	0	*	2
424	16994	67	218	0	0	*	2
425	17034	68	220	0	0	*	2
426	17074	69	221	0	0	*	2
427	17114	71	223	0	0	*	2
428	17154	72	224	0	0	*	2
429	17194	73	226	0	0	*	2
430	17234	74	227	0	0	*	2
431	17274	76	229	0	0	*	2
432	17314	77	230	0	0	*	2
433	17354	78	231	0	0	*	2
434	17394	80	232	0	0	*	2
435	17434	81	233	0	0	*	2
436	17474	83	234	0	0	*	2
437	17514	84	236	0	0	*	2
438	17554	85	237	0	0	*	2
439	17594	86	237	0	0	*	2
440	17634	88	238	0	0	*	2
441	17674	90	239	0	0	*	2
442	17714	91	239	0	0	*	2
443	17754	93	240	0	0	*	2
444	17794	95	240	0	0	*	2
445	17834	96	240	0	0	*	2
446	17874	97	241	0	0	*	2
447	17914	99	241	0	0	*	2
448	17954	101	241	0	0	*	2
449	17994	104	241	0	0	*	2
450	18034	106	242	0	0	*	2
451	18074	108	242	0	0	*	2
452	18114	109	242	0	0	*	2
453	18154	111	241	0	0	*	2
454	18194	114	241	0	0	*	2
455	18234	116	241	0	0	*	2
456	18274	118	241	0	0	*	2
457	18314	120	241	0	0	*	2
458	18354	122	240	0	0	*	2
459	18394	124	240	0	0	*	2
460	18434	125	240	0	0	*	2
461	18474	127	240	0	0	*	2
462	18514	130	239	0	0	*	2
463	18554	131	239	0	0	*	2
464	18594	133	238	0	0	*	2
465	18634	135	238	0	0	*	2
466	18674	136	238	0	0	*	2
467	18714	138	238	0	0	*	2
468	18754	140	237	0	0	*	2
469	18794	143	237	0	0	*	2
470	18834	145	237	0	0	*	2
471	18874	147	236	0	0	*	2
472	18914	148	236	0	0	*	2
473	18954	150	236	0	0	*	2
474	18994	153	235	0	0	*	2
475	19034	155	235	0	0	*	2
476	19074	157	234	0	0	*	2
477	19114	159	234	0	0	*	2
478	19154	161	233	0	0	*	2
479	19194	163	233	0	0	*	2
480	19234	165	232	0	0	*	2
481	19274	167	232	0	0	*	2
482	19314	169	232	0	0	*	2
483	19354	170	232	0	0	*	2
484	19394	172	231	0	0	*	2
485	19434	174	230	0	0	*	2
486	19474	176	230	0	0	*	2
487	19514	178	229	0	0	*	2
488	19554	180	228	0	0	*	2
489	19594	182	228	0	0	*	2
490	19634	183	227	0	0	*	2
491	19674	185	226	0	0	*	2
492	19714	187	225	0	0	*	2
493	19754	189	224	0	0	*	2
494	19794	191	223	0	0	*	2
495	19834	193	223	0	0	*	2
496	19874	194	222	0	0	*	2
497	19914	196	221	0	0	*	2
498	19954	198	220	0	0	*	2
499	19994	199	219	0	0	*	2
500	20034	202	218	0	0	*	2
501	20074	204	216	0	0	*	2
502	20114	205	216	0	0	*	2
503	20154	206	214	0	0	*	2
504	20194	208	213	0	0	*	2
505	20234	209	212	0	0	*	2
506	20274	211	211	0	0	*	2
507	20314	212	209	0	0	*	2
508	20354	214	208	0	0	*	2
509	20394	215	207	0	0	*	2
510	20434	216	206	0	0	*	2
511	20474	217	204	0	0	*	2
512	20514	218	203	0	0	*	2
513	20554	219	202	0	0	*	2
514	20594	221	200	0	0	*	2
515	20634	221	199	0	0	*	2
516	20674	222	197	0	0	*	2
517	20714	223	196	0	0	*	2
518	20754	224	195	0	0	*	2
519	20794	225	194	0	0	*	2
520	20834	225	191	0	0	*	2
521	20874	226	191	0	0	*	2
522	20914	227	189	0	0	*	2
523	20954	227	187	0	0	*	2
524	20994	228	186	0	0	*	2
525	21034	229	185	0	0	*	2
526	21074	229	183	0	0	*	2
527	21114	230	182	0	0	*	2
528	21154	231	180	0	0	*	2
529	21194	231	178	0	0	*	2
530	21234	231	175	0	0	*	2
531	21274	231	173	0	0	*	2
532	21314	232	172	0	0	*	2
533	21354	232	170	0	0	*	2
534	21394	232	168	0	0	*	2
535	21434	232	166	0	0	*	2
536	21474	232	164	0	0	*	2
537	21514	232	162	0	0	*	2
538	21554	233	161	0	0	*	2
539	21594	233	159	0	0	*	2
540	21634	233	157	0	0	*	2
541	21674	233	156	0	0	*	2
542	21714	233	154	0	0	*	2
543	21754	234	152	0	0	*	2
544	21794	234	150	0	0	*	2
545	21834	233	148	0	0	*	2
546	21874	233	146	0	0	*	2
547	21914	233	144	0	0	*	2
548	21954	232	143	0	0	*	2
549	21994	232	140	0	0	*	2
550	22034	231	139	0	0	*	2
551	22074	231	138	0	0	*	2
552	22114	231	135	0	0	*	2
553	22154	230	134	0	0	*	2
554	22194	230	132	0	0	*	2
555	22234	229	130	0	0	*	2
556	22274	228	128	0	0	*	2
557	22314	227	126	0	0	*	2
558	22354	226	125	0	0	*	2
559	22394	225	123	0	0	*	2
560	22434	224	121	0	0	*	2
561	22474	223	120	0	0	*	2
562	22514	221	118	0	0	*	2
563	22554	221	117	0	0	*	2
564	22594	219	115	0	0	*	2
565	22634	219	114	0	0	*	2
566	22674	217	112	0	0	*	2
567	22714	217	111	0	0	*	2
568	22754	215	110	0	0	*	2
569	22794	214	108	0	0	*	2
570	22834	213	107	0	0	*	2
571	22874	212	105	0	0	*	2
572	22914	211	104	0	0	*	2
573	22954	210	102	0	0	*	2
574	22994	208	101	0	0	*	2
575	23034	207	99	0	0	*	2
576	23074	206	98	0	0	*	2
577	23114	206	96	0	0	*	2
578	23154	204	94	0	0	*	2
579	23194	203	93	0	0	*	2
580	23234	202	92	0	0	*	2
581	23274	200	90	0	0	*	2
582	23314	199	89	0	0	*	2
583	23354	198	87	0	0	*	2
584	23394	197	85	0	0	*	2
585	23434	195	83	0	0	*	2
586	23474	194	82	0	0	*	2
587	23514	192	79	0	0	*	2
588	23554	192	79	0	0	*	2
589	23594	191	78	0	0	*	2
590	23634	190	77	0	0	*	2
591	23674	188	75	0	0	*	2
592	23714	186	73	0	0	*	2
593	23754	184	71	0	0	*	2
594	23794	182	70	0	0	*	2
595	23834	182	69	0	0	*	2
596	23874	181	68	0	0	*	2
597	23914	180	67	0	0	*	2
598	23954	178	65	0	0	*	2
599	23994	176	64	0	0	*	2
600	24034	174	62	0	0	*	2
601	24074	172	61	0	0	*	2
602	24114	171	60	0	0	*	2
603	24154	170	59	0	0	*	2
604	24194	169	58	0	0	*	2
605	24234	168	57	0	0	*	2
606	24274	166	56	0	0	*	2
607	24314	164	55	0	0	*	2
608	24354	162	54	0	0	*	2
609	24394	160	53	0	0	*	2
610	24434	159	52	0	0	*	2
611	24474	158	51	0	0	*	2
612	24514	156	51	0	0	*	2
613	24554	154	50	0	0	*	2
614	24594	152	49	0	0	*	2
615	24634	150	48	0	0	*	2
616	24674	148	47	0	0	*	2
617	24714	146	47	0	0	*	2
618	24754	144	46	0	0	*	2
619	24794	142	46	0	0	*	2
620	24834	141	45	0	0	*	2
621	24874	139	45	0	0	*	2
622	24914	137	44	0	0	*	2
623	24954	136	44	0	0	*	2
624	24994	136	45	0	0	*	2
625	25034	136	44	0	0	*	2
626	25074	135	44	0	0	*	2
627	25114	134	44	0	1	*	2
628	25154	134	43	0	1	*	2
629	25194	134	43	0	1	*	2
630	25234	134	43	0	1	*	2
631	25274	134	43	0	1	*	2
632	25314	134	43	0	1	*	2
633	25354	135	42	0	1	*	2
634	25394	136	42	0	0	*	2
635	25434	137	41	0	0	*	2
636	25474	138	40	0	0	*	2
637	25514	139	39	0	0	*	2
638	25554	140	38	0	0	*	2
639	25594	141	37	0	0	*	2
640	25634	141	36	0	0	*	2
641	25674	141	36	0	0	*	2
642	25714	140	35	0	0	*	2
643	25754	139	35	0	0	*	2
644	25794	137	34	0	0	*	2
645	25834	136	33	0	0	*	2
646	25874	135	33	0	0	*	2
647	25914	134	33	0	1	*	2
648	25954	134	34	0	1	*	2
649	25994	133	35	0	1	*	2
650	26034	132	36	0	1	*	2
651	26074	132	37	0	1	*	2
652	26114	133	38	0	1	*	2
653	26154	132	38	0	1	*	2
654	26194	132	39	0	1	*	2
655	26234	130	39	0	1	*	2
656	26274	128	39	0	1	*	2
657	26314	127	39	0	1	*	2
658	26354	125	40	0	1	*	2
659	26394	124	40	0	1	*	2
660	26434	123	41	0	1	*	2
661	26474	123	42	0	1	*	2
662	26514	122	43	0	1	*	2
663	26554	122	44	0	1	*	2
664	26594	121	44	0	1	*	2
665	26634	121	45	0	1	*	2
666	26674	121	46	0	0	*	2
667	26714	121	46	0	0	*	2
668	26754	120	47	0	0	*	2
669	26794	119	48	0	0	*	2
670	26834	117	49	0	0	*	2
671	26874	116	50	0	0	*	2
672	26914	115	50	0	0	*	2
673	26954	115	51	0	0	*	2
674	26994	115	51	0	0	*	2
675	27034	114	52	0	0	*	2
676	27074	112	53	0	0	*	2
677	27114	110	53	0	0	*	2
678	27154	109	54	0	0	*	2
679	27194	108	54	0	0	*	2
680	27234	106	55	0	0	*	2
681	27274	104	56	0	0	*	2
682	27314	102	56	0	0	*	2
683	27354	100	56	0	0	*	2
684	27394	98	57	0	0	*	2
685	27434	97	57	0	0	*	2
686	27474	95	57	0	0	*	2
687	27514	93	57	0	0	*	2
688	27554	92	58	0	0	*	2
689	27594	90	58	0	0	*	2
690	27634	88	58	0	0	*	2
691	27674	87	58	0	0	*	2
692	27714	85	58	0	0	*	2
693	27754	83	59	0	0	*	2
694	27794	82	59	0	0	*	2
695	27834	79	59	0	0	*	2
696	27874	77	59	0	0	*	2
697	27914	75	59	0	0	*	2
698	27954	73	60	0	0	*	2
699	27994	71	60	0	0	*	2
700	28034	69	60	0	0	*	2
701	28074	67	60	0	0	*	2
702	28114	65	60	0	0	*	2
703	28154	63	60	0	0	*	2
704	28194	61	61	0	0	*	2
705	28234	58	61	0	0	*	2
706	28274	56	61	0	0	*	2
707	28314	54	61	0	0	*	2
708	28354	52	61	0	0	*	2
709	28394	49	61	0	0	*	2
710	28434	48	61	0	0	*	2
711	28474	45	61	0	0	*	2
712	28514	43	62	0	0	*	2
713	28554	41	62	0	0	*	2
714	28594	39	62	0	0	*	2
715	28634	34	61	0	0	*	2
716	28674	32	62	0	0	*	2
717	28714	30	63	0	0	*	2
718	28754	28	63	0	0	*	2
719	28794	27	64	0	0	*	2
720	28834	25	65	0	0	*	2
721	28874	24	66	0	0	*	2
722	28914	23	67	0	0	*	2
723	28954	22	67	0	0	*	2
724	28994	21	68	0	0	*	2
725	29034	20	70	0	0	*	2
726	29074	19	71	0	0	*	2
727	29114	19	73	0	0	*	2
728	29154	18	75	0	0	*	2
729	29194	17	76	0	0	*	2
730	29234	17	78	0	0	*	2
731	29274	16	80	0	0	*	2
732	29314	16	81	0	0	*	2
733	29354	15	83	0	0	*	2
734	29394	15	85	0	0	*	2
735	29434	15	85	0	0	*	2
736	29474	14	87	0	0	*	2
737	29514	14	89	0	0	*	2
738	29554	14	90	0	0	*	2
739	29594	13	92	0	0	*	2
740	29634	13	94	0	0	*	2
741	29674	13	95	0	0	*	2
742	29714	13	97	0	0	*	2
743	29754	13	99	0	0	*	2
744	29794	13	100	0	0	*	2
745	29834	12	102	0	0	*	2
746	29874	12	104	0	0	*	2
747	29914	12	106	0	0	*	2
748	29954	12	107	0	0	*	2
749	29994	14	109	0	0	*	2
750	30034	14	111	0	0	*	2
751	30074	14	114	0	0	*	2
752	30114	15	116	0	0	*	2
753	30154	17	120	0	0	*	2
754	30194	18	122	0	0	*	2
755	30234	19	125	0	0	*	2
756	30274	19	127	0	0	*	2
757	30314	20	129	0	0	*	2
758	30354	20	131	0	0	*	2
759	30394	21	133	0	0	*	2
760	30434	21	135	0	0	*	2
761	30474	22	137	0	0	*	2
762	30514	22	139	0	0	*	2
763	30554	23	141	0	0	*	2
764	30594	23	143	0	0	*	2
765	30634	24	145	0	0	*	2
766	30674	24	147	0	0	*	2
767	30714	24	149	0	0	*	2
768	30754	25	151	0	0	*	2
769	30794	25	154	0	0	*	2
770	30834	26	155	0	0	*	2
771	30874	26	158	0	0	*	2
772	30914	27	160	0	0	*	2
773	30954	27	162	0	0	*	2
774	30994	28	164	0	0	*	2
775	31034	29	166	0	0	*	2
776	31074	29	168	0	0	*	2
777	31114	30	170	0	0	*	2
778	31154	30	171	0	0	*	2
779	31194	31	174	0	0	*	2
780	31234	32	175	0	0	*	2
781	31274	33	177	0	0	*	2
782	31314	34	179	0	0	*	2
783	31354	35	181	0	0	*	2
784	31394	36	183	0	0	*	2
785	31434	36	185	0	0	*	2
786	31474	37	186	0	0	*	2
787	31514	38	188	0	0	*	2
788	31554	40	190	0	0	*	2
789	31594	41	192	0	0	*	2
790	31634	42	193	0	0	*	2
791	31674	43	195	0	0	*	2
792	31714	44	197	0	0	*	2
793	31754	46	199	0	0	*	2
794	31794	47	200	0	0	*	2
795	31834	48	202	0	0	*	2
796	31874	49	203	0	0	*	2
797	31914	51	205	0	0	*	2
798	31954	52	206	0	0	*	2
799	31994	53	207	0	0	*	2
800	32034	54	208	0	0	*	2
801	32074	56	210	0	0	*	2
802	32114	58	211	0	0	*	2
803	32154	60	212	0	0	*	2
804	32194	61	213	0	0	*	2
805	32234	62	215	0	0	*	2
806	32274	64	216	0	0	*	2
807	32314	65	217	0	0	*	2
808	32354	67	219	0	0	*	2
809	32394	69	220	0	0	*	2
810	32434	71	222	0	0	*	2
811	32474	72	223	0	0	*	2
812	32514	73	224	0	0	*	2
813	32554	75	225	0	0	*	2
814	32594	77	226	0	0	*	2
815	32634	79	228	0	0	*	2
816	32674	81	229	0	0	*	2
817	32714	83	230	0	0	*	2
818	32754	84	231	0	0	*	2
819	32794	86	232	0	0	*	2
820	32834	88	232	0	0	*	2
821	32874	90	233	0	0	*	2
822	32914	92	234	0	0	*	2
823	32954	94	235	0	0	*	2
824	32994	96	236	0	0	*	2
825	33034	97	236	0	0	*	2
826	33074	99	237	0	0	*	2
827	33114	101	237	0	0	*	2
828	33154	103	238	0	0	*	2
829	33194	105	238	0	0	*	2
830	33234	107	239	0	0	*	2
831	33274	109	239	0	0	*	2
832	33314	111	239	0	0	*	2
833	33354	114	240	0	0	*	2
834	33394	116	240	0	0	*	2
835	33434	118	240	0	0	*	2
836	33474	120	241	0	0	*	2
837	33514	122	241	0	0	*	2
838	33554	123	241	0	0	*	2
839	33594	126	241	0	0	*	2
840	33634	128	241	0	0	*	2
841	33674	131	241	0	0	*	2
842	33714	133	241	0	0	*	2
843	33754	135	241	0	0	*	2
844	33794	137	241	0	0	*	2
845	33834	139	241	0	0	*	2
846	33874	141	241	0	0	*	2
847	33914	143	241	0	0	*	2
848	33954	145	241	0	0	*	2
849	33994	147	241	0	0	*	2
850	34034	149	241	0	0	*	2
851	34074	150	241	0	0	*	2
852	34114	153	240	0	0	*	2
853	34154	154	240	0	0	*	2
854	34194	156	240	0	0	*	2
855	34234	158	239	0	0	*	2
856	34274	160	239	0	0	*	2
857	34314	161	238	0	0	*	2
858	34354	163	238	0	0	*	2
859	34394	165	237	0	0	*	2
860	34434	167	236	0	0	*	2
861	34474	168	236	0	0	*	2
862	34514	170	235	0	0	*	2
863	34554	171	234	0	0	*	2
864	34594	173	233	0	0	*	2
865	34634	175	232	0	0	*	2
866	34674	177	231	0	0	*	2
867	34714	178	230	0	0	*	2
868	34754	181	228	0	0	*	2
869	34794	182	227	0	0	*	2
870	34834	183	226	0	0	*	2
871	34874	185	224	0	0	*	2
872	34914	187	223	0	0	*	2
873	34954	188	222	0	0	*	2
874	34994	190	220	0	0	*	2
875	35034	191	219	0	0	*	2
876	35074	192	217	0	0	*	2
877	35114	194	216	0	0	*	2
878	35154	195	215	0	0	*	2
879	35194	196	213	0	0	*	2
880	35234	198	212	0	0	*	2
881	35274	199	211	0	0	*	2
882	35314	201	210	0	0	*	2
883	35354	202	209	0	0	*	2
884	35394	204	207	0	0	*	2
885	35434	205	206	0	0	*	2
886	35474	206	204	0	0	*	2
887	35514	208	203	0	0	*	2
888	35554	210	201	0	0	*	2
889	35594	211	200	0	0	*	2
890	35634	212	198	0	0	*	2
891	35674	214	196	0	0	*	2
892	35714	216	195	0	0	*	2
893	35754	217	193	0	0	*	2
894	35794	219	192	0	0	*	2
895	35834	220	190	0	0	*	2
896	35874	221	189	0	0	*	2
897	35914	222	187	0	0	*	2
898	35954	223	185	0	0	*	2
899	35994	224	185	0	0	*	2
900	36034	226	183	0	0	*	2
901	36074	227	181	0	0	*	2
902	36114	228	180	0	0	*	2
903	36154	228	178	0	0	*	2
904	36194	230	176	0	0	*	2
905	36234	230	174	0	0	*	2
906	36274	231	173	0	0	*	2
907	36314	232	171	0	0	*	2
908	36354	232	170	0	0	*	2
909	36394	233	168	0	0	*	2
910	36434	234	166	0	0	*	2
911	36474	235	164	0	0	*	2
912	36514	235	163	0	0	*	2
913	36554	236	162	0	0	*	2
914	36594	236	160	0	0	*	2
915	36634	237	158	0	0	*	2
916	36674	237	156	0	0	*	2
917	36714	238	154	0	0	*	2
918	36754	238	152	0	0	*	2
919	36794	238	151	0	0	*	2
920	36834	239	149	0	0	*	2
921	36874	239	146	0	0	*	2
922	36914	239	145	0	0	*	2
923	36954	240	143	0	0	*	2
924	36994	240	141	0	0	*	2
925	37034	240	139	0	0	*	2
926	37074	240	138	0	0	*	2
927	37114	240	136	0	0	*	2
928	37154	240	134	0	0	*	2
929	37194	240	132	0	0	*	2
930	37234	240	131	0	0	*	2
931	37274	240	129	0	0	*	2
932	37314	240	127	0	0	*	2
933	37354	240	125	0	0	*	2
934	37394	239	123	0	0	*	2
935	37434	239	122	0	0	*	2
936	37474	239	120	0	0	*	2
937	37514	238	118	0	0	*	2
938	37554	238	116	0	0	*	2
939	37594	237	115	0	0	*	2
940	37634	237	114	0	0	*	2
941	37674	236	112	0	0	*	2
942	37714	236	110	0	0	*	2
943	37754	235	109	0	0	*	2
944	37794	234	106	0	0	*	2
945	37834	233	104	0	0	*	2
946	37874	233	103	0	0	*	2
947	37914	232	101	0	0	*	2
948	37954	231	99	0	0	*	2
949	37994	230	98	0	0	*	2
950	38034	229	96	0	0	*	2
951	38074	228	94	0	0	*	2
952	38114	227	92	0	0	*	2
953	38154	226	91	0	0	*	2
954	38194	224	89	0	0	*	2
955	38234	224	89	0	0	*	2
956	38274	223	87	0	0	*	2
957	38314	222	85	0	0	*	2
958	38354	220	83	0	0	*	2
959	38394	220	83	0	0	*	2
960	38434	219	82	0	0	*	2
961	38474	218	80	0	0	*	2
962	38514	217	78	0	0	*	2
963	38554	216	78	0	0	*	2
964	38594	214	76	0	0	*	2
965	38634	212	74	0	0	*	2
966	38674	212	74	0	0	*	2
967	38714	211	73	0	0	*	2
968	38754	209	71	0	0	*	2
969	38794	207	70	0	0	*	2
970	38834	206	69	0	0	*	2
971	38874	204	67	0	0	*	2
972	38914	204	67	0	0	*	2
973	38954	203	66	0	0	*	2
974	38994	202	65	0	0	*	2
975	39034	201	64	0	0	*	2
976	39074	199	63	0	0	*	2
977	39114	197	61	0	0	*	2
978	39154	195	60	0	0	*	2
979	39194	193	58	0	0	*	2
980	39234	191	57	0	0	*	2
981	39274	189	55	0	0	*	2
982	39314	189	55	0	0	*	2
983	39354	188	54	0	0	*	2
984	39394	186	53	0	0	*	2
985	39434	185	53	0	0	*	2
986	39474	184	52	0	0	*	2
987	39514	182	51	0	0	*	2
988	39554	180	50	0	0	*	2
989	39594	178	49	0	0	*	2
990	39634	177	48	0	0	*	2
991	39674	175	47	0	0	*	2
992	39714	173	46	0	0	*	2
993	39754	172	46	0	0	*	2
994	39794	170	45	0	0	*	2
995	39834	169	44	0	0	*	2
996	39874	167	44	0	0	*	2
997	39914	165	43	0	0	*	2
998	39954	164	42	0	0	*	2
999	39994	161	41	0	0	*	2
1000	40034	160	40	0	0	*	2
1001	40074	158	39	0	0	*	2
1002	40114	157	39	0	0	*	2
1003	40154	155	38	0	0	*	2
1004	40194	153	37	0	0	*	2
1005	40234	151	36	0	0	*	2
1006	40274	150	35	0	0	*	2
1007	40314	147	34	0	0	*	2
1008	40354	146	34	0	0	*	2
1009	40394	145	33	0	0	*	2
1010	40434	143	33	0	0	*	2
1011	40474	142	32	0	0	*	2
1012	40514	141	31	0	0	*	2
1013	40554	140	31	0	0	*	2
1014	40594	140	30	0	0	*	2
1015	40634	139	30	0	0	*	2
1016	40674	138	31	0	0	*	2
1017	40714	137	31	0	0	*	2
1018	40754	136	31	0	0	*	2
1019	40794	135	32	0	0	*	2
1020	40834	134	32	0	0	*	2
1021	40874	134	33	0	1	*	2
1022	40914	134	33	0	1	*	2
1023	40954	134	34	0	1	*	2
1024	40994	133	35	0	1	*	2
1025	41034	133	36	0	1	*	2
1026	41074	132	37	0	1	*	2
1027	41114	132	38	0	1	*	2
1028	41154	131	40	0	1	*	2
1029	41194	129	41	0	1	*	2
1030	41234	128	43	0	1	*	2
1031	41274	128	45	0	1	*	2
1032	41314	127	46	0	1	*	2
1033	41354	127	46	0	1	*	2
1034	41394	126	48	0	0	*	2
1035	41434	124	49	0	0	*	2
1036	41474	124	50	0	0	*	2
1037	41514	123	51	0	0	*	2
1038	41554	123	51	0	0	*	2
1039	41594	122	52	0	0	*	2
1040	41634	121	52	0	0	*	2
1041	41674	121	52	0	0	*	2
1042	41714	120	52	0	0	*	2
1043	41754	119	52	0	0	*	2
1044	41794	118	52	0	0	*	2
1045	41834	117	52	0	0	*	2
1046	41874	116	52	0	0	*	2
1047	41914	115	52	0	0	*	2
1048	41954	113	52	0	0	*	2
1049	41994	112	52	0	0	*	2
1050	42034	111	52	0	0	*	2
1051	42074	110	52	0	0	*	2
1052	42114	109	52	0	0	*	2
1053	42154	108	52	0	0	*	2
1054	42194	107	52	0	0	*	2
1055	42234	105	52	0	0	*	2
1056	42274	104	52	0	0	*	2
1057	42314	102	52	0	0	*	2
1058	42354	100	52	0	0	*	2
1059	42394	99	52	0	0	*	2
1060	42434	97	52	0	0	*	2
1061	42474	96	52	0	0	*	2
1062	42514	94	52	0	0	*	2
1063	42554	92	52	0	0	*	2
1064	42594	90	52	0	0	*	2
1065	42634	88	52	0	0	*	2
1066	42674	87	52	0	0	*	2
1067	42714	85	52	0	0	*	2
1068	42754	84	52	0	0	*	2
1069	42794	82	52	0	0	*	2
1070	42834	80	52	0	0	*	2
1071	42874	78	52	0	0	*	2
1072	42914	76	52	0	0	*	2
1073	42954	74	53	0	0	*	2
1074	42994	72	53	0	0	*	2
1075	43034	71	53	0	0	*	2
1076	43074	69	53	0	0	*	2
1077	43114	67	53	0	0	*	2
1078	43154	65	53	0	0	*	2
1079	43194	63	53	0	0	*	2
1080	43234	61	54	0	0	*	2
1081	43274	58	54	0	0	*	2
1082	43314	56	54	0	0	*	2
1083	43354	54	54	0	0	*	2
1084	43394	52	54	0	0	*	2
1085	43434	50	54	0	0	*	2
1086	43474	49	55	0	0	*	2
1087	43514	47	55	0	0	*	2
1088	43554	45	56	0	0	*	2
1089	43594	43	56	0	0	*	2
1090	43634	41	57	0	0	*	2
1091	43674	39	58	0	0	*	2
1092	43714	38	58	0	0	*	2
1093	43754	36	59	0	0	*	2
1094	43794	32	60	0	0	*	2
1095	43834	30	61	0	0	*	2
1096	43874	29	62	0	0	*	2
1097	43914	28	62	0	0	*	2
1098	43954	26	64	0	0	*	2
1099	43994	26	64	0	0	*	2
1100	44034	24	66	0	0	*	2
1101	44074	24	66	0	0	*	2
1102	44114	23	68	0	0	*	2
1103	44154	22	69	0	0	*	2
1104	44194	21	71	0	0	*	2
1105	44234	21	72	0	0	*	2
1106	44274	20	74	0	0	*	2
1107	44314	19	75	0	0	*	2
1108	44354	19	77	0	0	*	2
1109	44394	18	78	0	0	*	2
1110	44434	17	80	0	0	*	2
1111	44474	17	82	0	0	*	2
1112	44514	16	83	0	0	*	2
1113	44554	16	85	0	0	*	2
1114	44594	15	87	0	0	*	2
1115	44634	15	89	0	0	*	2
1116	44674	14	91	0	0	*	2
1117	44714	14	93	0	0	*	2
1118	44754	14	94	0	0	*	2
1119	44794	14	95	0	0	*	2
1120	44834	14	97	0	0	*	2
1121	44874	13	99	0	0	*	2
1122	44914	13	101	0	0	*	2
1123	44954	13	103	0	0	*	2
1124	44994	13	105	0	0	*	2
1125	45034	13	107	0	0	*	2
1126	45074	14	110	0	0	*	2
1127	45114	15	112	0	0	*	2
1128	45154	17	115	0	0	*	2
1129	45194	17	117	0	0	*	2
1130	45234	17	119	0	0	*	2
1131	45274	18	120	0	0	*	2
1132	45314	18	122	0	0	*	2
1133	45354	18	125	0	0	*	2
1134	45394	19	127	0	0	*	2
1135	45434	19	129	0	0	*	2
1136	45474	19	131	0	0	*	2
1137	45514	19	133	0	0	*	2
1138	45554	20	135	0	0	*	2
1139	45594	20	137	0	0	*	2
1140	45634	20	139	0	0	*	2
1141	45674	21	140	0	0	*	2
1142	45714	21	143	0	0	*	2
1143	45754	21	145	0	0	*	2
1144	45794	22	147	0	0	*	2
1145	45834	22	148	0	0	*	2
1146	45874	23	150	0	0	*	2
1147	45914	23	152	0	0	*	2
1148	45954	24	154	0	0	*	2
1149	45994	24	156	0	0	*	2
1150	46034	24	158	0	0	*	2
1151	46074	25	160	0	0	*	2
1152	46114	25	161	0	0	*	2
1153	46154	26	163	0	0	*	2
1154	46194	26	165	0	0	*	2
1155	46234	27	166	0	0	*	2
1156	46274	28	168	0	0	*	2
1157	46314	28	170	0	0	*	2
1158	46354	29	171	0	0	*	2
1159	46394	30	173	0	0	*	2
1160	46434	31	175	0	0	*	2
1161	46474	31	177	0	0	*	2
1162	46514	32	178	0	0	*	2
1163	46554	33	180	0	0	*	2
1164	46594	34	182	0	0	*	2
1165	46634	35	184	0	0	*	2
1166	46674	36	185	0	0	*	2
1167	46714	37	187	0	0	*	2
1168	46754	38	188	0	0	*	2
1169	46794	40	191	0	0	*	2
1170	46834	41	192	0	0	*	2
1171	46874	42	194	0	0	*	2
1172	46914	44	196	0	0	*	2
1173	46954	45	198	0	0	*	2
1174	46994	47	199	0	0	*	2
1175	47034	48	200	0	0	*	2
1176	47074	49	202	0	0	*	2
1177	47114	50	203	0	0	*	2
1178	47154	51	204	0	0	*	2
1179	47194	53	205	0	0	*	2
1180	47234	55	207	0	0	*	2
1181	47274	56	209	0	0	*	2
1182	47314	57	209	0	0	*	2
1183	47354	59	211	0	0	*	2
1184	47394	60	212	0	0	*	2
1185	47434	61	213	0	0	*	2
1186	47474	63	214	0	0	*	2
1187	47514	64	216	0	0	*	2
1188	47554	66	217	0	0	*	2
1189	47594	68	218	0	0	*	2
1190	47634	69	219	0	0	*	2
1191	47674	70	220	0	0	*	2
1192	47714	72	221	0	0	*	2
1193	47754	73	222	0	0	*	2
1194	47794	75	224	0	0	*	2
1195	47834	77	225	0	0	*	2
1196	47874	79	226	0	0	*	2
1197	47914	81	227	0	0	*	2
1198	47954	82	228	0	0	*	2
1199	47994	84	229	0	0	*	2
1200	48034	85	229	0	0	*	2
1201	48074	87	230	0	0	*	2
1202	48114	89	231	0	0	*	2
1203	48154	91	232	0	0	*	2
1204	48194	93	232	0	0	*	2
1205	48234	95	232	0	0	*	2
1206	48274	97	233	0	0	*	2
1207	48314	98	233	0	0	*	2
1208	48354	100	234	0	0	*	2
1209	48394	102	235	0	0	*	2
1210	48434	104	235	0	0	*	2
1211	48474	105	236	0	0	*	2
1212	48514	108	236	0	0	*	2
1213	48554	109	237	0	0	*	2
1214	48594	111	237	0	0	*	2
1215	48634	113	238	0	0	*	2
1216	48674	115	238	0	0	*	2
1217	48714	117	238	0	0	*	2
1218	48754	118	239	0	0	*	2
1219	48794	121	239	0	0	*	2
1220	48834	122	240	0	0	*	2
1221	48874	124	240	0	0	*	2
1222	48914	127	241	0	0	*	2
1223	48954	129	241	0	0	*	2
1224	48994	131	241	0	0	*	2
1225	49034	133	242	0	0	*	2
1226	49074	134	242	0	0	*	2
1227	49114	136	242	0	0	*	2
1228	49154	139	243	0	0	*	2
1229	49194	141	243	0	0	*	2
1230	49234	143	243	0	0	*	2
1231	49274	145	244	0	0	*	2
1232	49314	146	244	0	0	*	2
1233	49354	148	244	0	0	*	2
1234	49394	150	244	0	0	*	2
1235	49434	151	244	0	0	*	2
1236	49474	154	243	0	0	*	2
1237	49514	155	243	0	0	*	2
1238	49554	156	243	0	0	*	2
1239	49594	158	242	0	0	*	2
1240	49634	160	242	0	0	*	2
1241	49674	161	242	0	0	*	2
1242	49714	163	241	0	0	*	2
1243	49754	165	240	0	0	*	2
1244	49794	166	240	0	0	*	2
1245	49834	168	239	0	0	*	2
1246	49874	170	239	0	0	*	2
1247	49914	171	238	0	0	*	2
1248	49954	172	238	0	0	*	2
1249	49994	174	237	0	0	*	2
1250	50034	176	236	0	0	*	2
1251	50074	177	236	0	0	*	2
1252	50114	179	235	0	0	*	2
1253	50154	180	234	0	0	*	2
1254	50194	182	233	0	0	*	2
1255	50234	183	232	0	0	*	2
1256	50274	185	232	0	0	*	2
1257	50314	186	231	0	0	*	2
1258	50354	188	230	0	0	*	2
1259	50394	189	229	0	0	*	2
1260	50434	190	228	0	0	*	2
1261	50474	192	227	0	0	*	2
1262	50514	194	226	0	0	*	2
1263	50554	194	225	0	0	*	2
1264	50594	195	224	0	0	*	2
1265	50634	196	222	0	0	*	2
1266	50674	198	221	0	0	*	2
1267	50714	199	220	0	0	*	2
1268	50754	200	219	0	0	*	2
1269	50794	202	217	0	0	*	2
1270	50834	203	216	0	0	*	2
1271	50874	204	214	0	0	*	2
1272	50914	206	213	0	0	*	2
1273	50954	206	211	0	0	*	2
1274	50994	208	209	0	0	*	2
1275	51034	209	208	0	0	*	2
1276	51074	210	207	0	0	*	2
1277	51114	211	205	0	0	*	2
1278	51154	213	203	0	0	*	2
1279	51194	214	201	0	0	*	2
1280	51234	215	200	0	0	*	2
1281	51274	216	198	0	0	*	2
1282	51314	217	197	0	0	*	2
1283	51354	218	195	0	0	*	2
1284	51394	219	194	0	0	*	2
1285	51434	221	192	0	0	*	2
1286	51474	222	191	0	0	*	2
1287	51514	223	189	0	0	*	2
1288	51554	224	188	0	0	*	2
1289	51594	226	186	0	0	*	2
1290	51634	228	185	0	0	*	2
1291	51674	229	184	0	0	*	2
1292	51714	231	182	0	0	*	2
1293	51754	232	180	0	0	*	2
1294	51794	233	179	0	0	*	2
1295	51834	234	178	0	0	*	2
1296	51874	235	176	0	0	*	2
1297	51914	236	175	0	0	*	2
1298	51954	237	173	0	0	*	2
1299	51994	238	172	0	0	*	2
1300	52034	239	171	0	0	*	2
1301	52074	240	170	0	0	*	2
1302	52114	241	169	0	0	*	2
1303	52154	242	168	0	0	*	2
1304	52194	242	166	0	0	*	2
1305	52234	243	164	0	0	*	2
1306	52274	243	163	0	0	*	2
1307	52314	244	162	0	0	*	2
1308	52354	244	160	0	0	*	2
1309	52394	244	159	0	0	*	2
1310	52434	245	157	0	0	*	2
1311	52474	245	155	0	0	*	2
1312	52514	246	154	0	0	*	2
1313	52554	246	152	0	0	*	2
1314	52594	246	151	0	0	*	2
1315	52634	246	149	0	0	*	2
1316	52674	247	148	0	0	*	2
1317	52714	247	146	0	0	*	2
1318	52754	246	145	0	0	*	2
1319	52794	246	143	0	0	*	2
1320	52834	247	142	0	0	*	2
1321	52874	247	141	0	0	*	2
1322	52914	246	139	0	0	*	2
1323	52954	246	138	0	0	*	2
1324	52994	246	136	0	0	*	2
1325	53034	246	134	0	0	*	2
1326	53074	245	132	0	0	*	2
1327	53114	245	130	0	0	*	2
1328	53154	244	128	0	0	*	2
1329	53194	243	126	0	0	*	2
1330	53234	243	124	0	0	*	2
1331	53274	243	123	0	0	*	2
1332	53314	242	120	0	0	*	2
1333	53354	242	119	0	0	*	2
1334	53394	241	117	0	0	*	2
1335	53434	240	114	0	0	*	2
1336	53474	240	113	0	0	*	2
1337	53514	239	112	0	0	*	2
1338	53554	239	109	0	0	*	2
1339	53594	238	108	0	0	*	2
1340	53634	237	107	0	0	*	2
1341	53674	236	105	0	0	*	2
1342	53714	235	103	0	0	*	2
1343	53754	234	102	0	0	*	2
1344	53794	234	101	0	0	*	2
1345	53834	232	99	0	0	*	2
1346	53874	231	97	0	0	*	2
1347	53914	230	95	0	0	*	2
1348	53954	230	94	0	0	*	2
1349	53994	229	93	0	0	*	2
1350	54034	228	92	0	0	*	2
1351	54074	226	90	0	0	*	2
1352	54114	224	88	0	0	*	2
1353	54154	223	87	0	0	*	2
1354	54194	222	86	0	0	*	2
1355	54234	221	84	0	0	*	2
1356	54274	220	84	0	0	*	2
1357	54314	218	81	0	0	*	2
1358	54354	216	80	0	0	*	2
1359	54394	215	78	0	0	*	2
1360	54434	214	77	0	0	*	2
1361	54474	213	77	0	0	*	2
1362	54514	212	75	0	0	*	2
1363	54554	210	74	0	0	*	2
1364	54594	209	73	0	0	*	2
1365	54634	207	72	0	0	*	2
1366	54674	206	71	0	0	*	2
1367	54714	205	70	0	0	*	2
1368	54754	205	69	0	0	*	2
1369	54794	203	68	0	0	*	2
1370	54834	201	66	0	0	*	2
1371	54874	199	65	0	0	*	2
1372	54914	198	64	0	0	*	2
1373	54954	196	63	0	0	*	2
1374	54994	195	62	0	0	*	2
1375	55034	194	62	0	0	*	2
1376	55074	193	60	0	0	*	2
1377	55114	191	59	0	0	*	2
1378	55154	189	57	0	0	*	2
1379	55194	186	56	0	0	*	2
1380	55234	185	55	0	0	*	2
1381	55274	185	55	0	0	*	2
1382	55314	184	54	0	0	*	2
1383	55354	182	53	0	0	*	2
1384	55394	181	52	0	0	*	2
1385	55434	179	50	0	0	*	2
1386	55474	178	49	0	0	*	2
1387	55514	176	48	0	0	*	2
1388	55554	175	48	0	0	*	2
1389	55594	174	46	0	0	*	2
1390	55634	171	46	0	0	*	2
1391	55674	170	44	0	0	*	2
1392	55714	168	44	0	0	*	2
1393	55754	167	42	0	0	*	2
1394	55794	165	42	0	0	*	2
1395	55834	164	41	0	0	*	2
1396	55874	162	40	0	0	*	2
1397	55914	161	40	0	0	*	2
1398	55954	159	39	0	0	*	2
1399	55994	158	38	0	0	*	2
1400	56034	155	37	0	0	*	2
1401	56074	154	37	0	0	*	2
1402	56114	152	36	0	0	*	2
1403	56154	150	36	0	0	*	2
1404	56194	148	36	0	0	*	2
1405	56234	147	35	0	0	*	2
1406	56274	145	35	0	0	*	2
1407	56314	144	35	0	0	*	2
1408	56354	143	34	0	0	*	2
1409	56394	142	34	0	0	*	2
1410	56434	141	34	0	0	*	2
1411	56474	140	34	0	0	*	2
1412	56514	139	34	0	0	*	2
1413	56554	138	34	0	0	*	2
1414	56594	137	35	0	0	*	2
1415	56634	136	35	0	0	*	2
1416	56674	135	36	0	1	*	2
1417	56714	134	36	0	1	*	2
1418	56754	134	36	0	1	*	2
1419	56794	133	37	0	1	*	2
1420	56834	131	38	0	1	*	2
1421	56874	130	38	0	1	*	2
1422	56914	129	39	0	1	*	2
1423	56954	128	39	0	1	*	2
1424	56994	126	40	0	1	*	2
1425	57034	123	40	0	1	*	2
1426	57074	122	40	0	1	*	2
1427	57114	121	40	0	1	*	2
1428	57154	121	40	0	1	*	2
1429	57194	120	40	0	1	*	2
1430	57234	119	41	0	0	*	2
1431	57274	117	41	0	0	*	2
1432	57314	116	41	0	0	*	2
1433	57354	114	41	0	0	*	2
1434	57394	114	42	0	0	*	2
1435	57434	113	42	0	0	*	2
1436	57474	111	43	0	0	*	2
1437	57514	108	44	0	0	*	2
1438	57554	105	45	0	0	*	2
1439	57594	102	46	0	0	*	2
1440	57634	98	47	0	0	*	2
1441	57674	96	48	0	0	*	2
1442	57714	93	50	0	0	*	2
1443	57754	90	51	0	0	*	2
1444	57794	88	52	0	0	*	2
1445	57834	86	53	0	0	*	2
1446	57874	85	54	0	0	*	2
1447	57914	84	55	0	0	*	2
1448	57954	82	56	0	0	*	2
1449	57994	80	57	0	0	*	2
1450	58034	78	58	0	0	*	2
1451	58074	76	59	0	0	*	2
1452	58114	73	61	0	0	*	2
1453	58154	72	62	0	0	*	2
1454	58194	70	63	0	0	*	2
1455	58234	68	64	0	0	*	2
1456	58274	66	65	0	0	*	2
1457	58314	64	66	0	0	*	2
1458	58354	62	68	0	0	*	2
1459	58394	60	69	0	0	*	2
1460	58434	59	70	0	0	*	2
1461	58474	56	70	0	0	*	2
1462	58514	54	72	0	0	*	2
1463	58554	53	73	0	0	*	2
1464	58594	51	73	0	0	*	2
1465	58634	49	74	0	0	*	2
1466	58674	47	75	0	0	*	2
1467	58714	45	76	0	0	*	2
1468	58754	43	77	0	0	*	2
1469	58794	41	78	0	0	*	2
1470	58834	39	79	0	0	*	2
1471	58874	38	80	0	0	*	2
1472	58914	36	81	0	0	*	2
1473	58954	34	82	0	0	*	2
1474	58994	33	83	0	0	*	2
1475	59034	31	84	0	0	*	2
1476	59074	29	86	0	0	*	2
1477	59114	28	87	0	0	*	2
1478	59154	27	88	0	0	*	2
1479	59194	25	89	0	0	*	2
1480	59234	24	90	0	0	*	2
1481	59274	24	91	0	0	*	2
1482	59314	23	92	0	0	*	2
1483	59354	22	93	0	0	*	2
1484	59394	21	94	0	0	*	2
1485	59434	20	96	0	0	*	2
1486	59474	18	97	0	0	*	2
1487	59514	19	98	0	0	*	2
1488	59554	16	97	0	0	*	2
1489	59594	15	99	0	0	*	2
1490	59634	15	100	0	0	*	2
1491	59674	15	101	0	0	*	2
1492	59714	15	103	0	0	*	2
1493	59754	14	105	0	0	*	2
1494	59794	15	107	0	0	*	2
1495	59834	15	108	0	0	*	2
1496	59874	15	110	0	0	*	2
1497	59914	15	112	0	0	*	2
1498	59954	19	116	0	0	*	2
1499	59994	19	118	0	0	*	2
1500	60034	19	119	0	0	*	2
1501	60074	19	121	0	0	*	2
1502	60114	20	123	0	0	*	2
1503	60154	20	125	0	0	*	2
1504	60194	20	127	0	0	*	2
1505	60234	21	129	0	0	*	2
1506	60274	21	130	0	0	*	2
1507	60314	21	132	0	0	*	2
1508	60354	22	134	0	0	*	2
1509	60394	22	136	0	0	*	2
1510	60434	23	138	0	0	*	2
1511	60474	23	139	0	0	*	2
1512	60514	24	141	0	0	*	2
1513	60554	24	143	0	0	*	2
1514	60594	24	145	0	0	*	2
1515	60634	25	147	0	0	*	2
1516	60674	25	148	0	0	*	2
1517	60714	26	150	0	0	*	2
1518	60754	27	152	0	0	*	2
1519	60794	27	154	0	0	*	2
1520	60834	28	156	0	0	*	2
1521	60874	29	158	0	0	*	2
1522	60914	29	160	0	0	*	2
