%%BEGIN_HEADER
	%%BEGIN DATABASE_INFORMATION
		%Date.0 ( 16.10.2019 )
		%Time.0 ( 12:56 )
	%%END DATABASE_INFORMATION
	%%BEGIN SETUP_INFORMATION
		%TrackerVersion.0 ( Tracker version 2.38 release 12.8.2012 )
		%ElapsedTime_ms.0 ( 64855 )
		%Paradigm.0 ( PlacePreference )
		%FeederParameters.0 ( 1500 0 )
			// %FeederParameters.0 ( ENTRANCE_LATENCY EXIT_LATENCY )
		%ElapsedPath_m.0 ( 0.00 )
		%ArenaDiameter_m.0 ( 1.80 )
		%TrackerResolution_PixPerCM.0 ( 1.4222 )
		%ArenaCenterXY.0 ( 127.5 127.5 )
		%Frame.0 ( RoomFrame )
		%ReinforcedSector.0 ( 64.3907 64.3907 7 )
			//%ReinforcedSector.0 ( CENTER_X CENTER_Y RADIUS )
		%RoomTrackReinforcedSector.0 ( 64.3907 64.3907 7 )
			//%RoomTrackReinforcedSector.0 ( CENTER_X CENTER_Y RADIUS )
	%%END SETUP_INFORMATION
	%%BEGIN RECORD_FORMAT
		%Sample.0 ( FrameCount 1msTimeStamp RoomX RoomY Sectors State Flags FrameInfo )
			//Sectors indicate if the object is in a target. Number is binary coded. Sectors = 0: no target, Sectors = 1: room target, Sectors: = 2 arena target, Sectors: = 3 room and arena target
			////State indicates the Watermaze State: OutsideTarget = 0, EntranceLatency = 1, InsideTarget = 3, OutsideRefractory = 4, BadSpot = 5
			//FrameInfo indicates succesfuly tracked spots: ReferencePoint * 2^0 + Spot0 * 2^(1+0) + Spot1 * 2^(1+1) + Spot2 * 2^(1+2) .... 
	%%END RECORD_FORMAT
%%END_HEADER
1	54	218	46	0	0	*	2
2	94	217	46	0	0	*	2
3	134	216	45	0	0	*	2
4	174	215	45	0	0	*	2
5	214	213	44	0	0	*	2
6	254	211	44	0	0	*	2
7	294	210	43	0	0	*	2
8	334	209	43	0	0	*	2
9	374	206	42	0	0	*	2
10	414	205	41	0	0	*	2
11	454	204	42	0	0	*	2
12	494	203	42	0	0	*	2
13	534	202	41	0	0	*	2
14	574	200	41	0	0	*	2
15	614	199	40	0	0	*	2
16	654	197	40	0	0	*	2
17	694	189	37	0	0	*	2
18	734	186	36	0	0	*	2
19	774	190	37	0	0	*	2
20	814	188	37	0	0	*	2
21	854	179	35	0	0	*	2
22	894	176	34	0	0	*	2
23	934	174	33	0	0	*	2
24	974	177	35	0	0	*	2
25	1014	174	34	0	0	*	2
26	1054	166	32	0	0	*	2
27	1094	163	31	0	0	*	2
28	1134	166	32	0	0	*	2
29	1174	164	32	0	0	*	2
30	1214	161	31	0	0	*	2
31	1254	158	31	0	0	*	2
32	1294	149	28	0	0	*	2
33	1334	153	30	0	0	*	2
34	1374	150	29	0	0	*	2
35	1414	147	28	0	0	*	2
36	1454	144	28	0	0	*	2
37	1494	135	25	0	0	*	2
38	1534	138	26	0	0	*	2
39	1574	135	26	0	0	*	2
40	1614	133	25	0	0	*	2
41	1654	130	25	0	0	*	2
42	1694	121	22	0	0	*	2
43	1734	118	22	0	0	*	2
44	1774	116	22	0	0	*	2
45	1814	119	23	0	0	*	2
46	1854	110	21	0	0	*	2
47	1894	107	20	0	0	*	2
48	1934	104	20	0	0	*	2
49	1974	102	20	0	0	*	2
50	2014	104	20	0	0	*	2
51	2054	101	20	0	0	*	2
52	2094	99	19	0	0	*	2
53	2134	96	19	0	0	*	2
54	2174	93	19	0	0	*	2
55	2214	91	18	0	0	*	2
56	2254	87	18	0	0	*	2
57	2294	85	18	0	0	*	2
58	2334	83	18	0	0	*	2
59	2374	80	18	0	0	*	2
60	2414	77	18	0	0	*	2
61	2454	75	18	0	0	*	2
62	2494	73	19	0	0	*	2
63	2534	71	20	0	0	*	2
64	2574	70	20	0	0	*	2
65	2614	68	21	0	0	*	2
66	2654	66	22	0	0	*	2
67	2694	65	23	0	0	*	2
68	2734	65	24	0	0	*	2
69	2774	64	27	0	0	*	2
70	2814	62	29	0	0	*	2
71	2854	61	31	0	0	*	2
72	2894	55	38	0	0	*	2
73	2934	58	35	0	0	*	2
74	2974	57	38	0	0	*	2
75	3014	56	40	0	0	*	2
76	3054	55	42	0	0	*	2
77	3094	53	44	0	0	*	2
78	3134	52	46	0	0	*	2
79	3174	51	48	0	0	*	2
80	3214	50	50	0	0	*	2
81	3254	49	53	0	0	*	2
82	3294	48	55	0	0	*	2
83	3334	46	57	0	0	*	2
84	3374	45	59	0	0	*	2
85	3414	44	62	0	0	*	2
86	3454	43	64	0	0	*	2
87	3494	42	66	0	0	*	2
88	3534	41	69	0	0	*	2
89	3574	40	71	0	0	*	2
90	3614	39	73	0	0	*	2
91	3654	39	76	0	0	*	2
92	3694	38	79	0	0	*	2
93	3734	37	81	0	0	*	2
94	3774	36	84	0	0	*	2
95	3814	36	87	0	0	*	2
96	3854	35	89	0	0	*	2
97	3894	35	92	0	0	*	2
98	3934	34	94	0	0	*	2
99	3974	33	97	0	0	*	2
100	4014	32	100	0	0	*	2
101	4054	32	103	0	0	*	2
102	4094	31	105	0	0	*	2
103	4134	31	108	0	0	*	2
104	4174	30	111	0	0	*	2
105	4214	29	113	0	0	*	2
106	4254	29	116	0	0	*	2
107	4294	28	118	0	0	*	2
108	4334	28	121	0	0	*	2
109	4374	27	123	0	0	*	2
110	4414	26	126	0	0	*	2
111	4454	25	129	0	0	*	2
112	4494	25	131	0	0	*	2
113	4534	24	134	0	0	*	2
114	4574	24	136	0	0	*	2
115	4614	23	139	0	0	*	2
116	4654	23	141	0	0	*	2
117	4694	22	144	0	0	*	2
118	4734	21	146	0	0	*	2
119	4774	21	149	0	0	*	2
120	4814	20	151	0	0	*	2
121	4854	19	153	0	0	*	2
122	4894	18	156	0	0	*	2
123	4934	17	159	0	0	*	2
124	4974	16	161	0	0	*	2
125	5014	15	162	0	0	*	2
126	5054	15	164	0	0	*	2
127	5094	16	166	0	0	*	2
128	5134	16	167	0	0	*	2
129	5174	16	168	0	0	*	2
130	5214	16	169	0	0	*	2
131	5254	17	171	0	0	*	2
132	5294	19	171	0	0	*	2
133	5334	19	172	0	0	*	2
134	5374	20	172	0	0	*	2
135	5414	21	173	0	0	*	2
136	5454	22	174	0	0	*	2
137	5494	23	175	0	0	*	2
138	5534	24	176	0	0	*	2
139	5574	25	177	0	0	*	2
140	5614	27	178	0	0	*	2
141	5654	29	180	0	0	*	2
142	5694	31	181	0	0	*	2
143	5734	33	182	0	0	*	2
144	5774	35	183	0	0	*	2
145	5814	36	184	0	0	*	2
146	5854	38	185	0	0	*	2
147	5894	40	186	0	0	*	2
148	5934	43	188	0	0	*	2
149	5974	45	189	0	0	*	2
150	6014	47	190	0	0	*	2
151	6054	49	192	0	0	*	2
152	6094	52	193	0	0	*	2
153	6134	54	194	0	0	*	2
154	6174	57	195	0	0	*	2
155	6214	59	197	0	0	*	2
156	6254	61	198	0	0	*	2
157	6294	64	200	0	0	*	2
158	6334	72	204	0	0	*	2
159	6374	69	202	0	0	*	2
160	6414	71	204	0	0	*	2
161	6454	73	205	0	0	*	2
162	6494	81	210	0	0	*	2
163	6534	83	211	0	0	*	2
164	6574	81	209	0	0	*	2
165	6614	87	214	0	0	*	2
166	6654	85	212	0	0	*	2
167	6694	92	217	0	0	*	2
168	6734	94	219	0	0	*	2
169	6774	96	220	0	0	*	2
170	6814	98	221	0	0	*	2
171	6854	100	223	0	0	*	2
172	6894	97	221	0	0	*	2
173	6934	105	226	0	0	*	2
174	6974	107	227	0	0	*	2
175	7014	104	225	0	0	*	2
176	7054	111	230	0	0	*	2
177	7094	114	231	0	0	*	2
178	7134	110	229	0	0	*	2
179	7174	112	230	0	0	*	2
180	7214	120	234	0	0	*	2
181	7254	122	235	0	0	*	2
182	7294	124	236	0	0	*	2
183	7334	121	234	0	0	*	2
184	7374	123	235	0	0	*	2
185	7414	126	237	0	0	*	2
186	7454	133	240	0	0	*	2
187	7494	135	240	0	0	*	2
188	7534	138	241	0	0	*	2
189	7574	134	240	0	0	*	2
190	7614	136	240	0	0	*	2
191	7654	144	243	0	0	*	2
192	7694	141	242	0	0	*	2
193	7734	143	242	0	0	*	2
194	7774	145	242	0	0	*	2
195	7814	147	242	0	0	*	2
196	7854	149	242	0	0	*	2
197	7894	151	242	0	0	*	2
198	7934	153	242	0	0	*	2
199	7974	154	241	0	0	*	2
200	8014	156	240	0	0	*	2
201	8054	158	240	0	0	*	2
202	8094	159	239	0	0	*	2
203	8134	161	238	0	0	*	2
204	8174	164	237	0	0	*	2
205	8214	165	236	0	0	*	2
206	8254	167	235	0	0	*	2
207	8294	169	234	0	0	*	2
208	8334	170	233	0	0	*	2
209	8374	172	232	0	0	*	2
210	8414	174	231	0	0	*	2
211	8454	176	230	0	0	*	2
212	8494	178	228	0	0	*	2
213	8534	180	226	0	0	*	2
214	8574	182	225	0	0	*	2
215	8614	183	223	0	0	*	2
216	8654	185	221	0	0	*	2
217	8694	186	219	0	0	*	2
218	8734	188	218	0	0	*	2
219	8774	190	216	0	0	*	2
220	8814	192	214	0	0	*	2
221	8854	194	213	0	0	*	2
222	8894	195	211	0	0	*	2
223	8934	197	209	0	0	*	2
224	8974	199	207	0	0	*	2
225	9014	201	206	0	0	*	2
226	9054	203	204	0	0	*	2
227	9094	204	202	0	0	*	2
228	9134	206	200	0	0	*	2
229	9174	208	198	0	0	*	2
230	9214	209	196	0	0	*	2
231	9254	211	194	0	0	*	2
232	9294	213	192	0	0	*	2
233	9334	214	191	0	0	*	2
234	9374	216	189	0	0	*	2
235	9414	218	187	0	0	*	2
236	9454	219	185	0	0	*	2
237	9494	221	184	0	0	*	2
238	9534	222	182	0	0	*	2
239	9574	223	181	0	0	*	2
240	9614	225	178	0	0	*	2
241	9654	226	176	0	0	*	2
242	9694	227	174	0	0	*	2
243	9734	228	172	0	0	*	2
244	9774	229	170	0	0	*	2
245	9814	230	168	0	0	*	2
246	9854	231	166	0	0	*	2
247	9894	232	163	0	0	*	2
248	9934	233	162	0	0	*	2
249	9974	234	159	0	0	*	2
250	10014	235	157	0	0	*	2
251	10054	235	155	0	0	*	2
252	10094	236	152	0	0	*	2
253	10134	237	150	0	0	*	2
254	10174	238	148	0	0	*	2
255	10214	238	144	0	0	*	2
256	10254	239	142	0	0	*	2
257	10294	239	140	0	0	*	2
258	10334	239	138	0	0	*	2
259	10374	240	135	0	0	*	2
260	10414	240	133	0	0	*	2
261	10454	241	130	0	0	*	2
262	10494	241	128	0	0	*	2
263	10534	241	125	0	0	*	2
264	10574	241	123	0	0	*	2
265	10614	241	120	0	0	*	2
266	10654	241	118	0	0	*	2
267	10694	241	116	0	0	*	2
268	10734	241	114	0	0	*	2
269	10774	241	110	0	0	*	2
270	10814	240	108	0	0	*	2
271	10854	240	106	0	0	*	2
272	10894	240	104	0	0	*	2
273	10934	239	102	0	0	*	2
274	10974	238	100	0	0	*	2
275	11014	237	97	0	0	*	2
276	11054	236	95	0	0	*	2
277	11094	235	93	0	0	*	2
278	11134	234	91	0	0	*	2
279	11174	233	89	0	0	*	2
280	11214	231	87	0	0	*	2
281	11254	230	85	0	0	*	2
282	11294	229	82	0	0	*	2
283	11334	228	80	0	0	*	2
284	11374	226	78	0	0	*	2
285	11414	225	76	0	0	*	2
286	11454	223	74	0	0	*	2
287	11494	221	72	0	0	*	2
288	11534	220	70	0	0	*	2
289	11574	216	63	0	0	*	2
290	11614	217	65	0	0	*	2
291	11654	215	63	0	0	*	2
292	11694	214	61	0	0	*	2
293	11734	212	59	0	0	*	2
294	11774	211	57	0	0	*	2
295	11814	208	54	0	0	*	2
296	11854	207	52	0	0	*	2
297	11894	205	49	0	0	*	2
298	11934	204	47	0	0	*	2
299	11974	203	47	0	0	*	2
300	12014	202	45	0	0	*	2
301	12054	200	43	0	0	*	2
302	12094	198	40	0	0	*	2
303	12134	196	38	0	0	*	2
304	12174	194	36	0	0	*	2
305	12214	193	35	0	0	*	2
306	12254	192	33	0	0	*	2
307	12294	190	31	0	0	*	2
308	12334	187	29	0	0	*	2
309	12374	186	27	0	0	*	2
310	12414	184	25	0	0	*	2
311	12454	183	24	0	0	*	2
312	12494	181	23	0	0	*	2
313	12534	180	22	0	0	*	2
314	12574	178	20	0	0	*	2
315	12614	175	19	0	0	*	2
316	12654	174	18	0	0	*	2
317	12694	171	16	0	0	*	2
318	12734	170	15	0	0	*	2
319	12774	168	14	0	0	*	2
320	12814	166	13	0	0	*	2
321	12854	163	12	0	0	*	2
322	12894	161	11	0	0	*	2
323	12934	159	10	0	0	*	2
324	12974	157	9	0	0	*	2
325	13014	156	9	0	0	*	2
326	13054	153	9	0	0	*	2
327	13094	151	8	0	0	*	2
328	13134	148	8	0	0	*	2
329	13174	146	7	0	0	*	2
330	13214	144	7	0	0	*	2
331	13254	142	6	0	0	*	2
332	13294	140	6	0	0	*	2
333	13334	137	6	0	0	*	2
334	13374	135	6	0	0	*	2
335	13414	132	6	0	0	*	2
336	13454	130	6	0	0	*	2
337	13494	128	6	0	0	*	2
338	13534	125	6	0	0	*	2
339	13574	123	6	0	0	*	2
340	13614	120	6	0	0	*	2
341	13654	118	7	0	0	*	2
342	13694	115	7	0	0	*	2
343	13734	112	7	0	0	*	2
344	13774	110	7	0	0	*	2
345	13814	108	8	0	0	*	2
346	13854	105	8	0	0	*	2
347	13894	103	8	0	0	*	2
348	13934	100	9	0	0	*	2
349	13974	98	10	0	0	*	2
350	14014	96	10	0	0	*	2
351	14054	93	11	0	0	*	2
352	14094	90	11	0	0	*	2
353	14134	88	12	0	0	*	2
354	14174	85	13	0	0	*	2
355	14214	84	14	0	0	*	2
356	14254	81	15	0	0	*	2
357	14294	79	16	0	0	*	2
358	14334	76	17	0	0	*	2
359	14374	74	18	0	0	*	2
360	14414	72	19	0	0	*	2
361	14454	70	21	0	0	*	2
362	14494	68	22	0	0	*	2
363	14534	65	23	0	0	*	2
364	14574	63	23	0	0	*	2
365	14614	61	25	0	0	*	2
366	14654	59	26	0	0	*	2
367	14694	57	28	0	0	*	2
368	14734	55	29	0	0	*	2
369	14774	54	31	0	0	*	2
370	14814	52	32	0	0	*	2
371	14854	50	34	0	0	*	2
372	14894	49	35	0	0	*	2
373	14934	47	37	0	0	*	2
374	14974	45	39	0	0	*	2
375	15014	44	40	0	0	*	2
376	15054	42	42	0	0	*	2
377	15094	40	45	0	0	*	2
378	15134	39	46	0	0	*	2
379	15174	37	48	0	0	*	2
380	15214	36	50	0	0	*	2
381	15254	34	52	0	0	*	2
382	15294	32	54	0	0	*	2
383	15334	32	57	0	0	*	2
384	15374	30	59	0	0	*	2
385	15414	29	61	0	0	*	2
386	15454	27	63	0	0	*	2
387	15494	25	65	0	0	*	2
388	15534	25	68	0	0	*	2
389	15574	24	70	0	0	*	2
390	15614	23	72	0	0	*	2
391	15654	22	74	0	0	*	2
392	15694	21	76	0	0	*	2
393	15734	21	78	0	0	*	2
394	15774	20	81	0	0	*	2
395	15814	19	83	0	0	*	2
396	15854	18	85	0	0	*	2
397	15894	18	87	0	0	*	2
398	15934	18	89	0	0	*	2
399	15974	17	91	0	0	*	2
400	16014	17	93	0	0	*	2
401	16054	17	96	0	0	*	2
402	16094	17	98	0	0	*	2
403	16134	17	101	0	0	*	2
404	16174	17	103	0	0	*	2
405	16214	17	105	0	0	*	2
406	16254	17	108	0	0	*	2
407	16294	17	110	0	0	*	2
408	16334	18	113	0	0	*	2
409	16374	18	115	0	0	*	2
410	16414	19	117	0	0	*	2
411	16454	19	120	0	0	*	2
412	16494	20	122	0	0	*	2
413	16534	20	125	0	0	*	2
414	16574	21	128	0	0	*	2
415	16614	21	130	0	0	*	2
416	16654	22	132	0	0	*	2
417	16694	23	135	0	0	*	2
418	16734	23	138	0	0	*	2
419	16774	24	140	0	0	*	2
420	16814	24	142	0	0	*	2
421	16854	25	145	0	0	*	2
422	16894	26	148	0	0	*	2
423	16934	26	150	0	0	*	2
424	16974	27	153	0	0	*	2
425	17014	28	156	0	0	*	2
426	17054	28	159	0	0	*	2
427	17094	29	161	0	0	*	2
428	17134	30	164	0	0	*	2
429	17174	30	166	0	0	*	2
430	17214	31	169	0	0	*	2
431	17254	32	172	0	0	*	2
432	17294	33	174	0	0	*	2
433	17334	33	177	0	0	*	2
434	17374	34	180	0	0	*	2
435	17414	34	182	0	0	*	2
436	17454	35	185	0	0	*	2
437	17494	36	187	0	0	*	2
438	17534	36	189	0	0	*	2
439	17574	36	190	0	0	*	2
440	17614	37	192	0	0	*	2
441	17654	38	194	0	0	*	2
442	17694	39	195	0	0	*	2
443	17734	40	197	0	0	*	2
444	17774	40	198	0	0	*	2
445	17814	42	199	0	0	*	2
446	17854	44	201	0	0	*	2
447	17894	45	202	0	0	*	2
448	17934	47	203	0	0	*	2
449	17974	49	204	0	0	*	2
450	18014	51	204	0	0	*	2
451	18054	53	205	0	0	*	2
452	18094	55	206	0	0	*	2
453	18134	56	206	0	0	*	2
454	18174	59	207	0	0	*	2
455	18214	61	207	0	0	*	2
456	18254	63	208	0	0	*	2
457	18294	65	208	0	0	*	2
458	18334	68	209	0	0	*	2
459	18374	70	209	0	0	*	2
460	18414	72	209	0	0	*	2
461	18454	75	210	0	0	*	2
462	18494	78	210	0	0	*	2
463	18534	80	211	0	0	*	2
464	18574	83	212	0	0	*	2
465	18614	85	213	0	0	*	2
466	18654	94	215	0	0	*	2
467	18694	97	216	0	0	*	2
468	18734	99	217	0	0	*	2
469	18774	102	217	0	0	*	2
470	18814	104	219	0	0	*	2
471	18854	107	220	0	0	*	2
472	18894	110	220	0	0	*	2
473	18934	112	221	0	0	*	2
474	18974	115	222	0	0	*	2
475	19014	117	223	0	0	*	2
476	19054	120	225	0	0	*	2
477	19094	122	225	0	0	*	2
478	19134	124	226	0	0	*	2
479	19174	127	227	0	0	*	2
480	19214	129	228	0	0	*	2
481	19254	131	230	0	0	*	2
482	19294	134	231	0	0	*	2
483	19334	136	232	0	0	*	2
484	19374	138	232	0	0	*	2
485	19414	141	233	0	0	*	2
486	19454	143	234	0	0	*	2
487	19494	139	232	0	0	*	2
488	19534	142	234	0	0	*	2
489	19574	144	234	0	0	*	2
490	19614	146	235	0	0	*	2
491	19654	148	237	0	0	*	2
492	19694	150	238	0	0	*	2
493	19734	152	239	0	0	*	2
494	19774	154	240	0	0	*	2
495	19814	156	240	0	0	*	2
496	19854	158	241	0	0	*	2
497	19894	159	240	0	0	*	2
498	19934	161	240	0	0	*	2
499	19974	162	240	0	0	*	2
500	20014	164	239	0	0	*	2
501	20054	166	239	0	0	*	2
502	20095	167	238	0	0	*	2
503	20134	168	237	0	0	*	2
504	20174	170	236	0	0	*	2
505	20214	172	234	0	0	*	2
506	20254	174	233	0	0	*	2
507	20294	176	232	0	0	*	2
508	20335	177	231	0	0	*	2
509	20374	179	229	0	0	*	2
510	20414	181	228	0	0	*	2
511	20455	182	227	0	0	*	2
512	20494	184	225	0	0	*	2
513	20534	186	224	0	0	*	2
514	20574	188	222	0	0	*	2
515	20614	190	220	0	0	*	2
516	20654	192	219	0	0	*	2
517	20695	194	217	0	0	*	2
518	20734	195	216	0	0	*	2
519	20774	197	214	0	0	*	2
520	20814	199	212	0	0	*	2
521	20854	201	210	0	0	*	2
522	20895	203	209	0	0	*	2
523	20935	205	207	0	0	*	2
524	20975	206	206	0	0	*	2
525	21014	207	204	0	0	*	2
526	21055	209	201	0	0	*	2
527	21095	211	199	0	0	*	2
528	21135	213	197	0	0	*	2
529	21175	214	195	0	0	*	2
530	21214	215	193	0	0	*	2
531	21255	217	191	0	0	*	2
532	21295	219	189	0	0	*	2
533	21335	219	187	0	0	*	2
534	21375	221	185	0	0	*	2
535	21415	222	183	0	0	*	2
536	21455	224	181	0	0	*	2
537	21495	225	178	0	0	*	2
538	21535	226	177	0	0	*	2
539	21575	227	175	0	0	*	2
540	21615	229	172	0	0	*	2
541	21655	230	170	0	0	*	2
542	21695	231	168	0	0	*	2
543	21735	232	165	0	0	*	2
544	21775	233	163	0	0	*	2
545	21815	234	161	0	0	*	2
546	21855	236	159	0	0	*	2
547	21895	236	157	0	0	*	2
548	21935	237	155	0	0	*	2
549	21975	238	152	0	0	*	2
550	22015	239	150	0	0	*	2
551	22055	240	147	0	0	*	2
552	22095	241	145	0	0	*	2
553	22135	242	143	0	0	*	2
554	22175	242	140	0	0	*	2
555	22215	243	139	0	0	*	2
556	22255	243	136	0	0	*	2
557	22295	244	133	0	0	*	2
558	22335	245	131	0	0	*	2
559	22375	245	129	0	0	*	2
560	22415	245	126	0	0	*	2
561	22455	245	124	0	0	*	2
562	22495	246	122	0	0	*	2
563	22535	246	119	0	0	*	2
564	22575	246	117	0	0	*	2
565	22615	246	116	0	0	*	2
566	22655	246	113	0	0	*	2
567	22695	246	111	0	0	*	2
568	22735	246	109	0	0	*	2
569	22775	245	107	0	0	*	2
570	22815	245	105	0	0	*	2
571	22855	244	102	0	0	*	2
572	22895	244	100	0	0	*	2
573	22935	243	98	0	0	*	2
574	22975	243	96	0	0	*	2
575	23015	243	94	0	0	*	2
576	23055	242	92	0	0	*	2
577	23095	240	89	0	0	*	2
578	23135	239	87	0	0	*	2
579	23175	239	85	0	0	*	2
580	23215	238	83	0	0	*	2
581	23255	237	81	0	0	*	2
582	23295	235	79	0	0	*	2
583	23335	234	76	0	0	*	2
584	23375	233	75	0	0	*	2
585	23415	232	72	0	0	*	2
586	23455	231	71	0	0	*	2
587	23495	229	69	0	0	*	2
588	23535	227	67	0	0	*	2
589	23575	226	65	0	0	*	2
590	23615	224	64	0	0	*	2
591	23655	222	61	0	0	*	2
592	23695	221	60	0	0	*	2
593	23735	219	58	0	0	*	2
594	23775	217	56	0	0	*	2
595	23815	215	55	0	0	*	2
596	23855	213	53	0	0	*	2
597	23895	211	52	0	0	*	2
598	23935	209	50	0	0	*	2
599	23975	207	49	0	0	*	2
600	24015	205	47	0	0	*	2
601	24055	203	46	0	0	*	2
602	24095	201	44	0	0	*	2
603	24135	198	43	0	0	*	2
604	24175	196	42	0	0	*	2
605	24215	194	40	0	0	*	2
606	24255	192	39	0	0	*	2
607	24295	190	38	0	0	*	2
608	24335	187	36	0	0	*	2
609	24375	185	35	0	0	*	2
610	24415	182	34	0	0	*	2
611	24455	180	33	0	0	*	2
612	24495	178	32	0	0	*	2
613	24535	170	28	0	0	*	2
614	24575	173	30	0	0	*	2
615	24615	170	29	0	0	*	2
616	24655	168	28	0	0	*	2
617	24695	166	27	0	0	*	2
618	24735	164	26	0	0	*	2
619	24775	156	22	0	0	*	2
620	24815	159	24	0	0	*	2
621	24855	157	23	0	0	*	2
622	24895	154	22	0	0	*	2
623	24935	152	21	0	0	*	2
624	24975	149	20	0	0	*	2
625	25015	146	19	0	0	*	2
626	25055	145	18	0	0	*	2
627	25095	142	17	0	0	*	2
628	25135	139	16	0	0	*	2
629	25175	137	15	0	0	*	2
630	25215	134	14	0	0	*	2
631	25255	132	14	0	0	*	2
632	25295	129	13	0	0	*	2
633	25335	127	12	0	0	*	2
634	25375	124	12	0	0	*	2
635	25415	122	11	0	0	*	2
636	25455	119	11	0	0	*	2
637	25495	116	10	0	0	*	2
638	25535	114	10	0	0	*	2
639	25575	111	10	0	0	*	2
640	25615	109	10	0	0	*	2
641	25655	107	10	0	0	*	2
642	25695	104	10	0	0	*	2
643	25735	102	10	0	0	*	2
644	25775	100	11	0	0	*	2
645	25815	97	11	0	0	*	2
646	25855	95	11	0	0	*	2
647	25895	93	12	0	0	*	2
648	25935	90	13	0	0	*	2
649	25975	88	13	0	0	*	2
650	26015	86	14	0	0	*	2
651	26055	84	15	0	0	*	2
652	26095	81	16	0	0	*	2
653	26135	79	16	0	0	*	2
654	26175	77	18	0	0	*	2
655	26215	74	19	0	0	*	2
656	26255	73	20	0	0	*	2
657	26295	71	21	0	0	*	2
658	26335	68	22	0	0	*	2
659	26375	66	23	0	0	*	2
660	26415	64	24	0	0	*	2
661	26455	62	26	0	0	*	2
662	26495	60	27	0	0	*	2
663	26535	58	28	0	0	*	2
664	26575	56	30	0	0	*	2
665	26615	54	31	0	0	*	2
666	26655	52	32	0	0	*	2
667	26695	50	34	0	0	*	2
668	26735	49	36	0	0	*	2
669	26775	47	37	0	0	*	2
670	26815	44	39	0	0	*	2
671	26855	43	40	0	0	*	2
672	26895	41	42	0	0	*	2
673	26935	39	44	0	0	*	2
674	26975	39	46	0	0	*	2
675	27015	36	47	0	0	*	2
676	27055	35	50	0	0	*	2
677	27095	33	51	0	0	*	2
678	27135	32	53	0	0	*	2
679	27175	30	56	0	0	*	2
680	27215	30	58	0	0	*	2
681	27255	27	61	0	0	*	2
682	27295	27	63	0	0	*	2
683	27335	25	65	0	0	*	2
684	27375	24	68	0	0	*	2
685	27415	22	70	0	0	*	2
686	27455	21	72	0	0	*	2
687	27495	21	75	0	0	*	2
688	27535	19	77	0	0	*	2
689	27575	18	80	0	0	*	2
690	27615	17	82	0	0	*	2
691	27655	17	85	0	0	*	2
692	27695	15	88	0	0	*	2
693	27735	14	90	0	0	*	2
694	27775	13	92	0	0	*	2
695	27815	12	95	0	0	*	2
696	27855	11	97	0	0	*	2
697	27895	11	100	0	0	*	2
698	27935	10	103	0	0	*	2
699	27975	9	105	0	0	*	2
700	28015	9	108	0	0	*	2
701	28055	8	110	0	0	*	2
702	28095	8	113	0	0	*	2
703	28135	7	116	0	0	*	2
704	28175	7	117	0	0	*	2
705	28215	7	119	0	0	*	2
706	28255	6	122	0	0	*	2
707	28295	6	124	0	0	*	2
708	28335	6	127	0	0	*	2
709	28375	6	129	0	0	*	2
710	28415	6	132	0	0	*	2
711	28455	6	134	0	0	*	2
712	28495	7	136	0	0	*	2
713	28535	7	138	0	0	*	2
714	28575	7	140	0	0	*	2
715	28615	8	143	0	0	*	2
716	28655	8	144	0	0	*	2
717	28695	8	146	0	0	*	2
718	28735	9	149	0	0	*	2
719	28775	10	151	0	0	*	2
720	28815	11	153	0	0	*	2
721	28855	11	156	0	0	*	2
722	28895	12	158	0	0	*	2
723	28935	12	159	0	0	*	2
724	28975	13	162	0	0	*	2
725	29015	14	163	0	0	*	2
726	29055	15	166	0	0	*	2
727	29095	16	169	0	0	*	2
728	29135	17	170	0	0	*	2
729	29175	17	172	0	0	*	2
730	29215	19	174	0	0	*	2
731	29255	20	176	0	0	*	2
732	29295	21	179	0	0	*	2
733	29335	22	181	0	0	*	2
734	29375	22	182	0	0	*	2
735	29415	23	184	0	0	*	2
736	29455	23	185	0	0	*	2
737	29495	24	186	0	0	*	2
738	29535	25	187	0	0	*	2
739	29575	26	189	0	0	*	2
740	29615	26	191	0	0	*	2
741	29655	28	193	0	0	*	2
742	29695	29	194	0	0	*	2
743	29735	30	195	0	0	*	2
744	29775	31	197	0	0	*	2
745	29815	32	198	0	0	*	2
746	29855	33	200	0	0	*	2
747	29895	34	201	0	0	*	2
748	29935	35	202	0	0	*	2
749	29975	36	204	0	0	*	2
750	30015	37	205	0	0	*	2
751	30055	37	206	0	0	*	2
752	30095	39	208	0	0	*	2
753	30135	40	209	0	0	*	2
754	30175	42	210	0	0	*	2
755	30215	43	212	0	0	*	2
756	30255	45	213	0	0	*	2
757	30295	47	215	0	0	*	2
758	30335	49	217	0	0	*	2
759	30375	51	218	0	0	*	2
760	30415	53	219	0	0	*	2
761	30455	55	220	0	0	*	2
762	30495	56	222	0	0	*	2
763	30535	59	223	0	0	*	2
764	30575	61	225	0	0	*	2
765	30615	62	226	0	0	*	2
766	30655	64	227	0	0	*	2
767	30695	66	229	0	0	*	2
768	30735	68	230	0	0	*	2
769	30775	70	231	0	0	*	2
770	30815	72	232	0	0	*	2
771	30855	73	233	0	0	*	2
772	30895	76	234	0	0	*	2
773	30935	77	235	0	0	*	2
774	30975	80	236	0	0	*	2
775	31015	82	237	0	0	*	2
776	31055	84	237	0	0	*	2
777	31095	85	238	0	0	*	2
778	31135	87	239	0	0	*	2
779	31175	90	239	0	0	*	2
780	31215	92	240	0	0	*	2
781	31255	94	241	0	0	*	2
782	31295	96	241	0	0	*	2
783	31335	98	242	0	0	*	2
784	31375	100	242	0	0	*	2
785	31415	103	242	0	0	*	2
786	31455	105	243	0	0	*	2
787	31495	107	243	0	0	*	2
788	31535	109	243	0	0	*	2
789	31575	119	243	0	0	*	2
790	31615	114	243	0	0	*	2
791	31655	116	243	0	0	*	2
792	31695	119	243	0	0	*	2
793	31735	121	242	0	0	*	2
794	31775	131	241	0	0	*	2
795	31815	127	241	0	0	*	2
796	31855	129	241	0	0	*	2
797	31895	138	241	0	0	*	2
798	31935	141	240	0	0	*	2
799	31975	137	240	0	0	*	2
800	32015	139	239	0	0	*	2
801	32055	142	239	0	0	*	2
802	32095	145	238	0	0	*	2
803	32135	147	238	0	0	*	2
804	32175	149	237	0	0	*	2
805	32215	152	237	0	0	*	2
806	32255	154	237	0	0	*	2
807	32295	157	236	0	0	*	2
808	32335	159	236	0	0	*	2
809	32375	162	235	0	0	*	2
810	32415	164	235	0	0	*	2
811	32455	167	234	0	0	*	2
812	32495	169	234	0	0	*	2
813	32535	171	233	0	0	*	2
814	32575	174	233	0	0	*	2
815	32615	176	232	0	0	*	2
816	32655	178	232	0	0	*	2
817	32695	181	231	0	0	*	2
818	32735	183	231	0	0	*	2
819	32775	186	230	0	0	*	2
820	32815	188	229	0	0	*	2
821	32855	190	228	0	0	*	2
822	32895	192	227	0	0	*	2
823	32935	194	226	0	0	*	2
824	32975	196	225	0	0	*	2
825	33015	198	224	0	0	*	2
826	33055	199	223	0	0	*	2
827	33095	201	221	0	0	*	2
828	33135	203	220	0	0	*	2
829	33175	205	218	0	0	*	2
830	33215	206	217	0	0	*	2
831	33255	208	215	0	0	*	2
832	33295	209	214	0	0	*	2
833	33335	211	212	0	0	*	2
834	33375	212	210	0	0	*	2
835	33415	214	209	0	0	*	2
836	33455	215	207	0	0	*	2
837	33495	217	205	0	0	*	2
838	33535	218	204	0	0	*	2
839	33575	219	202	0	0	*	2
840	33615	220	200	0	0	*	2
841	33655	222	198	0	0	*	2
842	33695	224	196	0	0	*	2
843	33735	226	194	0	0	*	2
844	33775	227	193	0	0	*	2
845	33815	229	190	0	0	*	2
846	33855	230	189	0	0	*	2
847	33895	231	187	0	0	*	2
848	33935	232	185	0	0	*	2
849	33975	234	183	0	0	*	2
850	34015	234	182	0	0	*	2
851	34055	235	180	0	0	*	2
852	34095	236	178	0	0	*	2
853	34135	237	176	0	0	*	2
854	34175	238	174	0	0	*	2
855	34215	239	173	0	0	*	2
856	34255	240	171	0	0	*	2
857	34295	241	168	0	0	*	2
858	34335	242	166	0	0	*	2
859	34375	243	164	0	0	*	2
860	34415	243	162	0	0	*	2
861	34455	244	160	0	0	*	2
862	34495	244	158	0	0	*	2
863	34535	245	155	0	0	*	2
864	34575	245	153	0	0	*	2
865	34615	246	150	0	0	*	2
866	34655	246	148	0	0	*	2
867	34695	247	145	0	0	*	2
868	34735	247	143	0	0	*	2
869	34775	248	141	0	0	*	2
870	34815	248	139	0	0	*	2
871	34855	249	137	0	0	*	2
872	34895	249	134	0	0	*	2
873	34935	249	132	0	0	*	2
874	34975	249	130	0	0	*	2
875	35015	250	128	0	0	*	2
876	35055	250	125	0	0	*	2
877	35095	250	122	0	0	*	2
878	35135	250	120	0	0	*	2
879	35175	249	118	0	0	*	2
880	35215	249	116	0	0	*	2
881	35255	249	113	0	0	*	2
882	35295	249	111	0	0	*	2
883	35335	248	108	0	0	*	2
884	35375	248	106	0	0	*	2
885	35415	248	104	0	0	*	2
886	35455	247	101	0	0	*	2
887	35495	247	99	0	0	*	2
888	35535	246	96	0	0	*	2
889	35575	245	94	0	0	*	2
890	35615	245	92	0	0	*	2
891	35655	244	90	0	0	*	2
892	35695	243	88	0	0	*	2
893	35735	243	86	0	0	*	2
894	35775	242	84	0	0	*	2
895	35815	241	82	0	0	*	2
896	35855	240	80	0	0	*	2
897	35895	239	77	0	0	*	2
898	35935	238	75	0	0	*	2
899	35975	237	73	0	0	*	2
900	36015	236	70	0	0	*	2
901	36055	234	69	0	0	*	2
902	36095	233	67	0	0	*	2
903	36135	232	65	0	0	*	2
904	36175	231	63	0	0	*	2
905	36215	230	61	0	0	*	2
906	36255	228	58	0	0	*	2
907	36295	226	57	0	0	*	2
908	36335	225	55	0	0	*	2
909	36375	223	53	0	0	*	2
910	36415	222	51	0	0	*	2
911	36455	220	49	0	0	*	2
912	36495	219	47	0	0	*	2
913	36535	217	46	0	0	*	2
914	36575	215	44	0	0	*	2
915	36615	214	42	0	0	*	2
916	36655	212	40	0	0	*	2
917	36695	210	38	0	0	*	2
918	36735	208	36	0	0	*	2
919	36775	207	35	0	0	*	2
920	36815	205	33	0	0	*	2
921	36855	203	31	0	0	*	2
922	36895	202	30	0	0	*	2
923	36935	200	28	0	0	*	2
924	36975	198	27	0	0	*	2
925	37015	196	25	0	0	*	2
926	37055	194	24	0	0	*	2
927	37095	192	23	0	0	*	2
928	37135	190	21	0	0	*	2
929	37175	188	20	0	0	*	2
930	37215	186	19	0	0	*	2
931	37255	184	18	0	0	*	2
932	37295	182	17	0	0	*	2
933	37335	180	16	0	0	*	2
934	37375	177	14	0	0	*	2
935	37415	175	13	0	0	*	2
936	37455	173	13	0	0	*	2
937	37495	171	12	0	0	*	2
938	37535	169	11	0	0	*	2
939	37575	167	10	0	0	*	2
940	37615	164	9	0	0	*	2
941	37655	161	8	0	0	*	2
942	37695	159	8	0	0	*	2
943	37735	157	7	0	0	*	2
944	37775	155	7	0	0	*	2
945	37815	152	6	0	0	*	2
946	37855	149	6	0	0	*	2
947	37895	147	5	0	0	*	2
948	37935	145	5	0	0	*	2
949	37975	142	5	0	0	*	2
950	38015	139	4	0	0	*	2
951	38055	137	4	0	0	*	2
952	38095	134	4	0	0	*	2
953	38135	132	4	0	0	*	2
954	38175	129	4	0	0	*	2
955	38215	126	4	0	0	*	2
956	38255	124	4	0	0	*	2
957	38295	121	4	0	0	*	2
958	38335	119	4	0	0	*	2
959	38375	117	4	0	0	*	2
960	38415	114	4	0	0	*	2
961	38455	112	5	0	0	*	2
962	38495	109	5	0	0	*	2
963	38535	107	5	0	0	*	2
964	38575	104	6	0	0	*	2
965	38615	102	6	0	0	*	2
966	38655	99	7	0	0	*	2
967	38695	97	8	0	0	*	2
968	38735	95	8	0	0	*	2
969	38775	92	9	0	0	*	2
970	38815	90	10	0	0	*	2
971	38855	88	11	0	0	*	2
972	38895	85	11	0	0	*	2
973	38935	83	12	0	0	*	2
974	38975	81	13	0	0	*	2
975	39015	78	14	0	0	*	2
976	39055	76	15	0	0	*	2
977	39095	74	16	0	0	*	2
978	39135	72	17	0	0	*	2
979	39175	70	18	0	0	*	2
980	39215	67	19	0	0	*	2
981	39255	65	21	0	0	*	2
982	39295	63	22	0	0	*	2
983	39335	61	23	0	0	*	2
984	39375	59	24	0	0	*	2
985	39415	57	26	0	0	*	2
986	39455	55	28	0	0	*	2
987	39495	53	29	0	0	*	2
988	39535	51	31	0	0	*	2
989	39575	49	32	0	0	*	2
990	39615	48	34	0	0	*	2
991	39655	46	36	0	0	*	2
992	39695	43	38	0	0	*	2
993	39735	42	39	0	0	*	2
994	39775	39	41	0	0	*	2
995	39815	38	43	0	0	*	2
996	39855	36	45	0	0	*	2
997	39895	35	46	0	0	*	2
998	39935	34	48	0	0	*	2
999	39975	32	50	0	0	*	2
1000	40015	30	52	0	0	*	2
1001	40055	29	54	0	0	*	2
1002	40095	28	56	0	0	*	2
1003	40135	26	58	0	0	*	2
1004	40175	24	60	0	0	*	2
1005	40215	24	62	0	0	*	2
1006	40255	22	64	0	0	*	2
1007	40295	21	66	0	0	*	2
1008	40335	20	68	0	0	*	2
1009	40375	19	70	0	0	*	2
1010	40415	18	72	0	0	*	2
1011	40455	17	73	0	0	*	2
1012	40495	16	76	0	0	*	2
1013	40535	16	78	0	0	*	2
1014	40575	15	81	0	0	*	2
1015	40615	14	84	0	0	*	2
1016	40655	13	85	0	0	*	2
1017	40695	12	87	0	0	*	2
1018	40735	12	90	0	0	*	2
1019	40775	11	93	0	0	*	2
1020	40815	10	94	0	0	*	2
1021	40855	10	97	0	0	*	2
1022	40895	9	99	0	0	*	2
1023	40935	8	101	0	0	*	2
1024	40975	8	103	0	0	*	2
1025	41015	7	106	0	0	*	2
1026	41055	7	109	0	0	*	2
1027	41095	6	111	0	0	*	2
1028	41135	6	113	0	0	*	2
1029	41175	6	116	0	0	*	2
1030	41215	6	118	0	0	*	2
1031	41255	5	120	0	0	*	2
1032	41295	5	123	0	0	*	2
1033	41335	5	126	0	0	*	2
1034	41375	6	128	0	0	*	2
1035	41415	6	131	0	0	*	2
1036	41455	6	133	0	0	*	2
1037	41495	6	135	0	0	*	2
1038	41535	6	138	0	0	*	2
1039	41575	7	140	0	0	*	2
1040	41615	7	142	0	0	*	2
1041	41655	7	145	0	0	*	2
1042	41695	8	147	0	0	*	2
1043	41735	8	149	0	0	*	2
1044	41775	9	152	0	0	*	2
1045	41815	9	154	0	0	*	2
1046	41855	10	156	0	0	*	2
1047	41895	11	158	0	0	*	2
1048	41935	11	160	0	0	*	2
1049	41975	12	162	0	0	*	2
1050	42015	12	164	0	0	*	2
1051	42055	13	166	0	0	*	2
1052	42095	14	168	0	0	*	2
1053	42135	15	170	0	0	*	2
1054	42175	15	172	0	0	*	2
1055	42215	16	174	0	0	*	2
1056	42255	17	177	0	0	*	2
1057	42295	18	179	0	0	*	2
1058	42335	19	181	0	0	*	2
1059	42375	20	183	0	0	*	2
1060	42415	21	185	0	0	*	2
1061	42455	22	186	0	0	*	2
1062	42495	24	189	0	0	*	2
1063	42535	24	190	0	0	*	2
1064	42575	25	192	0	0	*	2
1065	42615	27	194	0	0	*	2
1066	42655	28	196	0	0	*	2
1067	42695	30	197	0	0	*	2
1068	42735	31	199	0	0	*	2
1069	42775	32	201	0	0	*	2
1070	42815	34	202	0	0	*	2
1071	42855	35	204	0	0	*	2
1072	42895	37	206	0	0	*	2
1073	42935	38	207	0	0	*	2
1074	42975	40	209	0	0	*	2
1075	43015	42	210	0	0	*	2
1076	43055	43	211	0	0	*	2
1077	43095	45	213	0	0	*	2
1078	43135	47	215	0	0	*	2
1079	43175	49	216	0	0	*	2
1080	43215	51	218	0	0	*	2
1081	43255	52	219	0	0	*	2
1082	43295	54	220	0	0	*	2
1083	43335	56	222	0	0	*	2
1084	43375	58	223	0	0	*	2
1085	43415	60	225	0	0	*	2
1086	43455	62	226	0	0	*	2
1087	43495	64	227	0	0	*	2
1088	43535	66	229	0	0	*	2
1089	43575	67	230	0	0	*	2
1090	43615	70	231	0	0	*	2
1091	43655	72	232	0	0	*	2
1092	43695	73	233	0	0	*	2
1093	43735	75	234	0	0	*	2
1094	43775	77	235	0	0	*	2
1095	43815	79	236	0	0	*	2
1096	43855	80	237	0	0	*	2
1097	43895	82	237	0	0	*	2
1098	43935	84	238	0	0	*	2
1099	43975	85	238	0	0	*	2
1100	44015	87	239	0	0	*	2
1101	44055	89	239	0	0	*	2
1102	44095	90	239	0	0	*	2
1103	44135	91	239	0	0	*	2
1104	44175	94	239	0	0	*	2
1105	44215	96	240	0	0	*	2
1106	44255	97	240	0	0	*	2
1107	44295	98	240	0	0	*	2
1108	44335	100	240	0	0	*	2
1109	44375	102	240	0	0	*	2
1110	44415	105	241	0	0	*	2
1111	44455	107	241	0	0	*	2
1112	44495	109	241	0	0	*	2
1113	44535	112	241	0	0	*	2
1114	44575	114	241	0	0	*	2
1115	44615	117	240	0	0	*	2
1116	44655	126	240	0	0	*	2
1117	44695	129	239	0	0	*	2
1118	44735	132	238	0	0	*	2
1119	44775	127	239	0	0	*	2
1120	44815	137	237	0	0	*	2
1121	44855	139	237	0	0	*	2
1122	44895	135	237	0	0	*	2
1123	44935	138	236	0	0	*	2
1124	44975	140	236	0	0	*	2
1125	45015	143	235	0	0	*	2
1126	45055	152	233	0	0	*	2
1127	45095	154	233	0	0	*	2
1128	45135	150	233	0	0	*	2
1129	45175	153	232	0	0	*	2
1130	45215	155	232	0	0	*	2
1131	45255	158	231	0	0	*	2
1132	45295	160	231	0	0	*	2
1133	45335	163	230	0	0	*	2
1134	45375	165	229	0	0	*	2
1135	45415	168	229	0	0	*	2
1136	45455	170	228	0	0	*	2
1137	45495	173	228	0	0	*	2
1138	45535	176	227	0	0	*	2
1139	45575	179	227	0	0	*	2
1140	45615	181	226	0	0	*	2
1141	45655	183	226	0	0	*	2
1142	45695	186	225	0	0	*	2
1143	45735	189	225	0	0	*	2
1144	45775	191	224	0	0	*	2
1145	45815	193	223	0	0	*	2
1146	45855	195	223	0	0	*	2
1147	45895	197	222	0	0	*	2
1148	45935	199	221	0	0	*	2
1149	45975	202	220	0	0	*	2
1150	46015	203	219	0	0	*	2
1151	46055	204	218	0	0	*	2
1152	46095	206	217	0	0	*	2
1153	46135	207	216	0	0	*	2
1154	46175	209	214	0	0	*	2
1155	46215	211	212	0	0	*	2
1156	46255	212	210	0	0	*	2
1157	46295	213	209	0	0	*	2
1158	46335	215	207	0	0	*	2
1159	46375	216	205	0	0	*	2
1160	46415	218	203	0	0	*	2
1161	46455	219	202	0	0	*	2
1162	46495	219	200	0	0	*	2
1163	46535	221	197	0	0	*	2
1164	46575	222	195	0	0	*	2
1165	46615	223	193	0	0	*	2
1166	46655	224	191	0	0	*	2
1167	46695	225	190	0	0	*	2
1168	46735	226	187	0	0	*	2
1169	46775	227	185	0	0	*	2
1170	46815	228	184	0	0	*	2
1171	46855	229	181	0	0	*	2
1172	46895	230	179	0	0	*	2
1173	46935	230	176	0	0	*	2
1174	46975	231	173	0	0	*	2
1175	47015	231	171	0	0	*	2
1176	47055	232	168	0	0	*	2
1177	47095	232	166	0	0	*	2
1178	47135	233	164	0	0	*	2
1179	47175	233	162	0	0	*	2
1180	47215	234	159	0	0	*	2
1181	47255	235	157	0	0	*	2
1182	47295	235	153	0	0	*	2
1183	47335	236	151	0	0	*	2
1184	47375	236	149	0	0	*	2
1185	47415	236	146	0	0	*	2
1186	47455	237	144	0	0	*	2
1187	47495	237	141	0	0	*	2
1188	47535	238	139	0	0	*	2
1189	47575	238	137	0	0	*	2
1190	47615	238	134	0	0	*	2
1191	47655	239	131	0	0	*	2
1192	47695	239	128	0	0	*	2
1193	47735	239	125	0	0	*	2
1194	47775	240	123	0	0	*	2
1195	47815	240	121	0	0	*	2
1196	47855	240	118	0	0	*	2
1197	47895	240	115	0	0	*	2
1198	47935	240	113	0	0	*	2
1199	47975	241	110	0	0	*	2
1200	48015	241	107	0	0	*	2
1201	48055	240	106	0	0	*	2
1202	48095	240	102	0	0	*	2
1203	48135	240	100	0	0	*	2
1204	48175	240	97	0	0	*	2
1205	48215	240	95	0	0	*	2
1206	48255	240	93	0	0	*	2
1207	48295	240	91	0	0	*	2
1208	48335	240	88	0	0	*	2
1209	48375	239	85	0	0	*	2
1210	48415	239	84	0	0	*	2
1211	48455	239	82	0	0	*	2
1212	48495	238	80	0	0	*	2
1213	48535	238	78	0	0	*	2
1214	48575	237	76	0	0	*	2
1215	48615	236	74	0	0	*	2
1216	48655	235	72	0	0	*	2
1217	48695	235	70	0	0	*	2
1218	48735	234	68	0	0	*	2
1219	48775	233	67	0	0	*	2
1220	48815	232	65	0	0	*	2
1221	48855	231	63	0	0	*	2
1222	48895	230	61	0	0	*	2
1223	48935	229	59	0	0	*	2
1224	48975	227	57	0	0	*	2
1225	49015	226	55	0	0	*	2
1226	49055	224	54	0	0	*	2
1227	49095	223	52	0	0	*	2
1228	49135	221	50	0	0	*	2
1229	49175	220	49	0	0	*	2
1230	49215	218	47	0	0	*	2
1231	49255	217	46	0	0	*	2
1232	49295	215	45	0	0	*	2
1233	49335	213	43	0	0	*	2
1234	49375	212	41	0	0	*	2
1235	49415	210	40	0	0	*	2
1236	49455	208	38	0	0	*	2
1237	49495	206	36	0	0	*	2
1238	49535	204	35	0	0	*	2
1239	49575	202	33	0	0	*	2
1240	49615	201	31	0	0	*	2
1241	49655	199	30	0	0	*	2
1242	49695	197	28	0	0	*	2
1243	49735	195	27	0	0	*	2
1244	49775	193	25	0	0	*	2
1245	49815	191	24	0	0	*	2
1246	49855	189	22	0	0	*	2
1247	49895	187	21	0	0	*	2
1248	49935	185	20	0	0	*	2
1249	49975	183	19	0	0	*	2
1250	50015	182	18	0	0	*	2
1251	50055	180	16	0	0	*	2
1252	50095	178	15	0	0	*	2
1253	50135	176	14	0	0	*	2
1254	50175	174	13	0	0	*	2
1255	50215	172	13	0	0	*	2
1256	50255	170	12	0	0	*	2
1257	50295	168	11	0	0	*	2
1258	50335	166	10	0	0	*	2
1259	50375	164	9	0	0	*	2
1260	50415	162	8	0	0	*	2
1261	50455	159	8	0	0	*	2
1262	50495	157	7	0	0	*	2
1263	50535	155	7	0	0	*	2
1264	50575	153	6	0	0	*	2
1265	50615	151	6	0	0	*	2
1266	50655	148	5	0	0	*	2
1267	50695	146	5	0	0	*	2
1268	50735	144	5	0	0	*	2
1269	50775	141	4	0	0	*	2
1270	50815	139	4	0	0	*	2
1271	50855	137	4	0	0	*	2
1272	50895	135	4	0	0	*	2
1273	50935	132	4	0	0	*	2
1274	50975	130	4	0	0	*	2
1275	51015	127	4	0	0	*	2
1276	51055	124	4	0	0	*	2
1277	51095	122	4	0	0	*	2
1278	51135	120	4	0	0	*	2
1279	51175	118	5	0	0	*	2
1280	51215	115	5	0	0	*	2
1281	51255	112	5	0	0	*	2
1282	51295	110	5	0	0	*	2
1283	51335	108	6	0	0	*	2
1284	51375	105	6	0	0	*	2
1285	51415	103	7	0	0	*	2
1286	51455	101	7	0	0	*	2
1287	51495	98	8	0	0	*	2
1288	51535	96	8	0	0	*	2
1289	51575	94	9	0	0	*	2
1290	51615	91	10	0	0	*	2
1291	51655	89	11	0	0	*	2
1292	51695	87	11	0	0	*	2
1293	51735	84	12	0	0	*	2
1294	51775	82	13	0	0	*	2
1295	51815	80	14	0	0	*	2
1296	51855	77	16	0	0	*	2
1297	51895	75	17	0	0	*	2
1298	51935	73	18	0	0	*	2
1299	51975	71	19	0	0	*	2
1300	52015	69	20	0	0	*	2
1301	52055	66	21	0	0	*	2
1302	52095	64	23	0	0	*	2
1303	52135	62	24	0	0	*	2
1304	52175	60	25	0	0	*	2
1305	52215	59	27	0	0	*	2
1306	52255	57	28	0	0	*	2
1307	52295	54	30	0	0	*	2
1308	52335	53	31	0	0	*	2
1309	52375	50	33	0	0	*	2
1310	52415	49	35	0	0	*	2
1311	52455	47	36	0	0	*	2
1312	52495	45	38	0	0	*	2
1313	52535	43	40	0	0	*	2
1314	52575	41	42	0	0	*	2
1315	52615	39	44	0	0	*	2
1316	52655	37	46	0	0	*	2
1317	52695	36	47	0	0	*	2
1318	52735	34	50	0	0	*	2
1319	52775	32	52	0	0	*	2
1320	52815	31	54	0	0	*	2
1321	52855	29	56	0	0	*	2
1322	52895	28	58	0	0	*	2
1323	52935	26	60	0	0	*	2
1324	52975	25	62	0	0	*	2
1325	53015	24	64	0	0	*	2
1326	53055	23	67	0	0	*	2
1327	53095	21	69	0	0	*	2
1328	53135	20	70	0	0	*	2
1329	53175	19	72	0	0	*	2
1330	53215	18	74	0	0	*	2
1331	53255	17	76	0	0	*	2
1332	53295	16	79	0	0	*	2
1333	53335	15	81	0	0	*	2
1334	53375	14	83	0	0	*	2
1335	53415	13	85	0	0	*	2
1336	53455	13	87	0	0	*	2
1337	53495	12	90	0	0	*	2
1338	53535	12	93	0	0	*	2
1339	53575	11	94	0	0	*	2
1340	53615	10	96	0	0	*	2
1341	53655	9	99	0	0	*	2
1342	53695	9	101	0	0	*	2
1343	53735	9	104	0	0	*	2
1344	53775	8	106	0	0	*	2
1345	53815	7	108	0	0	*	2
1346	53855	7	110	0	0	*	2
1347	53895	7	113	0	0	*	2
1348	53935	6	115	0	0	*	2
1349	53975	6	117	0	0	*	2
1350	54015	6	119	0	0	*	2
1351	54055	6	121	0	0	*	2
1352	54095	6	123	0	0	*	2
1353	54135	6	126	0	0	*	2
1354	54175	6	128	0	0	*	2
1355	54215	6	130	0	0	*	2
1356	54255	6	133	0	0	*	2
1357	54295	6	135	0	0	*	2
1358	54335	6	137	0	0	*	2
1359	54375	7	139	0	0	*	2
1360	54415	7	141	0	0	*	2
1361	54455	7	144	0	0	*	2
1362	54495	8	146	0	0	*	2
1363	54535	8	148	0	0	*	2
1364	54575	9	150	0	0	*	2
1365	54615	9	152	0	0	*	2
1366	54655	10	155	0	0	*	2
1367	54695	11	157	0	0	*	2
1368	54735	11	159	0	0	*	2
1369	54775	12	161	0	0	*	2
1370	54815	12	162	0	0	*	2
1371	54855	13	164	0	0	*	2
1372	54895	14	166	0	0	*	2
1373	54935	14	168	0	0	*	2
1374	54975	15	170	0	0	*	2
1375	55015	16	172	0	0	*	2
1376	55055	16	174	0	0	*	2
1377	55095	18	176	0	0	*	2
1378	55135	18	178	0	0	*	2
1379	55175	19	179	0	0	*	2
1380	55215	20	181	0	0	*	2
1381	55255	21	183	0	0	*	2
1382	55295	22	185	0	0	*	2
1383	55335	23	186	0	0	*	2
1384	55375	24	188	0	0	*	2
1385	55415	25	190	0	0	*	2
1386	55455	27	192	0	0	*	2
1387	55495	28	194	0	0	*	2
1388	55535	29	196	0	0	*	2
1389	55575	31	197	0	0	*	2
1390	55615	32	199	0	0	*	2
1391	55655	34	201	0	0	*	2
1392	55695	35	202	0	0	*	2
1393	55735	36	204	0	0	*	2
1394	55775	37	205	0	0	*	2
1395	55815	38	207	0	0	*	2
1396	55855	40	208	0	0	*	2
1397	55895	41	210	0	0	*	2
1398	55935	43	211	0	0	*	2
1399	55975	45	213	0	0	*	2
1400	56015	46	214	0	0	*	2
1401	56055	48	215	0	0	*	2
1402	56095	49	217	0	0	*	2
1403	56135	51	218	0	0	*	2
1404	56175	53	220	0	0	*	2
1405	56215	55	221	0	0	*	2
1406	56255	56	222	0	0	*	2
1407	56295	58	223	0	0	*	2
1408	56335	60	225	0	0	*	2
1409	56375	61	226	0	0	*	2
1410	56415	63	227	0	0	*	2
1411	56455	65	228	0	0	*	2
1412	56495	67	229	0	0	*	2
1413	56535	69	230	0	0	*	2
1414	56575	71	231	0	0	*	2
1415	56615	72	232	0	0	*	2
1416	56655	74	233	0	0	*	2
1417	56695	76	234	0	0	*	2
1418	56735	77	235	0	0	*	2
1419	56775	79	236	0	0	*	2
1420	56815	81	237	0	0	*	2
1421	56855	82	237	0	0	*	2
1422	56895	84	238	0	0	*	2
1423	56935	85	239	0	0	*	2
1424	56975	87	239	0	0	*	2
1425	57015	88	239	0	0	*	2
1426	57055	90	239	0	0	*	2
1427	57095	91	239	0	0	*	2
1428	57135	92	239	0	0	*	2
1429	57175	93	240	0	0	*	2
1430	57215	95	240	0	0	*	2
1431	57255	97	240	0	0	*	2
1432	57295	98	240	0	0	*	2
1433	57335	100	241	0	0	*	2
1434	57375	102	241	0	0	*	2
1435	57415	104	241	0	0	*	2
1436	57455	106	241	0	0	*	2
1437	57495	114	244	0	0	*	2
1438	57535	116	244	0	0	*	2
1439	57575	111	242	0	0	*	2
1440	57615	113	242	0	0	*	2
1441	57655	115	242	0	0	*	2
1442	57695	117	243	0	0	*	2
1443	57735	125	245	0	0	*	2
1444	57775	127	245	0	0	*	2
1445	57815	129	245	0	0	*	2
1446	57855	125	244	0	0	*	2
1447	57895	127	244	0	0	*	2
1448	57935	129	244	0	0	*	2
1449	57975	137	246	0	0	*	2
1450	58015	133	245	0	0	*	2
1451	58055	134	245	0	0	*	2
1452	58095	136	245	0	0	*	2
1453	58135	138	245	0	0	*	2
1454	58175	140	245	0	0	*	2
1455	58215	142	245	0	0	*	2
1456	58255	143	245	0	0	*	2
1457	58295	146	245	0	0	*	2
1458	58335	147	245	0	0	*	2
1459	58375	149	245	0	0	*	2
1460	58415	150	245	0	0	*	2
1461	58455	151	244	0	0	*	2
1462	58495	153	243	0	0	*	2
1463	58535	155	243	0	0	*	2
1464	58575	157	243	0	0	*	2
1465	58615	158	242	0	0	*	2
1466	58655	160	241	0	0	*	2
1467	58695	162	240	0	0	*	2
1468	58735	163	239	0	0	*	2
1469	58775	165	238	0	0	*	2
1470	58815	167	237	0	0	*	2
1471	58855	169	236	0	0	*	2
1472	58895	171	235	0	0	*	2
1473	58935	173	234	0	0	*	2
1474	58975	175	233	0	0	*	2
1475	59015	177	232	0	0	*	2
1476	59055	179	232	0	0	*	2
1477	59095	181	231	0	0	*	2
1478	59135	183	230	0	0	*	2
1479	59175	184	229	0	0	*	2
1480	59215	187	228	0	0	*	2
1481	59255	189	227	0	0	*	2
1482	59295	191	226	0	0	*	2
1483	59335	193	224	0	0	*	2
1484	59375	195	223	0	0	*	2
1485	59415	196	222	0	0	*	2
1486	59455	199	221	0	0	*	2
1487	59495	201	220	0	0	*	2
1488	59535	202	219	0	0	*	2
1489	59575	205	217	0	0	*	2
1490	59615	206	216	0	0	*	2
1491	59655	208	215	0	0	*	2
1492	59695	210	214	0	0	*	2
1493	59735	211	212	0	0	*	2
1494	59775	212	211	0	0	*	2
1495	59815	214	209	0	0	*	2
1496	59855	215	209	0	0	*	2
1497	59895	216	207	0	0	*	2
1498	59935	218	206	0	0	*	2
1499	59975	219	204	0	0	*	2
1500	60015	220	202	0	0	*	2
1501	60055	222	201	0	0	*	2
1502	60095	223	199	0	0	*	2
1503	60135	224	197	0	0	*	2
1504	60175	225	195	0	0	*	2
1505	60215	226	193	0	0	*	2
1506	60255	228	191	0	0	*	2
1507	60295	229	189	0	0	*	2
1508	60335	230	188	0	0	*	2
1509	60375	231	186	0	0	*	2
1510	60415	232	184	0	0	*	2
1511	60455	233	182	0	0	*	2
1512	60495	234	180	0	0	*	2
1513	60535	235	178	0	0	*	2
1514	60575	236	175	0	0	*	2
1515	60615	238	173	0	0	*	2
1516	60655	238	171	0	0	*	2
1517	60695	239	169	0	0	*	2
1518	60735	239	167	0	0	*	2
1519	60775	240	165	0	0	*	2
1520	60815	240	163	0	0	*	2
1521	60855	241	162	0	0	*	2
1522	60895	242	160	0	0	*	2
1523	60935	242	158	0	0	*	2
1524	60975	242	155	0	0	*	2
1525	61015	242	153	0	0	*	2
1526	61055	242	150	0	0	*	2
1527	61095	242	147	0	0	*	2
1528	61135	242	145	0	0	*	2
1529	61175	242	142	0	0	*	2
1530	61215	242	140	0	0	*	2
1531	61255	241	138	0	0	*	2
1532	61295	241	135	0	0	*	2
1533	61335	241	133	0	0	*	2
1534	61375	241	130	0	0	*	2
1535	61415	241	127	0	0	*	2
1536	61455	241	125	0	0	*	2
1537	61495	240	122	0	0	*	2
1538	61535	240	120	0	0	*	2
1539	61575	240	117	0	0	*	2
1540	61615	240	115	0	0	*	2
1541	61655	240	113	0	0	*	2
1542	61695	240	110	0	0	*	2
1543	61735	239	107	0	0	*	2
1544	61775	239	105	0	0	*	2
1545	61815	239	102	0	0	*	2
1546	61855	239	100	0	0	*	2
1547	61895	239	98	0	0	*	2
1548	61935	238	95	0	0	*	2
1549	61975	238	93	0	0	*	2
1550	62015	238	90	0	0	*	2
1551	62055	238	87	0	0	*	2
1552	62095	237	85	0	0	*	2
1553	62135	237	84	0	0	*	2
1554	62175	237	81	0	0	*	2
1555	62215	236	79	0	0	*	2
1556	62255	236	77	0	0	*	2
1557	62295	236	75	0	0	*	2
1558	62335	235	73	0	0	*	2
1559	62375	234	71	0	0	*	2
1560	62415	233	70	0	0	*	2
1561	62455	232	67	0	0	*	2
1562	62495	232	66	0	0	*	2
1563	62535	231	64	0	0	*	2
1564	62575	230	62	0	0	*	2
1565	62615	229	61	0	0	*	2
1566	62655	228	59	0	0	*	2
1567	62695	227	57	0	0	*	2
1568	62735	225	55	0	0	*	2
1569	62775	224	53	0	0	*	2
1570	62815	222	52	0	0	*	2
1571	62855	221	51	0	0	*	2
1572	62895	219	49	0	0	*	2
1573	62935	218	48	0	0	*	2
1574	62975	216	46	0	0	*	2
1575	63015	214	45	0	0	*	2
1576	63055	213	44	0	0	*	2
1577	63095	211	42	0	0	*	2
1578	63135	209	41	0	0	*	2
1579	63175	207	39	0	0	*	2
1580	63215	206	38	0	0	*	2
1581	63255	204	36	0	0	*	2
1582	63295	202	35	0	0	*	2
1583	63335	200	34	0	0	*	2
1584	63375	198	32	0	0	*	2
1585	63415	196	31	0	0	*	2
1586	63455	194	29	0	0	*	2
1587	63495	193	28	0	0	*	2
1588	63535	191	27	0	0	*	2
1589	63575	189	25	0	0	*	2
1590	63615	187	24	0	0	*	2
1591	63655	185	23	0	0	*	2
1592	63695	182	21	0	0	*	2
1593	63735	181	20	0	0	*	2
1594	63775	180	20	0	0	*	2
1595	63815	177	18	0	0	*	2
1596	63855	175	18	0	0	*	2
1597	63895	173	17	0	0	*	2
1598	63935	171	16	0	0	*	2
1599	63975	170	15	0	0	*	2
1600	64015	168	15	0	0	*	2
1601	64055	165	14	0	0	*	2
1602	64095	163	13	0	0	*	2
1603	64135	161	12	0	0	*	2
1604	64175	159	12	0	0	*	2
1605	64215	157	11	0	0	*	2
1606	64255	155	11	0	0	*	2
1607	64295	152	10	0	0	*	2
1608	64335	150	10	0	0	*	2
1609	64375	148	9	0	0	*	2
1610	64415	146	9	0	0	*	2
1611	64455	144	9	0	0	*	2
1612	64495	141	8	0	0	*	2
1613	64535	139	8	0	0	*	2
1614	64575	137	7	0	0	*	2
1615	64615	134	7	0	0	*	2
1616	64655	133	6	0	0	*	2
1617	64695	130	6	0	0	*	2
1618	64735	128	6	0	0	*	2
1619	64775	126	5	0	0	*	2
1620	64815	123	5	0	0	*	2
1621	64855	121	5	0	0	*	2
