%%BEGIN_HEADER
	%%BEGIN DATABASE_INFORMATION
		%Date.0 ( 30.9.2019 )
		%Time.0 ( 15:31 )
	%%END DATABASE_INFORMATION
	%%BEGIN SETUP_INFORMATION
		%TrackerVersion.0 ( Tracker version 2.38 release 12.8.2012 )
		%ElapsedTime_ms.0 ( 63810 )
		%Paradigm.0 ( PlacePreference )
		%FeederParameters.0 ( 1500 0 )
			// %FeederParameters.0 ( ENTRANCE_LATENCY EXIT_LATENCY )
		%ElapsedPath_m.0 ( 0.00 )
		%ArenaDiameter_m.0 ( 1.80 )
		%TrackerResolution_PixPerCM.0 ( 1.4222 )
		%ArenaCenterXY.0 ( 127.5 127.5 )
		%Frame.0 ( RoomFrame )
		%ReinforcedSector.0 ( 127.5000 216.7500 7 )
			//%ReinforcedSector.0 ( CENTER_X CENTER_Y RADIUS )
		%RoomTrackReinforcedSector.0 ( 127.5000 216.7500 7 )
			//%RoomTrackReinforcedSector.0 ( CENTER_X CENTER_Y RADIUS )
	%%END SETUP_INFORMATION
	%%BEGIN RECORD_FORMAT
		%Sample.0 ( FrameCount 1msTimeStamp RoomX RoomY Sectors State Flags FrameInfo )
			//Sectors indicate if the object is in a target. Number is binary coded. Sectors = 0: no target, Sectors = 1: room target, Sectors: = 2 arena target, Sectors: = 3 room and arena target
			////State indicates the Watermaze State: OutsideTarget = 0, EntranceLatency = 1, InsideTarget = 3, OutsideRefractory = 4, BadSpot = 5
			//FrameInfo indicates succesfuly tracked spots: ReferencePoint * 2^0 + Spot0 * 2^(1+0) + Spot1 * 2^(1+1) + Spot2 * 2^(1+2) .... 
	%%END RECORD_FORMAT
%%END_HEADER
1	49	129	5	0	0	*	2
2	89	130	5	0	0	*	2
3	129	129	4	0	0	*	2
4	169	131	3	0	0	*	2
5	209	131	3	0	0	*	2
6	249	132	3	0	0	*	2
7	289	132	3	0	0	*	2
8	329	131	2	0	0	*	2
9	369	132	3	0	0	*	2
10	409	133	3	0	0	*	2
11	449	132	3	0	0	*	2
12	489	132	3	0	0	*	2
13	529	133	3	0	0	*	2
14	569	133	3	0	0	*	2
15	609	134	3	0	0	*	2
16	649	134	4	0	0	*	2
17	689	135	4	0	0	*	2
18	729	136	4	0	0	*	2
19	769	138	4	0	0	*	2
20	809	139	5	0	0	*	2
21	849	140	5	0	0	*	2
22	889	142	5	0	0	*	2
23	929	144	6	0	0	*	2
24	969	144	7	0	0	*	2
25	1009	146	7	0	0	*	2
26	1049	146	7	0	0	*	2
27	1089	148	7	0	0	*	2
28	1129	149	8	0	0	*	2
29	1169	150	9	0	0	*	2
30	1209	152	9	0	0	*	2
31	1249	154	9	0	0	*	2
32	1289	155	10	0	0	*	2
33	1329	157	10	0	0	*	2
34	1369	159	11	0	0	*	2
35	1409	162	11	0	0	*	2
36	1449	164	12	0	0	*	2
37	1489	167	12	0	0	*	2
38	1529	169	13	0	0	*	2
39	1569	172	14	0	0	*	2
40	1609	174	15	0	0	*	2
41	1649	177	16	0	0	*	2
42	1689	179	17	0	0	*	2
43	1729	182	18	0	0	*	2
44	1769	184	19	0	0	*	2
45	1809	186	20	0	0	*	2
46	1849	189	22	0	0	*	2
47	1889	191	23	0	0	*	2
48	1929	194	24	0	0	*	2
49	1969	196	25	0	0	*	2
50	2009	198	26	0	0	*	2
51	2049	200	28	0	0	*	2
52	2089	202	30	0	0	*	2
53	2129	204	31	0	0	*	2
54	2169	206	33	0	0	*	2
55	2209	208	34	0	0	*	2
56	2249	210	36	0	0	*	2
57	2289	212	38	0	0	*	2
58	2329	214	40	0	0	*	2
59	2369	216	42	0	0	*	2
60	2409	218	43	0	0	*	2
61	2449	219	46	0	0	*	2
62	2489	221	47	0	0	*	2
63	2529	222	49	0	0	*	2
64	2569	224	51	0	0	*	2
65	2609	226	54	0	0	*	2
66	2649	227	56	0	0	*	2
67	2689	229	58	0	0	*	2
68	2729	231	61	0	0	*	2
69	2769	231	63	0	0	*	2
70	2809	233	65	0	0	*	2
71	2849	235	67	0	0	*	2
72	2889	236	70	0	0	*	2
73	2929	237	72	0	0	*	2
74	2969	238	74	0	0	*	2
75	3009	239	77	0	0	*	2
76	3049	240	79	0	0	*	2
77	3089	241	82	0	0	*	2
78	3129	242	85	0	0	*	2
79	3169	243	87	0	0	*	2
80	3209	244	90	0	0	*	2
81	3249	245	92	0	0	*	2
82	3289	245	95	0	0	*	2
83	3329	246	98	0	0	*	2
84	3369	247	100	0	0	*	2
85	3409	247	102	0	0	*	2
86	3449	248	105	0	0	*	2
87	3489	248	108	0	0	*	2
88	3529	248	111	0	0	*	2
89	3569	249	114	0	0	*	2
90	3609	249	116	0	0	*	2
91	3649	249	118	0	0	*	2
92	3689	249	121	0	0	*	2
93	3729	249	123	0	0	*	2
94	3769	249	127	0	0	*	2
95	3809	249	129	0	0	*	2
96	3849	249	132	0	0	*	2
97	3889	249	135	0	0	*	2
98	3929	248	137	0	0	*	2
99	3969	248	140	0	0	*	2
100	4009	248	142	0	0	*	2
101	4049	247	144	0	0	*	2
102	4089	247	148	0	0	*	2
103	4129	246	150	0	0	*	2
104	4169	246	153	0	0	*	2
105	4209	245	156	0	0	*	2
106	4249	245	158	0	0	*	2
107	4289	244	160	0	0	*	2
108	4329	243	162	0	0	*	2
109	4369	243	164	0	0	*	2
110	4409	242	167	0	0	*	2
111	4449	241	170	0	0	*	2
112	4489	240	172	0	0	*	2
113	4529	239	174	0	0	*	2
114	4569	238	177	0	0	*	2
115	4609	237	178	0	0	*	2
116	4649	236	181	0	0	*	2
117	4689	234	183	0	0	*	2
118	4729	233	185	0	0	*	2
119	4769	232	187	0	0	*	2
120	4809	231	189	0	0	*	2
121	4849	229	191	0	0	*	2
122	4889	228	193	0	0	*	2
123	4929	226	195	0	0	*	2
124	4969	225	198	0	0	*	2
125	5009	223	200	0	0	*	2
126	5049	222	201	0	0	*	2
127	5089	220	204	0	0	*	2
128	5129	219	206	0	0	*	2
129	5169	217	207	0	0	*	2
130	5209	215	209	0	0	*	2
131	5249	213	211	0	0	*	2
132	5289	212	213	0	0	*	2
133	5329	210	214	0	0	*	2
134	5369	208	216	0	0	*	2
135	5409	206	218	0	0	*	2
136	5449	204	220	0	0	*	2
137	5489	202	221	0	0	*	2
138	5529	200	223	0	0	*	2
139	5569	198	225	0	0	*	2
140	5609	196	226	0	0	*	2
141	5649	194	227	0	0	*	2
142	5689	192	228	0	0	*	2
143	5729	190	230	0	0	*	2
144	5769	188	231	0	0	*	2
145	5809	185	232	0	0	*	2
146	5849	183	233	0	0	*	2
147	5889	182	234	0	0	*	2
148	5929	179	235	0	0	*	2
149	5969	177	236	0	0	*	2
150	6009	175	237	0	0	*	2
151	6049	172	238	0	0	*	2
152	6089	171	239	0	0	*	2
153	6129	169	240	0	0	*	2
154	6169	166	241	0	0	*	2
155	6209	164	241	0	0	*	2
156	6249	161	242	0	0	*	2
157	6289	159	242	0	0	*	2
158	6329	158	243	0	0	*	2
159	6369	155	244	0	0	*	2
160	6409	152	244	0	0	*	2
161	6449	150	244	0	0	*	2
162	6489	147	245	0	0	*	2
163	6529	145	245	0	0	*	2
164	6569	143	245	0	0	*	2
165	6609	140	245	0	0	*	2
166	6649	138	246	0	0	*	2
167	6689	135	246	0	0	*	2
168	6729	133	246	0	0	*	2
169	6769	130	246	0	0	*	2
170	6809	128	246	0	0	*	2
171	6849	125	246	0	0	*	2
172	6889	122	246	0	0	*	2
173	6929	120	246	0	0	*	2
174	6969	117	246	0	0	*	2
175	7009	115	246	0	0	*	2
176	7049	112	246	0	0	*	2
177	7089	109	245	0	0	*	2
178	7129	108	245	0	0	*	2
179	7169	105	244	0	0	*	2
180	7209	102	243	0	0	*	2
181	7249	100	243	0	0	*	2
182	7289	98	242	0	0	*	2
183	7329	96	241	0	0	*	2
184	7369	93	241	0	0	*	2
185	7409	90	240	0	0	*	2
186	7449	88	239	0	0	*	2
187	7489	85	238	0	0	*	2
188	7529	83	237	0	0	*	2
189	7569	81	237	0	0	*	2
190	7609	78	236	0	0	*	2
191	7649	76	234	0	0	*	2
192	7689	74	234	0	0	*	2
193	7729	72	232	0	0	*	2
194	7769	69	232	0	0	*	2
195	7809	67	230	0	0	*	2
196	7849	65	229	0	0	*	2
197	7889	63	227	0	0	*	2
198	7929	61	226	0	0	*	2
199	7969	58	224	0	0	*	2
200	8009	56	222	0	0	*	2
201	8049	54	220	0	0	*	2
202	8089	52	218	0	0	*	2
203	8129	50	217	0	0	*	2
204	8169	48	215	0	0	*	2
205	8209	46	213	0	0	*	2
206	8249	44	211	0	0	*	2
207	8289	41	209	0	0	*	2
208	8329	39	207	0	0	*	2
209	8369	37	205	0	0	*	2
210	8409	36	203	0	0	*	2
211	8449	34	201	0	0	*	2
212	8489	32	200	0	0	*	2
213	8529	31	198	0	0	*	2
214	8569	29	196	0	0	*	2
215	8609	27	194	0	0	*	2
216	8649	26	191	0	0	*	2
217	8689	24	190	0	0	*	2
218	8729	24	189	0	0	*	2
219	8769	23	187	0	0	*	2
220	8809	21	185	0	0	*	2
221	8849	20	182	0	0	*	2
222	8889	18	179	0	0	*	2
223	8929	17	177	0	0	*	2
224	8969	16	175	0	0	*	2
225	9009	15	173	0	0	*	2
226	9049	14	171	0	0	*	2
227	9089	13	169	0	0	*	2
228	9129	13	165	0	0	*	2
229	9169	12	164	0	0	*	2
230	9209	12	162	0	0	*	2
231	9249	11	160	0	0	*	2
232	9289	11	158	0	0	*	2
233	9329	10	155	0	0	*	2
234	9369	9	152	0	0	*	2
235	9409	9	150	0	0	*	2
236	9449	8	147	0	0	*	2
237	9489	8	144	0	0	*	2
238	9529	7	142	0	0	*	2
239	9569	7	139	0	0	*	2
240	9609	6	138	0	0	*	2
241	9649	6	135	0	0	*	2
242	9689	6	133	0	0	*	2
243	9729	6	131	0	0	*	2
244	9769	5	129	0	0	*	2
245	9809	5	125	0	0	*	2
246	9849	5	122	0	0	*	2
247	9889	5	121	0	0	*	2
248	9929	5	117	0	0	*	2
249	9969	6	115	0	0	*	2
250	10009	6	113	0	0	*	2
251	10049	6	109	0	0	*	2
252	10089	7	106	0	0	*	2
253	10129	7	104	0	0	*	2
254	10169	8	101	0	0	*	2
255	10209	9	99	0	0	*	2
256	10249	9	96	0	0	*	2
257	10289	10	94	0	0	*	2
258	10329	10	93	0	0	*	2
259	10369	11	90	0	0	*	2
260	10409	12	88	0	0	*	2
261	10449	12	86	0	0	*	2
262	10489	13	83	0	0	*	2
263	10529	14	80	0	0	*	2
264	10569	15	78	0	0	*	2
265	10609	16	76	0	0	*	2
266	10649	17	74	0	0	*	2
267	10689	18	72	0	0	*	2
268	10729	19	69	0	0	*	2
269	10769	21	67	0	0	*	2
270	10809	22	65	0	0	*	2
271	10849	23	62	0	0	*	2
272	10889	24	60	0	0	*	2
273	10929	26	58	0	0	*	2
274	10969	28	55	0	0	*	2
275	11009	29	53	0	0	*	2
276	11049	31	51	0	0	*	2
277	11089	33	49	0	0	*	2
278	11129	34	47	0	0	*	2
279	11169	36	44	0	0	*	2
280	11209	38	43	0	0	*	2
281	11249	39	41	0	0	*	2
282	11289	41	39	0	0	*	2
283	11329	43	37	0	0	*	2
284	11369	45	36	0	0	*	2
285	11409	47	34	0	0	*	2
286	11449	49	32	0	0	*	2
287	11489	51	30	0	0	*	2
288	11529	53	28	0	0	*	2
289	11569	55	27	0	0	*	2
290	11609	57	25	0	0	*	2
291	11649	60	24	0	0	*	2
292	11689	62	22	0	0	*	2
293	11729	63	21	0	0	*	2
294	11769	66	20	0	0	*	2
295	11809	68	19	0	0	*	2
296	11849	71	17	0	0	*	2
297	11889	73	16	0	0	*	2
298	11929	75	15	0	0	*	2
299	11969	78	14	0	0	*	2
300	12009	82	13	0	0	*	2
301	12049	84	12	0	0	*	2
302	12089	86	11	0	0	*	2
303	12129	89	10	0	0	*	2
304	12169	91	9	0	0	*	2
305	12209	94	8	0	0	*	2
306	12249	96	8	0	0	*	2
307	12289	98	7	0	0	*	2
308	12329	100	6	0	0	*	2
309	12369	103	6	0	0	*	2
310	12409	105	5	0	0	*	2
311	12449	108	5	0	0	*	2
312	12489	109	4	0	0	*	2
313	12529	113	4	0	0	*	2
314	12569	115	4	0	0	*	2
315	12609	118	3	0	0	*	2
316	12649	120	3	0	0	*	2
317	12689	122	3	0	0	*	2
318	12729	126	3	0	0	*	2
319	12769	129	3	0	0	*	2
320	12809	131	3	0	0	*	2
321	12849	133	3	0	0	*	2
322	12889	135	3	0	0	*	2
323	12929	139	4	0	0	*	2
324	12969	141	4	0	0	*	2
325	13009	144	4	0	0	*	2
326	13049	146	5	0	0	*	2
327	13089	148	5	0	0	*	2
328	13129	151	5	0	0	*	2
329	13169	153	6	0	0	*	2
330	13209	155	7	0	0	*	2
331	13249	158	7	0	0	*	2
332	13289	160	8	0	0	*	2
333	13329	162	8	0	0	*	2
334	13369	165	9	0	0	*	2
335	13409	168	10	0	0	*	2
336	13449	170	11	0	0	*	2
337	13489	172	12	0	0	*	2
338	13529	174	13	0	0	*	2
339	13569	176	14	0	0	*	2
340	13609	179	15	0	0	*	2
341	13649	181	16	0	0	*	2
342	13689	183	17	0	0	*	2
343	13729	185	18	0	0	*	2
344	13769	187	19	0	0	*	2
345	13809	189	20	0	0	*	2
346	13849	191	21	0	0	*	2
347	13889	193	22	0	0	*	2
348	13929	195	23	0	0	*	2
349	13969	197	25	0	0	*	2
350	14009	198	26	0	0	*	2
351	14049	200	27	0	0	*	2
352	14089	203	29	0	0	*	2
353	14129	205	31	0	0	*	2
354	14169	207	33	0	0	*	2
355	14209	209	34	0	0	*	2
356	14249	210	36	0	0	*	2
357	14289	212	38	0	0	*	2
358	14329	214	40	0	0	*	2
359	14369	216	41	0	0	*	2
360	14409	217	43	0	0	*	2
361	14449	219	44	0	0	*	2
362	14489	220	46	0	0	*	2
363	14529	222	48	0	0	*	2
364	14569	224	51	0	0	*	2
365	14609	225	53	0	0	*	2
366	14649	227	55	0	0	*	2
367	14689	228	57	0	0	*	2
368	14729	230	59	0	0	*	2
369	14769	231	61	0	0	*	2
370	14809	232	63	0	0	*	2
371	14849	234	65	0	0	*	2
372	14889	235	67	0	0	*	2
373	14929	236	70	0	0	*	2
374	14969	237	71	0	0	*	2
375	15009	239	74	0	0	*	2
376	15049	240	76	0	0	*	2
377	15089	241	78	0	0	*	2
378	15129	242	80	0	0	*	2
379	15169	243	83	0	0	*	2
380	15209	243	85	0	0	*	2
381	15249	244	87	0	0	*	2
382	15289	244	89	0	0	*	2
383	15329	245	92	0	0	*	2
384	15369	246	94	0	0	*	2
385	15409	246	96	0	0	*	2
386	15449	247	98	0	0	*	2
387	15489	248	101	0	0	*	2
388	15529	248	103	0	0	*	2
389	15569	248	106	0	0	*	2
390	15609	249	109	0	0	*	2
391	15649	249	111	0	0	*	2
392	15689	249	113	0	0	*	2
393	15729	249	116	0	0	*	2
394	15769	249	118	0	0	*	2
395	15809	250	121	0	0	*	2
396	15849	250	124	0	0	*	2
397	15889	250	126	0	0	*	2
398	15929	249	128	0	0	*	2
399	15969	249	131	0	0	*	2
400	16009	249	134	0	0	*	2
401	16049	249	136	0	0	*	2
402	16089	249	139	0	0	*	2
403	16129	249	141	0	0	*	2
404	16169	248	143	0	0	*	2
405	16209	248	145	0	0	*	2
406	16249	248	147	0	0	*	2
407	16289	247	150	0	0	*	2
408	16329	247	152	0	0	*	2
409	16369	246	154	0	0	*	2
410	16409	246	156	0	0	*	2
411	16449	245	158	0	0	*	2
412	16489	245	160	0	0	*	2
413	16529	243	163	0	0	*	2
414	16569	243	166	0	0	*	2
415	16609	242	168	0	0	*	2
416	16649	242	169	0	0	*	2
417	16689	240	173	0	0	*	2
418	16729	239	174	0	0	*	2
419	16769	238	176	0	0	*	2
420	16809	237	179	0	0	*	2
421	16849	236	181	0	0	*	2
422	16889	235	182	0	0	*	2
423	16929	233	185	0	0	*	2
424	16969	232	187	0	0	*	2
425	17009	232	188	0	0	*	2
426	17049	230	191	0	0	*	2
427	17089	230	192	0	0	*	2
428	17129	229	194	0	0	*	2
429	17169	227	196	0	0	*	2
430	17209	225	198	0	0	*	2
431	17249	223	201	0	0	*	2
432	17289	221	203	0	0	*	2
433	17329	219	205	0	0	*	2
434	17369	218	207	0	0	*	2
435	17409	216	209	0	0	*	2
436	17449	215	210	0	0	*	2
437	17489	213	212	0	0	*	2
438	17529	211	214	0	0	*	2
439	17569	209	216	0	0	*	2
440	17609	207	217	0	0	*	2
441	17649	206	219	0	0	*	2
442	17689	204	220	0	0	*	2
443	17729	202	222	0	0	*	2
444	17769	200	223	0	0	*	2
445	17809	198	225	0	0	*	2
446	17849	196	225	0	0	*	2
447	17889	194	227	0	0	*	2
448	17929	193	228	0	0	*	2
449	17969	191	229	0	0	*	2
450	18009	189	231	0	0	*	2
451	18049	186	232	0	0	*	2
452	18089	185	232	0	0	*	2
453	18129	182	233	0	0	*	2
454	18169	181	235	0	0	*	2
455	18209	178	235	0	0	*	2
456	18249	176	236	0	0	*	2
457	18289	174	237	0	0	*	2
458	18329	172	238	0	0	*	2
459	18369	170	239	0	0	*	2
460	18409	168	240	0	0	*	2
461	18449	166	240	0	0	*	2
462	18489	163	241	0	0	*	2
463	18529	161	242	0	0	*	2
464	18569	159	243	0	0	*	2
465	18609	158	243	0	0	*	2
466	18649	155	244	0	0	*	2
467	18689	153	244	0	0	*	2
468	18729	151	245	0	0	*	2
469	18769	148	245	0	0	*	2
470	18809	146	246	0	0	*	2
471	18849	144	246	0	0	*	2
472	18889	142	246	0	0	*	2
473	18929	139	246	0	0	*	2
474	18969	137	246	0	0	*	2
475	19009	134	247	0	0	*	2
476	19049	132	247	0	0	*	2
477	19089	129	247	0	0	*	2
478	19129	127	247	0	0	*	2
479	19169	124	247	0	0	*	2
480	19209	122	247	0	0	*	2
481	19249	119	246	0	0	*	2
482	19289	116	246	0	0	*	2
483	19329	114	246	0	0	*	2
484	19369	111	245	0	0	*	2
485	19409	109	245	0	0	*	2
486	19449	106	245	0	0	*	2
487	19489	104	244	0	0	*	2
488	19529	101	244	0	0	*	2
489	19569	98	243	0	0	*	2
490	19609	96	243	0	0	*	2
491	19650	94	242	0	0	*	2
492	19689	91	242	0	0	*	2
493	19730	89	241	0	0	*	2
494	19770	87	240	0	0	*	2
495	19809	85	239	0	0	*	2
496	19850	82	238	0	0	*	2
497	19889	80	238	0	0	*	2
498	19929	78	237	0	0	*	2
499	19970	76	236	0	0	*	2
500	20009	74	234	0	0	*	2
501	20049	72	233	0	0	*	2
502	20089	70	232	0	0	*	2
503	20129	68	230	0	0	*	2
504	20169	67	229	0	0	*	2
505	20209	65	227	0	0	*	2
506	20250	62	226	0	0	*	2
507	20290	61	224	0	0	*	2
508	20329	59	222	0	0	*	2
509	20370	57	220	0	0	*	2
510	20410	54	219	0	0	*	2
511	20450	52	217	0	0	*	2
512	20490	49	215	0	0	*	2
513	20530	48	213	0	0	*	2
514	20570	46	211	0	0	*	2
515	20610	44	210	0	0	*	2
516	20650	42	208	0	0	*	2
517	20690	39	207	0	0	*	2
518	20730	37	205	0	0	*	2
519	20770	36	203	0	0	*	2
520	20810	34	201	0	0	*	2
521	20850	32	200	0	0	*	2
522	20890	30	198	0	0	*	2
523	20930	28	196	0	0	*	2
524	20970	27	194	0	0	*	2
525	21010	26	193	0	0	*	2
526	21050	24	191	0	0	*	2
527	21090	24	189	0	0	*	2
528	21130	22	186	0	0	*	2
529	21170	21	184	0	0	*	2
530	21210	19	182	0	0	*	2
531	21250	18	180	0	0	*	2
532	21290	17	178	0	0	*	2
533	21330	17	176	0	0	*	2
534	21370	16	174	0	0	*	2
535	21410	15	171	0	0	*	2
536	21450	14	169	0	0	*	2
537	21490	13	168	0	0	*	2
538	21530	12	165	0	0	*	2
539	21570	12	162	0	0	*	2
540	21610	11	160	0	0	*	2
541	21650	10	156	0	0	*	2
542	21690	10	156	0	0	*	2
543	21730	9	154	0	0	*	2
544	21770	8	151	0	0	*	2
545	21810	8	148	0	0	*	2
546	21850	7	147	0	0	*	2
547	21890	7	144	0	0	*	2
548	21930	6	142	0	0	*	2
549	21970	6	140	0	0	*	2
550	22010	6	138	0	0	*	2
551	22050	6	136	0	0	*	2
552	22090	5	134	0	0	*	2
553	22130	5	131	0	0	*	2
554	22170	5	128	0	0	*	2
555	22210	5	125	0	0	*	2
556	22250	5	123	0	0	*	2
557	22290	6	120	0	0	*	2
558	22330	6	117	0	0	*	2
559	22370	6	114	0	0	*	2
560	22410	6	112	0	0	*	2
561	22450	7	110	0	0	*	2
562	22490	7	108	0	0	*	2
563	22530	7	105	0	0	*	2
564	22570	9	100	0	0	*	2
565	22610	8	99	0	0	*	2
566	22650	9	97	0	0	*	2
567	22690	9	95	0	0	*	2
568	22730	10	93	0	0	*	2
569	22770	10	91	0	0	*	2
570	22810	11	89	0	0	*	2
571	22850	12	86	0	0	*	2
572	22890	13	84	0	0	*	2
573	22930	14	82	0	0	*	2
574	22970	14	80	0	0	*	2
575	23010	15	77	0	0	*	2
576	23050	16	75	0	0	*	2
577	23090	17	73	0	0	*	2
578	23130	19	70	0	0	*	2
579	23170	20	69	0	0	*	2
580	23210	21	67	0	0	*	2
581	23250	24	62	0	0	*	2
582	23290	25	61	0	0	*	2
583	23330	24	60	0	0	*	2
584	23370	25	58	0	0	*	2
585	23410	27	57	0	0	*	2
586	23450	27	55	0	0	*	2
587	23490	29	53	0	0	*	2
588	23530	30	51	0	0	*	2
589	23570	32	49	0	0	*	2
590	23610	34	47	0	0	*	2
591	23650	35	46	0	0	*	2
592	23690	37	44	0	0	*	2
593	23730	38	42	0	0	*	2
594	23770	40	40	0	0	*	2
595	23810	42	37	0	0	*	2
596	23850	45	35	0	0	*	2
597	23890	46	34	0	0	*	2
598	23930	48	33	0	0	*	2
599	23970	49	31	0	0	*	2
600	24010	51	30	0	0	*	2
601	24050	54	28	0	0	*	2
602	24090	56	26	0	0	*	2
603	24130	57	25	0	0	*	2
604	24170	60	24	0	0	*	2
605	24210	62	23	0	0	*	2
606	24250	64	21	0	0	*	2
607	24290	67	20	0	0	*	2
608	24330	69	18	0	0	*	2
609	24370	71	17	0	0	*	2
610	24410	73	16	0	0	*	2
611	24450	76	15	0	0	*	2
612	24490	78	14	0	0	*	2
613	24530	81	13	0	0	*	2
614	24570	83	12	0	0	*	2
615	24610	85	11	0	0	*	2
616	24650	88	10	0	0	*	2
617	24690	90	10	0	0	*	2
618	24730	92	9	0	0	*	2
619	24770	95	8	0	0	*	2
620	24810	97	7	0	0	*	2
621	24850	99	7	0	0	*	2
622	24890	102	6	0	0	*	2
623	24930	104	6	0	0	*	2
624	24970	106	5	0	0	*	2
625	25010	108	5	0	0	*	2
626	25050	110	5	0	0	*	2
627	25090	112	4	0	0	*	2
628	25130	114	4	0	0	*	2
629	25170	117	4	0	0	*	2
630	25210	120	4	0	0	*	2
631	25250	122	3	0	0	*	2
632	25290	125	3	0	0	*	2
633	25330	127	3	0	0	*	2
634	25370	129	3	0	0	*	2
635	25410	132	4	0	0	*	2
636	25450	134	4	0	0	*	2
637	25490	136	4	0	0	*	2
638	25530	139	4	0	0	*	2
639	25570	141	4	0	0	*	2
640	25610	143	5	0	0	*	2
641	25650	146	5	0	0	*	2
642	25690	148	5	0	0	*	2
643	25730	150	6	0	0	*	2
644	25770	153	6	0	0	*	2
645	25810	155	7	0	0	*	2
646	25850	157	7	0	0	*	2
647	25890	159	8	0	0	*	2
648	25930	161	8	0	0	*	2
649	25970	163	9	0	0	*	2
650	26010	166	10	0	0	*	2
651	26050	168	11	0	0	*	2
652	26090	170	11	0	0	*	2
653	26130	172	12	0	0	*	2
654	26170	174	13	0	0	*	2
655	26210	176	14	0	0	*	2
656	26250	178	15	0	0	*	2
657	26290	180	16	0	0	*	2
658	26330	182	16	0	0	*	2
659	26370	185	18	0	0	*	2
660	26410	187	19	0	0	*	2
661	26450	188	20	0	0	*	2
662	26490	190	21	0	0	*	2
663	26530	193	22	0	0	*	2
664	26570	194	23	0	0	*	2
665	26610	196	24	0	0	*	2
666	26650	198	26	0	0	*	2
667	26690	199	27	0	0	*	2
668	26730	201	28	0	0	*	2
669	26770	203	30	0	0	*	2
670	26810	204	31	0	0	*	2
671	26850	206	33	0	0	*	2
672	26890	208	35	0	0	*	2
673	26930	210	36	0	0	*	2
674	26970	212	38	0	0	*	2
675	27010	214	40	0	0	*	2
676	27050	215	41	0	0	*	2
677	27090	217	43	0	0	*	2
678	27130	218	45	0	0	*	2
679	27170	219	46	0	0	*	2
680	27210	221	48	0	0	*	2
681	27250	223	50	0	0	*	2
682	27290	225	52	0	0	*	2
683	27330	226	53	0	0	*	2
684	27370	227	56	0	0	*	2
685	27410	229	58	0	0	*	2
686	27450	230	60	0	0	*	2
687	27490	231	62	0	0	*	2
688	27530	232	64	0	0	*	2
689	27570	233	66	0	0	*	2
690	27610	234	68	0	0	*	2
691	27650	236	70	0	0	*	2
692	27690	237	72	0	0	*	2
693	27730	238	74	0	0	*	2
694	27770	239	76	0	0	*	2
695	27810	240	78	0	0	*	2
696	27850	241	80	0	0	*	2
697	27890	242	83	0	0	*	2
698	27930	243	85	0	0	*	2
699	27970	243	87	0	0	*	2
700	28010	244	89	0	0	*	2
701	28050	245	91	0	0	*	2
702	28090	245	93	0	0	*	2
703	28130	246	95	0	0	*	2
704	28170	246	97	0	0	*	2
705	28210	247	100	0	0	*	2
706	28250	247	102	0	0	*	2
707	28290	248	104	0	0	*	2
708	28330	248	106	0	0	*	2
709	28370	248	108	0	0	*	2
710	28410	249	111	0	0	*	2
711	28450	249	113	0	0	*	2
712	28490	249	115	0	0	*	2
713	28530	249	117	0	0	*	2
714	28570	249	120	0	0	*	2
715	28610	249	122	0	0	*	2
716	28650	249	125	0	0	*	2
717	28690	249	127	0	0	*	2
718	28730	249	129	0	0	*	2
719	28770	249	132	0	0	*	2
720	28810	249	134	0	0	*	2
721	28850	249	136	0	0	*	2
722	28890	249	138	0	0	*	2
723	28930	249	140	0	0	*	2
724	28970	248	142	0	0	*	2
725	29010	248	145	0	0	*	2
726	29050	248	147	0	0	*	2
727	29090	247	149	0	0	*	2
728	29130	247	151	0	0	*	2
729	29170	246	154	0	0	*	2
730	29210	246	155	0	0	*	2
731	29250	245	158	0	0	*	2
732	29290	244	160	0	0	*	2
733	29330	243	162	0	0	*	2
734	29370	243	164	0	0	*	2
735	29410	242	166	0	0	*	2
736	29450	242	168	0	0	*	2
737	29490	241	170	0	0	*	2
738	29530	240	172	0	0	*	2
739	29570	239	174	0	0	*	2
740	29610	238	176	0	0	*	2
741	29650	237	178	0	0	*	2
742	29690	236	180	0	0	*	2
743	29730	235	182	0	0	*	2
744	29770	234	184	0	0	*	2
745	29810	233	186	0	0	*	2
746	29850	231	188	0	0	*	2
747	29890	231	189	0	0	*	2
748	29930	230	191	0	0	*	2
749	29970	228	193	0	0	*	2
750	30010	227	194	0	0	*	2
751	30050	226	196	0	0	*	2
752	30090	225	198	0	0	*	2
753	30130	223	200	0	0	*	2
754	30170	222	201	0	0	*	2
755	30210	220	203	0	0	*	2
756	30250	219	205	0	0	*	2
757	30290	218	206	0	0	*	2
758	30330	217	208	0	0	*	2
759	30370	215	209	0	0	*	2
760	30410	214	211	0	0	*	2
761	30450	212	212	0	0	*	2
762	30490	210	214	0	0	*	2
763	30530	209	215	0	0	*	2
764	30570	207	217	0	0	*	2
765	30610	205	219	0	0	*	2
766	30650	204	220	0	0	*	2
767	30690	202	221	0	0	*	2
768	30730	200	222	0	0	*	2
769	30770	199	223	0	0	*	2
770	30810	197	225	0	0	*	2
771	30850	195	226	0	0	*	2
772	30890	193	228	0	0	*	2
773	30930	191	229	0	0	*	2
774	30970	189	230	0	0	*	2
775	31010	188	231	0	0	*	2
776	31050	186	232	0	0	*	2
777	31090	184	233	0	0	*	2
778	31130	181	234	0	0	*	2
779	31170	179	235	0	0	*	2
780	31210	177	236	0	0	*	2
781	31250	175	236	0	0	*	2
782	31290	174	237	0	0	*	2
783	31330	172	238	0	0	*	2
784	31370	170	239	0	0	*	2
785	31410	168	240	0	0	*	2
786	31450	166	240	0	0	*	2
787	31490	163	241	0	0	*	2
788	31530	161	241	0	0	*	2
789	31570	159	242	0	0	*	2
790	31610	157	243	0	0	*	2
791	31650	155	243	0	0	*	2
792	31690	153	243	0	0	*	2
793	31730	150	244	0	0	*	2
794	31770	148	244	0	0	*	2
795	31810	146	245	0	0	*	2
796	31850	144	245	0	0	*	2
797	31890	141	246	0	0	*	2
798	31930	139	245	0	0	*	2
799	31970	137	245	0	0	*	2
800	32010	134	245	0	0	*	2
801	32050	133	246	0	0	*	2
802	32090	131	246	0	0	*	2
803	32130	128	246	0	0	*	2
804	32170	126	246	0	0	*	2
805	32210	123	246	0	0	*	2
806	32250	121	245	0	0	*	2
807	32290	119	245	0	0	*	2
808	32330	116	245	0	0	*	2
809	32370	114	245	0	0	*	2
810	32410	111	245	0	0	*	2
811	32450	109	244	0	0	*	2
812	32490	107	244	0	0	*	2
813	32530	105	243	0	0	*	2
814	32570	103	243	0	0	*	2
815	32610	100	243	0	0	*	2
816	32650	97	243	0	0	*	2
817	32690	96	242	0	0	*	2
818	32730	93	242	0	0	*	2
819	32770	91	241	0	0	*	2
820	32810	89	240	0	0	*	2
821	32850	87	239	0	0	*	2
822	32890	85	238	0	0	*	2
823	32930	83	237	0	0	*	2
824	32970	81	236	0	0	*	2
825	33010	79	235	0	0	*	2
826	33050	77	234	0	0	*	2
827	33090	75	233	0	0	*	2
828	33130	73	232	0	0	*	2
829	33170	72	231	0	0	*	2
830	33210	69	229	0	0	*	2
831	33250	67	228	0	0	*	2
832	33290	65	227	0	0	*	2
833	33330	63	225	0	0	*	2
834	33370	61	224	0	0	*	2
835	33410	59	223	0	0	*	2
836	33450	57	221	0	0	*	2
837	33490	55	220	0	0	*	2
838	33530	53	218	0	0	*	2
839	33570	50	217	0	0	*	2
840	33610	48	215	0	0	*	2
841	33650	47	214	0	0	*	2
842	33690	45	213	0	0	*	2
843	33730	43	211	0	0	*	2
844	33770	41	210	0	0	*	2
845	33810	39	209	0	0	*	2
846	33850	37	207	0	0	*	2
847	33890	36	206	0	0	*	2
848	33930	34	204	0	0	*	2
849	33970	33	202	0	0	*	2
850	34010	31	200	0	0	*	2
851	34050	30	199	0	0	*	2
852	34090	28	196	0	0	*	2
853	34130	27	195	0	0	*	2
854	34170	26	193	0	0	*	2
855	34210	25	191	0	0	*	2
856	34250	24	190	0	0	*	2
857	34290	23	188	0	0	*	2
858	34330	22	186	0	0	*	2
859	34370	20	183	0	0	*	2
860	34410	19	181	0	0	*	2
861	34450	18	180	0	0	*	2
862	34490	17	177	0	0	*	2
863	34530	17	176	0	0	*	2
864	34570	16	174	0	0	*	2
865	34610	15	171	0	0	*	2
866	34650	14	169	0	0	*	2
867	34690	13	167	0	0	*	2
868	34730	12	165	0	0	*	2
869	34770	12	162	0	0	*	2
870	34810	11	161	0	0	*	2
871	34850	10	159	0	0	*	2
872	34890	10	157	0	0	*	2
873	34930	9	155	0	0	*	2
874	34970	9	152	0	0	*	2
875	35010	8	150	0	0	*	2
876	35050	8	148	0	0	*	2
877	35090	7	146	0	0	*	2
878	35130	7	144	0	0	*	2
879	35170	6	141	0	0	*	2
880	35210	6	139	0	0	*	2
881	35250	6	137	0	0	*	2
882	35290	6	135	0	0	*	2
883	35330	6	132	0	0	*	2
884	35370	5	130	0	0	*	2
885	35410	5	127	0	0	*	2
886	35450	5	125	0	0	*	2
887	35490	5	123	0	0	*	2
888	35530	5	120	0	0	*	2
889	35570	5	118	0	0	*	2
890	35610	5	116	0	0	*	2
891	35650	6	114	0	0	*	2
892	35690	6	111	0	0	*	2
893	35730	6	109	0	0	*	2
894	35770	7	106	0	0	*	2
895	35810	7	103	0	0	*	2
896	35850	8	101	0	0	*	2
897	35890	9	99	0	0	*	2
898	35930	9	96	0	0	*	2
899	35970	10	94	0	0	*	2
900	36010	10	92	0	0	*	2
901	36050	11	90	0	0	*	2
902	36090	12	88	0	0	*	2
903	36130	12	86	0	0	*	2
904	36170	13	83	0	0	*	2
905	36210	14	82	0	0	*	2
906	36250	15	78	0	0	*	2
907	36290	16	75	0	0	*	2
908	36330	17	74	0	0	*	2
909	36370	18	72	0	0	*	2
910	36410	19	70	0	0	*	2
911	36450	20	69	0	0	*	2
912	36490	21	66	0	0	*	2
913	36530	22	64	0	0	*	2
914	36570	23	62	0	0	*	2
915	36610	24	60	0	0	*	2
916	36650	26	58	0	0	*	2
917	36690	26	57	0	0	*	2
918	36730	28	54	0	0	*	2
919	36770	30	52	0	0	*	2
920	36810	31	50	0	0	*	2
921	36850	32	49	0	0	*	2
922	36890	35	46	0	0	*	2
923	36930	36	45	0	0	*	2
924	36970	37	44	0	0	*	2
925	37010	39	42	0	0	*	2
926	37050	40	40	0	0	*	2
927	37090	42	38	0	0	*	2
928	37130	45	37	0	0	*	2
929	37170	46	35	0	0	*	2
930	37210	48	34	0	0	*	2
931	37250	51	32	0	0	*	2
932	37290	54	30	0	0	*	2
933	37330	55	28	0	0	*	2
934	37370	57	27	0	0	*	2
935	37410	59	25	0	0	*	2
936	37450	61	24	0	0	*	2
937	37490	63	23	0	0	*	2
938	37530	65	22	0	0	*	2
939	37570	67	21	0	0	*	2
940	37610	69	19	0	0	*	2
941	37650	71	18	0	0	*	2
942	37690	72	18	0	0	*	2
943	37730	73	17	0	0	*	2
944	37770	75	16	0	0	*	2
945	37810	77	15	0	0	*	2
946	37850	79	14	0	0	*	2
947	37890	81	13	0	0	*	2
948	37930	83	12	0	0	*	2
949	37970	84	11	0	0	*	2
950	38010	85	11	0	0	*	2
951	38050	87	10	0	0	*	2
952	38090	90	9	0	0	*	2
953	38130	92	8	0	0	*	2
954	38170	95	8	0	0	*	2
955	38210	97	7	0	0	*	2
956	38250	99	7	0	0	*	2
957	38290	101	6	0	0	*	2
958	38330	103	6	0	0	*	2
959	38370	106	5	0	0	*	2
960	38410	108	5	0	0	*	2
961	38450	109	5	0	0	*	2
962	38490	111	5	0	0	*	2
963	38530	114	4	0	0	*	2
964	38570	115	4	0	0	*	2
965	38610	118	4	0	0	*	2
966	38650	120	4	0	0	*	2
967	38690	122	4	0	0	*	2
968	38730	124	4	0	0	*	2
969	38770	126	4	0	0	*	2
970	38810	128	4	0	0	*	2
971	38850	130	4	0	0	*	2
972	38890	133	4	0	0	*	2
973	38930	135	4	0	0	*	2
974	38970	137	4	0	0	*	2
975	39010	139	4	0	0	*	2
976	39050	141	4	0	0	*	2
977	39090	143	4	0	0	*	2
978	39130	145	5	0	0	*	2
979	39170	147	5	0	0	*	2
980	39210	149	6	0	0	*	2
981	39250	150	6	0	0	*	2
982	39290	153	6	0	0	*	2
983	39330	155	7	0	0	*	2
984	39370	157	7	0	0	*	2
985	39410	159	8	0	0	*	2
986	39450	161	9	0	0	*	2
987	39490	163	10	0	0	*	2
988	39530	165	10	0	0	*	2
989	39570	167	11	0	0	*	2
990	39610	169	11	0	0	*	2
991	39650	171	12	0	0	*	2
992	39690	173	13	0	0	*	2
993	39730	174	13	0	0	*	2
994	39770	176	14	0	0	*	2
995	39810	178	15	0	0	*	2
996	39850	180	16	0	0	*	2
997	39890	182	17	0	0	*	2
998	39930	183	18	0	0	*	2
999	39970	185	18	0	0	*	2
1000	40010	187	19	0	0	*	2
1001	40050	188	20	0	0	*	2
1002	40090	190	21	0	0	*	2
1003	40130	192	22	0	0	*	2
1004	40170	194	23	0	0	*	2
1005	40210	195	24	0	0	*	2
1006	40250	197	25	0	0	*	2
1007	40290	198	26	0	0	*	2
1008	40330	200	27	0	0	*	2
1009	40370	201	29	0	0	*	2
1010	40410	203	30	0	0	*	2
1011	40450	204	31	0	0	*	2
1012	40490	206	32	0	0	*	2
1013	40530	207	34	0	0	*	2
1014	40570	208	35	0	0	*	2
1015	40610	210	36	0	0	*	2
1016	40650	211	37	0	0	*	2
1017	40690	213	39	0	0	*	2
1018	40730	214	40	0	0	*	2
1019	40770	215	42	0	0	*	2
1020	40810	217	43	0	0	*	2
1021	40850	218	45	0	0	*	2
1022	40890	219	46	0	0	*	2
1023	40930	220	47	0	0	*	2
1024	40970	221	49	0	0	*	2
1025	41010	221	50	0	0	*	2
1026	41050	223	52	0	0	*	2
1027	41090	225	54	0	0	*	2
1028	41130	226	55	0	0	*	2
1029	41170	227	57	0	0	*	2
1030	41210	228	59	0	0	*	2
1031	41250	229	60	0	0	*	2
1032	41290	230	61	0	0	*	2
1033	41330	231	63	0	0	*	2
1034	41370	233	65	0	0	*	2
1035	41410	233	66	0	0	*	2
1036	41450	234	68	0	0	*	2
1037	41490	235	70	0	0	*	2
1038	41530	236	71	0	0	*	2
1039	41570	236	72	0	0	*	2
1040	41610	238	74	0	0	*	2
1041	41650	239	76	0	0	*	2
1042	41690	240	78	0	0	*	2
1043	41730	241	79	0	0	*	2
1044	41770	241	80	0	0	*	2
1045	41810	241	82	0	0	*	2
1046	41850	242	84	0	0	*	2
1047	41890	243	85	0	0	*	2
1048	41930	243	87	0	0	*	2
1049	41970	244	89	0	0	*	2
1050	42010	244	91	0	0	*	2
1051	42050	244	92	0	0	*	2
1052	42090	245	94	0	0	*	2
1053	42130	245	95	0	0	*	2
1054	42170	246	98	0	0	*	2
1055	42210	247	99	0	0	*	2
1056	42250	247	102	0	0	*	2
1057	42290	247	103	0	0	*	2
1058	42330	248	105	0	0	*	2
1059	42370	248	107	0	0	*	2
1060	42410	248	109	0	0	*	2
1061	42450	249	111	0	0	*	2
1062	42490	249	113	0	0	*	2
1063	42530	249	115	0	0	*	2
1064	42570	249	116	0	0	*	2
1065	42610	249	118	0	0	*	2
1066	42650	249	120	0	0	*	2
1067	42690	249	122	0	0	*	2
1068	42730	250	125	0	0	*	2
1069	42770	249	126	0	0	*	2
1070	42810	249	128	0	0	*	2
1071	42850	249	130	0	0	*	2
1072	42890	249	133	0	0	*	2
1073	42930	249	135	0	0	*	2
1074	42970	249	137	0	0	*	2
1075	43010	249	139	0	0	*	2
1076	43050	248	140	0	0	*	2
1077	43090	248	142	0	0	*	2
1078	43130	247	144	0	0	*	2
1079	43170	247	146	0	0	*	2
1080	43210	247	148	0	0	*	2
1081	43250	247	150	0	0	*	2
1082	43290	246	152	0	0	*	2
1083	43330	246	154	0	0	*	2
1084	43370	245	156	0	0	*	2
1085	43410	245	157	0	0	*	2
1086	43450	244	159	0	0	*	2
1087	43490	244	161	0	0	*	2
1088	43530	243	162	0	0	*	2
1089	43570	243	164	0	0	*	2
1090	43610	242	166	0	0	*	2
1091	43650	242	168	0	0	*	2
1092	43690	241	170	0	0	*	2
1093	43730	240	171	0	0	*	2
1094	43770	239	173	0	0	*	2
1095	43810	238	175	0	0	*	2
1096	43850	238	177	0	0	*	2
1097	43890	236	179	0	0	*	2
1098	43930	235	181	0	0	*	2
1099	43970	234	182	0	0	*	2
1100	44010	234	184	0	0	*	2
1101	44050	233	186	0	0	*	2
1102	44090	232	187	0	0	*	2
1103	44130	231	188	0	0	*	2
1104	44170	230	190	0	0	*	2
1105	44210	230	190	0	0	*	2
1106	44250	228	192	0	0	*	2
1107	44290	227	195	0	0	*	2
1108	44330	226	196	0	0	*	2
1109	44370	225	197	0	0	*	2
1110	44410	223	200	0	0	*	2
1111	44450	221	202	0	0	*	2
1112	44490	220	203	0	0	*	2
1113	44530	219	205	0	0	*	2
1114	44570	217	207	0	0	*	2
1115	44610	216	208	0	0	*	2
1116	44650	214	209	0	0	*	2
1117	44690	213	211	0	0	*	2
1118	44730	211	213	0	0	*	2
1119	44770	210	214	0	0	*	2
1120	44810	209	216	0	0	*	2
1121	44850	207	217	0	0	*	2
1122	44890	206	218	0	0	*	2
1123	44930	204	220	0	0	*	2
1124	44970	202	221	0	0	*	2
1125	45010	201	222	0	0	*	2
1126	45050	199	223	0	0	*	2
1127	45090	198	224	0	0	*	2
1128	45130	196	226	0	0	*	2
1129	45170	194	227	0	0	*	2
1130	45210	192	228	0	0	*	2
1131	45250	191	229	0	0	*	2
1132	45290	189	231	0	0	*	2
1133	45330	187	231	0	0	*	2
1134	45370	185	232	0	0	*	2
1135	45410	183	233	0	0	*	2
1136	45450	182	234	0	0	*	2
1137	45490	180	235	0	0	*	2
1138	45530	178	236	0	0	*	2
1139	45570	176	236	0	0	*	2
1140	45610	175	237	0	0	*	2
1141	45650	172	238	0	0	*	2
1142	45690	170	239	0	0	*	2
1143	45730	169	239	0	0	*	2
1144	45770	167	240	0	0	*	2
1145	45810	164	241	0	0	*	2
1146	45850	163	241	0	0	*	2
1147	45890	160	242	0	0	*	2
1148	45930	158	242	0	0	*	2
1149	45970	157	243	0	0	*	2
1150	46010	155	243	0	0	*	2
1151	46050	152	244	0	0	*	2
1152	46090	150	244	0	0	*	2
1153	46130	149	244	0	0	*	2
1154	46170	146	245	0	0	*	2
1155	46210	145	245	0	0	*	2
1156	46250	143	245	0	0	*	2
1157	46290	141	246	0	0	*	2
1158	46330	139	246	0	0	*	2
1159	46370	137	246	0	0	*	2
1160	46410	134	246	0	0	*	2
1161	46450	133	246	0	0	*	2
1162	46490	131	246	0	0	*	2
1163	46530	129	246	0	0	*	2
1164	46570	127	246	0	0	*	2
1165	46610	125	246	0	0	*	2
1166	46650	123	246	0	0	*	2
1167	46690	121	246	0	0	*	2
1168	46730	119	246	0	0	*	2
1169	46770	116	246	0	0	*	2
1170	46810	114	245	0	0	*	2
1171	46850	113	245	0	0	*	2
1172	46890	110	245	0	0	*	2
1173	46930	108	244	0	0	*	2
1174	46970	106	244	0	0	*	2
1175	47010	105	244	0	0	*	2
1176	47050	102	244	0	0	*	2
1177	47090	100	243	0	0	*	2
1178	47130	98	243	0	0	*	2
1179	47170	96	242	0	0	*	2
1180	47210	94	242	0	0	*	2
1181	47250	92	241	0	0	*	2
1182	47290	90	241	0	0	*	2
1183	47330	88	240	0	0	*	2
1184	47370	86	239	0	0	*	2
1185	47410	84	238	0	0	*	2
1186	47450	82	238	0	0	*	2
1187	47490	81	237	0	0	*	2
1188	47530	79	236	0	0	*	2
1189	47570	77	235	0	0	*	2
1190	47610	75	234	0	0	*	2
1191	47650	73	233	0	0	*	2
1192	47690	71	232	0	0	*	2
1193	47730	70	231	0	0	*	2
1194	47770	68	230	0	0	*	2
1195	47810	66	229	0	0	*	2
1196	47850	64	228	0	0	*	2
1197	47890	62	226	0	0	*	2
1198	47930	60	225	0	0	*	2
1199	47970	59	224	0	0	*	2
1200	48010	57	222	0	0	*	2
1201	48050	55	221	0	0	*	2
1202	48090	53	220	0	0	*	2
1203	48130	51	219	0	0	*	2
1204	48170	49	218	0	0	*	2
1205	48210	48	216	0	0	*	2
1206	48250	47	215	0	0	*	2
1207	48290	45	214	0	0	*	2
1208	48330	43	212	0	0	*	2
1209	48370	41	210	0	0	*	2
1210	48410	40	209	0	0	*	2
1211	48450	38	208	0	0	*	2
1212	48490	37	207	0	0	*	2
1213	48530	36	205	0	0	*	2
1214	48570	34	203	0	0	*	2
1215	48610	33	202	0	0	*	2
1216	48650	32	200	0	0	*	2
1217	48690	30	198	0	0	*	2
1218	48730	29	197	0	0	*	2
1219	48770	28	195	0	0	*	2
1220	48810	26	193	0	0	*	2
1221	48850	25	192	0	0	*	2
1222	48890	24	190	0	0	*	2
1223	48930	24	189	0	0	*	2
1224	48970	22	186	0	0	*	2
1225	49010	21	184	0	0	*	2
1226	49050	20	183	0	0	*	2
1227	49090	19	181	0	0	*	2
1228	49130	18	179	0	0	*	2
1229	49170	18	178	0	0	*	2
1230	49210	16	176	0	0	*	2
1231	49250	16	174	0	0	*	2
1232	49290	15	173	0	0	*	2
1233	49330	14	170	0	0	*	2
1234	49370	13	168	0	0	*	2
1235	49410	13	167	0	0	*	2
1236	49450	12	164	0	0	*	2
1237	49490	12	162	0	0	*	2
1238	49530	11	159	0	0	*	2
1239	49570	11	158	0	0	*	2
1240	49610	10	156	0	0	*	2
1241	49650	9	155	0	0	*	2
1242	49690	9	153	0	0	*	2
1243	49730	8	151	0	0	*	2
1244	49770	8	148	0	0	*	2
1245	49810	7	146	0	0	*	2
1246	49850	7	144	0	0	*	2
1247	49890	7	143	0	0	*	2
1248	49930	6	141	0	0	*	2
1249	49970	6	139	0	0	*	2
1250	50010	6	137	0	0	*	2
1251	50050	6	134	0	0	*	2
1252	50090	5	133	0	0	*	2
1253	50130	5	130	0	0	*	2
1254	50170	5	128	0	0	*	2
1255	50210	5	126	0	0	*	2
1256	50250	5	123	0	0	*	2
1257	50290	5	122	0	0	*	2
1258	50330	5	119	0	0	*	2
1259	50370	6	116	0	0	*	2
1260	50410	6	115	0	0	*	2
1261	50450	6	113	0	0	*	2
1262	50490	6	111	0	0	*	2
1263	50530	7	108	0	0	*	2
1264	50570	7	106	0	0	*	2
1265	50610	8	103	0	0	*	2
1266	50650	8	102	0	0	*	2
1267	50690	8	100	0	0	*	2
1268	50730	9	98	0	0	*	2
1269	50770	9	96	0	0	*	2
1270	50810	10	93	0	0	*	2
1271	50850	10	92	0	0	*	2
1272	50890	11	90	0	0	*	2
1273	50930	11	88	0	0	*	2
1274	50970	12	86	0	0	*	2
1275	51010	13	84	0	0	*	2
1276	51050	13	82	0	0	*	2
1277	51090	14	80	0	0	*	2
1278	51130	15	78	0	0	*	2
1279	51170	15	77	0	0	*	2
1280	51210	16	75	0	0	*	2
1281	51250	17	73	0	0	*	2
1282	51290	18	71	0	0	*	2
1283	51330	19	69	0	0	*	2
1284	51370	20	67	0	0	*	2
1285	51410	21	66	0	0	*	2
1286	51450	23	64	0	0	*	2
1287	51490	24	62	0	0	*	2
1288	51530	24	60	0	0	*	2
1289	51570	26	58	0	0	*	2
1290	51610	27	56	0	0	*	2
1291	51650	28	54	0	0	*	2
1292	51690	29	53	0	0	*	2
1293	51730	31	51	0	0	*	2
1294	51770	32	49	0	0	*	2
1295	51810	35	46	0	0	*	2
1296	51850	35	46	0	0	*	2
1297	51890	38	43	0	0	*	2
1298	51930	38	43	0	0	*	2
1299	51970	39	41	0	0	*	2
1300	52010	42	38	0	0	*	2
1301	52050	44	37	0	0	*	2
1302	52090	46	35	0	0	*	2
1303	52130	46	35	0	0	*	2
1304	52170	47	34	0	0	*	2
1305	52210	49	32	0	0	*	2
1306	52250	51	30	0	0	*	2
1307	52290	53	29	0	0	*	2
1308	52330	55	28	0	0	*	2
1309	52370	57	26	0	0	*	2
1310	52410	58	26	0	0	*	2
1311	52450	60	24	0	0	*	2
1312	52490	62	23	0	0	*	2
1313	52530	64	22	0	0	*	2
1314	52570	65	21	0	0	*	2
1315	52610	67	20	0	0	*	2
1316	52650	69	19	0	0	*	2
1317	52690	71	18	0	0	*	2
1318	52730	73	17	0	0	*	2
1319	52770	74	17	0	0	*	2
1320	52810	76	16	0	0	*	2
1321	52850	78	15	0	0	*	2
1322	52890	79	14	0	0	*	2
1323	52930	81	13	0	0	*	2
1324	52970	83	13	0	0	*	2
1325	53010	85	12	0	0	*	2
1326	53050	87	11	0	0	*	2
1327	53090	89	11	0	0	*	2
1328	53130	90	10	0	0	*	2
1329	53170	92	9	0	0	*	2
1330	53210	94	9	0	0	*	2
1331	53250	96	8	0	0	*	2
1332	53290	98	8	0	0	*	2
1333	53330	100	7	0	0	*	2
1334	53370	102	7	0	0	*	2
1335	53410	104	6	0	0	*	2
1336	53450	106	6	0	0	*	2
1337	53490	108	6	0	0	*	2
1338	53530	109	5	0	0	*	2
1339	53570	112	5	0	0	*	2
1340	53610	114	5	0	0	*	2
1341	53650	115	4	0	0	*	2
1342	53690	117	4	0	0	*	2
1343	53730	120	4	0	0	*	2
1344	53770	121	4	0	0	*	2
1345	53810	124	4	0	0	*	2
1346	53850	126	4	0	0	*	2
1347	53890	128	4	0	0	*	2
1348	53930	130	4	0	0	*	2
1349	53970	132	4	0	0	*	2
1350	54010	134	4	0	0	*	2
1351	54050	136	4	0	0	*	2
1352	54090	139	4	0	0	*	2
1353	54130	141	4	0	0	*	2
1354	54170	143	5	0	0	*	2
1355	54210	145	5	0	0	*	2
1356	54250	147	6	0	0	*	2
1357	54290	149	6	0	0	*	2
1358	54330	151	6	0	0	*	2
1359	54370	153	7	0	0	*	2
1360	54410	155	7	0	0	*	2
1361	54450	158	8	0	0	*	2
1362	54490	159	8	0	0	*	2
1363	54530	161	9	0	0	*	2
1364	54570	163	9	0	0	*	2
1365	54610	166	10	0	0	*	2
1366	54650	167	11	0	0	*	2
1367	54690	169	12	0	0	*	2
1368	54730	171	12	0	0	*	2
1369	54770	173	13	0	0	*	2
1370	54810	175	14	0	0	*	2
1371	54850	177	15	0	0	*	2
1372	54890	179	16	0	0	*	2
1373	54930	181	17	0	0	*	2
1374	54970	182	18	0	0	*	2
1375	55010	185	19	0	0	*	2
1376	55050	186	20	0	0	*	2
1377	55090	189	21	0	0	*	2
1378	55130	190	22	0	0	*	2
1379	55170	192	23	0	0	*	2
1380	55210	193	23	0	0	*	2
1381	55250	195	24	0	0	*	2
1382	55290	196	25	0	0	*	2
1383	55330	198	27	0	0	*	2
1384	55370	200	28	0	0	*	2
1385	55410	201	29	0	0	*	2
1386	55450	202	30	0	0	*	2
1387	55490	204	32	0	0	*	2
1388	55530	205	33	0	0	*	2
1389	55570	206	34	0	0	*	2
1390	55610	208	35	0	0	*	2
1391	55650	209	37	0	0	*	2
1392	55690	211	38	0	0	*	2
1393	55730	213	40	0	0	*	2
1394	55770	214	41	0	0	*	2
1395	55810	216	42	0	0	*	2
1396	55850	217	44	0	0	*	2
1397	55890	217	45	0	0	*	2
1398	55930	218	46	0	0	*	2
1399	55970	219	47	0	0	*	2
1400	56010	221	49	0	0	*	2
1401	56050	222	50	0	0	*	2
1402	56090	223	52	0	0	*	2
1403	56130	224	53	0	0	*	2
1404	56170	225	54	0	0	*	2
1405	56210	226	56	0	0	*	2
1406	56250	228	58	0	0	*	2
1407	56290	229	59	0	0	*	2
1408	56330	230	60	0	0	*	2
1409	56370	231	62	0	0	*	2
1410	56410	231	64	0	0	*	2
1411	56450	232	65	0	0	*	2
1412	56490	234	67	0	0	*	2
1413	56530	235	69	0	0	*	2
1414	56570	236	70	0	0	*	2
1415	56610	237	72	0	0	*	2
1416	56650	237	73	0	0	*	2
1417	56690	238	74	0	0	*	2
1418	56730	239	76	0	0	*	2
1419	56770	240	78	0	0	*	2
1420	56810	241	80	0	0	*	2
1421	56850	242	81	0	0	*	2
1422	56890	243	83	0	0	*	2
1423	56930	243	85	0	0	*	2
1424	56970	243	86	0	0	*	2
1425	57010	243	89	0	0	*	2
1426	57050	244	90	0	0	*	2
1427	57090	244	92	0	0	*	2
1428	57130	245	94	0	0	*	2
1429	57170	246	96	0	0	*	2
1430	57210	246	98	0	0	*	2
1431	57250	246	100	0	0	*	2
1432	57290	247	102	0	0	*	2
1433	57330	247	104	0	0	*	2
1434	57370	247	106	0	0	*	2
1435	57410	248	107	0	0	*	2
1436	57450	248	109	0	0	*	2
1437	57490	248	112	0	0	*	2
1438	57530	249	114	0	0	*	2
1439	57570	249	116	0	0	*	2
1440	57610	249	117	0	0	*	2
1441	57650	249	119	0	0	*	2
1442	57690	249	122	0	0	*	2
1443	57730	249	124	0	0	*	2
1444	57770	249	126	0	0	*	2
1445	57810	249	127	0	0	*	2
1446	57850	249	130	0	0	*	2
1447	57890	249	132	0	0	*	2
1448	57930	249	134	0	0	*	2
1449	57970	249	135	0	0	*	2
1450	58010	249	137	0	0	*	2
1451	58050	248	139	0	0	*	2
1452	58090	248	141	0	0	*	2
1453	58130	248	143	0	0	*	2
1454	58170	248	145	0	0	*	2
1455	58210	247	146	0	0	*	2
1456	58250	247	149	0	0	*	2
1457	58290	247	150	0	0	*	2
1458	58330	246	153	0	0	*	2
1459	58370	245	155	0	0	*	2
1460	58410	245	157	0	0	*	2
1461	58450	245	159	0	0	*	2
1462	58490	244	161	0	0	*	2
1463	58530	244	162	0	0	*	2
1464	58570	243	163	0	0	*	2
1465	58610	242	166	0	0	*	2
1466	58650	242	167	0	0	*	2
1467	58690	241	169	0	0	*	2
1468	58730	241	171	0	0	*	2
1469	58770	240	173	0	0	*	2
1470	58810	239	174	0	0	*	2
1471	58850	238	176	0	0	*	2
1472	58890	237	178	0	0	*	2
1473	58930	237	179	0	0	*	2
1474	58970	236	181	0	0	*	2
1475	59010	234	183	0	0	*	2
1476	59050	234	185	0	0	*	2
1477	59090	233	186	0	0	*	2
1478	59130	232	187	0	0	*	2
1479	59170	231	189	0	0	*	2
1480	59210	231	190	0	0	*	2
1481	59250	229	192	0	0	*	2
1482	59290	229	193	0	0	*	2
1483	59330	228	194	0	0	*	2
1484	59370	226	196	0	0	*	2
1485	59410	226	197	0	0	*	2
1486	59450	224	199	0	0	*	2
1487	59490	223	201	0	0	*	2
1488	59530	222	202	0	0	*	2
1489	59570	221	203	0	0	*	2
1490	59610	219	205	0	0	*	2
1491	59650	219	206	0	0	*	2
1492	59690	218	207	0	0	*	2
1493	59730	216	209	0	0	*	2
1494	59770	215	209	0	0	*	2
1495	59810	214	210	0	0	*	2
1496	59850	212	212	0	0	*	2
1497	59890	211	213	0	0	*	2
1498	59930	210	214	0	0	*	2
1499	59970	208	215	0	0	*	2
1500	60010	207	217	0	0	*	2
1501	60050	206	218	0	0	*	2
1502	60090	205	219	0	0	*	2
1503	60130	203	220	0	0	*	2
1504	60170	202	221	0	0	*	2
1505	60210	200	223	0	0	*	2
1506	60250	198	224	0	0	*	2
1507	60290	197	225	0	0	*	2
1508	60330	196	226	0	0	*	2
1509	60370	194	227	0	0	*	2
1510	60410	193	228	0	0	*	2
1511	60450	192	228	0	0	*	2
1512	60490	190	229	0	0	*	2
1513	60530	188	231	0	0	*	2
1514	60570	186	232	0	0	*	2
1515	60610	185	232	0	0	*	2
1516	60650	183	233	0	0	*	2
1517	60690	182	233	0	0	*	2
1518	60730	180	234	0	0	*	2
1519	60770	178	235	0	0	*	2
1520	60810	177	236	0	0	*	2
1521	60850	175	237	0	0	*	2
1522	60890	173	238	0	0	*	2
1523	60930	172	238	0	0	*	2
1524	60970	170	239	0	0	*	2
1525	61010	169	239	0	0	*	2
1526	61050	167	240	0	0	*	2
1527	61090	165	241	0	0	*	2
1528	61130	163	241	0	0	*	2
1529	61170	161	242	0	0	*	2
1530	61210	160	242	0	0	*	2
1531	61250	158	243	0	0	*	2
1532	61290	156	243	0	0	*	2
1533	61330	154	244	0	0	*	2
1534	61370	152	244	0	0	*	2
1535	61410	150	244	0	0	*	2
1536	61450	149	244	0	0	*	2
1537	61490	147	245	0	0	*	2
1538	61530	145	245	0	0	*	2
1539	61570	143	245	0	0	*	2
1540	61610	142	245	0	0	*	2
1541	61650	139	246	0	0	*	2
1542	61690	138	246	0	0	*	2
1543	61730	136	246	0	0	*	2
1544	61770	134	246	0	0	*	2
1545	61810	132	246	0	0	*	2
1546	61850	131	246	0	0	*	2
1547	61890	129	246	0	0	*	2
1548	61930	126	246	0	0	*	2
1549	61970	125	246	0	0	*	2
1550	62010	123	246	0	0	*	2
1551	62050	121	246	0	0	*	2
1552	62090	119	245	0	0	*	2
1553	62130	117	245	0	0	*	2
1554	62170	114	245	0	0	*	2
1555	62210	112	245	0	0	*	2
1556	62250	111	244	0	0	*	2
1557	62290	109	244	0	0	*	2
1558	62330	107	243	0	0	*	2
1559	62370	105	243	0	0	*	2
1560	62410	103	242	0	0	*	2
1561	62450	101	242	0	0	*	2
1562	62490	99	242	0	0	*	2
1563	62530	97	242	0	0	*	2
1564	62570	96	241	0	0	*	2
1565	62610	94	241	0	0	*	2
1566	62650	92	240	0	0	*	2
1567	62690	90	240	0	0	*	2
1568	62730	88	239	0	0	*	2
1569	62770	87	239	0	0	*	2
1570	62810	85	238	0	0	*	2
1571	62850	83	237	0	0	*	2
1572	62890	82	236	0	0	*	2
1573	62930	80	236	0	0	*	2
1574	62970	78	235	0	0	*	2
1575	63010	77	234	0	0	*	2
1576	63050	75	234	0	0	*	2
1577	63090	73	233	0	0	*	2
1578	63130	72	232	0	0	*	2
1579	63170	71	231	0	0	*	2
1580	63210	69	231	0	0	*	2
1581	63250	68	230	0	0	*	2
1582	63290	66	229	0	0	*	2
1583	63330	64	228	0	0	*	2
1584	63370	63	227	0	0	*	2
1585	63410	62	226	0	0	*	2
1586	63450	61	225	0	0	*	2
1587	63490	59	224	0	0	*	2
1588	63530	58	224	0	0	*	2
1589	63570	57	223	0	0	*	2
1590	63610	55	222	0	0	*	2
1591	63650	54	221	0	0	*	2
1592	63690	53	220	0	0	*	2
1593	63730	52	219	0	0	*	2
1594	63770	51	218	0	0	*	2
1595	63810	49	217	0	0	*	2
