%%BEGIN_HEADER
	%%BEGIN DATABASE_INFORMATION
		%Date.0 ( 13.9.2019 )
		%Time.0 ( 18:06 )
	%%END DATABASE_INFORMATION
	%%BEGIN SETUP_INFORMATION
		%TrackerVersion.0 ( Tracker version 2.38 release 12.8.2012 )
		%ElapsedTime_ms.0 ( 60928 )
		%Paradigm.0 ( PlacePreference )
		%FeederParameters.0 ( 1500 0 )
			// %FeederParameters.0 ( ENTRANCE_LATENCY EXIT_LATENCY )
		%ElapsedPath_m.0 ( 0.00 )
		%ArenaDiameter_m.0 ( 1.80 )
		%TrackerResolution_PixPerCM.0 ( 1.4222 )
		%ArenaCenterXY.0 ( 127.5 127.5 )
		%Frame.0 ( RoomFrame )
		%ReinforcedSector.0 ( 190.6093 64.3907 7 )
			//%ReinforcedSector.0 ( CENTER_X CENTER_Y RADIUS )
		%RoomTrackReinforcedSector.0 ( 190.6093 64.3907 7 )
			//%RoomTrackReinforcedSector.0 ( CENTER_X CENTER_Y RADIUS )
	%%END SETUP_INFORMATION
	%%BEGIN RECORD_FORMAT
		%Sample.0 ( FrameCount 1msTimeStamp RoomX RoomY Sectors State Flags FrameInfo )
			//Sectors indicate if the object is in a target. Number is binary coded. Sectors = 0: no target, Sectors = 1: room target, Sectors: = 2 arena target, Sectors: = 3 room and arena target
			////State indicates the Watermaze State: OutsideTarget = 0, EntranceLatency = 1, InsideTarget = 3, OutsideRefractory = 4, BadSpot = 5
			//FrameInfo indicates succesfuly tracked spots: ReferencePoint * 2^0 + Spot0 * 2^(1+0) + Spot1 * 2^(1+1) + Spot2 * 2^(1+2) .... 
	%%END RECORD_FORMAT
%%END_HEADER
1	48	248	138	0	0	*	2
2	88	246	139	0	0	*	2
3	128	246	140	0	0	*	2
4	168	246	141	0	0	*	2
5	208	245	141	0	0	*	2
6	248	244	140	0	0	*	2
7	288	243	140	0	0	*	2
8	328	243	140	0	0	*	2
9	368	243	140	0	0	*	2
10	408	243	141	0	0	*	2
11	448	243	142	0	0	*	2
12	488	241	143	0	0	*	2
13	528	243	144	0	0	*	2
14	568	242	144	0	0	*	2
15	608	242	145	0	0	*	2
16	648	242	146	0	0	*	2
17	688	242	147	0	0	*	2
18	728	241	149	0	0	*	2
19	768	241	150	0	0	*	2
20	808	241	151	0	0	*	2
21	848	241	152	0	0	*	2
22	888	240	153	0	0	*	2
23	928	239	154	0	0	*	2
24	968	238	156	0	0	*	2
25	1008	237	158	0	0	*	2
26	1048	236	158	0	0	*	2
27	1088	234	159	0	0	*	2
28	1128	232	160	0	0	*	2
29	1168	231	162	0	0	*	2
30	1208	230	162	0	0	*	2
31	1248	228	162	0	0	*	2
32	1288	227	163	0	0	*	2
33	1328	224	163	0	0	*	2
34	1368	221	164	0	0	*	2
35	1408	219	164	0	0	*	2
36	1448	218	164	0	0	*	2
37	1488	216	163	0	0	*	2
38	1528	213	163	0	0	*	2
39	1568	211	162	0	0	*	2
40	1608	209	162	0	0	*	2
41	1648	207	161	0	0	*	2
42	1688	206	161	0	0	*	2
43	1728	203	159	0	0	*	2
44	1768	201	158	0	0	*	2
45	1808	199	157	0	0	*	2
46	1848	198	156	0	0	*	2
47	1888	196	155	0	0	*	2
48	1928	194	153	0	0	*	2
49	1968	193	152	0	0	*	2
50	2008	196	154	0	0	*	2
51	2048	190	149	0	0	*	2
52	2088	188	147	0	0	*	2
53	2128	191	150	0	0	*	2
54	2168	190	148	0	0	*	2
55	2208	183	141	0	0	*	2
56	2248	182	139	0	0	*	2
57	2288	181	137	0	0	*	2
58	2328	184	142	0	0	*	2
59	2368	183	140	0	0	*	2
60	2408	178	132	0	0	*	2
61	2448	176	130	0	0	*	2
62	2488	176	128	0	0	*	2
63	2528	175	125	0	0	*	2
64	2568	177	131	0	0	*	2
65	2608	176	127	0	0	*	2
66	2648	173	120	0	0	*	2
67	2688	172	117	0	0	*	2
68	2728	171	116	0	0	*	2
69	2768	171	113	0	0	*	2
70	2808	171	111	0	0	*	2
71	2848	170	109	0	0	*	2
72	2888	171	114	0	0	*	2
73	2928	171	112	0	0	*	2
74	2968	170	103	0	0	*	2
75	3008	171	107	0	0	*	2
76	3048	170	106	0	0	*	2
77	3088	170	97	0	0	*	2
78	3128	169	95	0	0	*	2
79	3168	169	93	0	0	*	2
80	3208	169	91	0	0	*	2
81	3248	170	96	0	0	*	2
82	3288	170	95	0	0	*	2
83	3328	170	93	0	0	*	2
84	3368	170	90	0	0	*	2
85	3408	170	81	0	0	*	2
86	3448	170	79	0	0	*	2
87	3488	170	76	0	0	*	2
88	3528	171	75	0	0	*	2
89	3568	170	81	0	0	*	2
90	3608	171	71	0	0	*	2
91	3648	172	69	0	0	*	2
92	3688	172	67	0	0	*	2
93	3728	173	65	0	0	*	2
94	3768	172	71	0	0	*	2
95	3808	172	70	0	0	*	2
96	3848	174	60	0	0	*	2
97	3888	175	57	0	0	*	2
98	3928	175	55	0	0	*	2
99	3968	174	62	0	0	*	2
100	4008	175	59	0	0	*	2
101	4048	175	58	0	0	*	2
102	4088	179	48	0	0	*	2
103	4128	179	46	0	0	*	2
104	4168	180	45	0	0	*	2
105	4208	180	46	0	0	*	2
106	4248	180	46	0	0	*	2
107	4288	182	42	0	0	*	2
108	4328	184	39	0	0	*	2
109	4368	185	38	0	0	*	2
110	4408	186	36	0	0	*	2
111	4448	188	35	0	0	*	2
112	4488	189	34	0	0	*	2
113	4528	190	33	0	0	*	2
114	4568	192	32	0	0	*	2
115	4608	193	31	0	0	*	2
116	4648	194	30	0	0	*	2
117	4688	195	29	0	0	*	2
118	4728	197	28	0	0	*	2
119	4768	197	28	0	0	*	2
120	4808	199	28	0	0	*	2
121	4848	200	27	0	0	*	2
122	4888	201	28	0	0	*	2
123	4928	202	28	0	0	*	2
124	4968	203	29	0	0	*	2
125	5008	204	31	0	0	*	2
126	5048	205	33	0	0	*	2
127	5088	205	34	0	0	*	2
128	5128	206	35	0	0	*	2
129	5168	205	37	0	0	*	2
130	5208	205	38	0	0	*	2
131	5248	205	41	0	0	*	2
132	5288	205	43	0	0	*	2
133	5328	205	44	0	0	*	2
134	5368	205	46	0	0	*	2
135	5408	205	47	0	0	*	2
136	5448	203	44	0	0	*	2
137	5488	203	45	0	0	*	2
138	5528	204	52	0	0	*	2
139	5568	204	53	0	0	*	2
140	5608	204	56	0	0	*	2
141	5648	203	58	0	0	*	2
142	5688	202	59	0	0	*	2
143	5728	202	61	0	0	*	2
144	5768	201	63	0	0	*	2
145	5808	201	65	0	0	*	2
146	5848	201	66	0	0	*	2
147	5888	200	68	0	0	*	2
148	5928	199	69	0	0	*	2
149	5968	199	70	0	0	*	2
150	6008	197	72	0	0	*	2
151	6048	197	73	0	0	*	2
152	6088	195	75	0	0	*	2
153	6128	194	76	0	0	*	2
154	6168	193	77	0	0	*	2
155	6208	192	79	0	0	*	2
156	6248	191	80	0	0	*	2
157	6288	190	82	0	0	*	2
158	6328	188	83	0	0	*	2
159	6368	187	84	0	0	*	2
160	6408	186	86	0	0	*	2
161	6448	184	87	0	0	*	2
162	6488	183	88	0	0	*	2
163	6528	182	89	0	0	*	2
164	6568	180	91	0	0	*	2
165	6608	179	92	0	0	*	2
166	6648	177	93	0	0	*	2
167	6688	181	91	0	0	*	2
168	6728	179	92	0	0	*	2
169	6768	178	93	0	0	*	2
170	6808	177	93	0	0	*	2
171	6848	175	94	0	0	*	2
172	6888	174	96	0	0	*	2
173	6928	173	96	0	0	*	2
174	6968	171	98	0	0	*	2
175	7008	169	98	0	0	*	2
176	7048	168	99	0	0	*	2
177	7088	166	100	0	0	*	2
178	7128	164	101	0	0	*	2
179	7168	162	102	0	0	*	2
180	7208	160	102	0	0	*	2
181	7248	159	103	0	0	*	2
182	7288	157	104	0	0	*	2
183	7328	156	104	0	0	*	2
184	7368	154	105	0	0	*	2
185	7408	144	107	0	0	*	2
186	7448	149	106	0	0	*	2
187	7488	148	106	0	0	*	2
188	7528	138	108	0	0	*	2
189	7568	136	108	0	0	*	2
190	7608	134	109	0	0	*	2
191	7648	133	109	0	0	*	2
192	7688	138	108	0	0	*	2
193	7728	128	109	0	0	*	2
194	7768	126	109	0	0	*	2
195	7808	124	109	0	0	*	2
196	7848	122	109	0	0	*	2
197	7888	121	109	0	0	*	2
198	7928	118	109	0	0	*	2
199	7968	116	109	0	0	*	2
200	8008	114	109	0	0	*	2
201	8048	112	109	0	0	*	2
202	8088	109	109	0	0	*	2
203	8128	108	109	0	0	*	2
204	8168	106	109	0	0	*	2
205	8208	103	108	0	0	*	2
206	8248	101	108	0	0	*	2
207	8288	99	108	0	0	*	2
208	8328	97	108	0	0	*	2
209	8368	95	108	0	0	*	2
210	8408	93	107	0	0	*	2
211	8448	91	107	0	0	*	2
212	8488	96	107	0	0	*	2
213	8528	94	107	0	0	*	2
214	8568	85	106	0	0	*	2
215	8608	83	105	0	0	*	2
216	8648	81	105	0	0	*	2
217	8688	79	104	0	0	*	2
218	8728	84	105	0	0	*	2
219	8768	82	105	0	0	*	2
220	8808	80	104	0	0	*	2
221	8848	78	104	0	0	*	2
222	8888	70	101	0	0	*	2
223	8928	75	102	0	0	*	2
224	8968	73	102	0	0	*	2
225	9008	72	101	0	0	*	2
226	9048	70	100	0	0	*	2
227	9088	68	99	0	0	*	2
228	9128	66	98	0	0	*	2
229	9168	65	97	0	0	*	2
230	9208	63	96	0	0	*	2
231	9248	57	90	0	0	*	2
232	9288	55	89	0	0	*	2
233	9328	59	92	0	0	*	2
234	9368	58	91	0	0	*	2
235	9408	57	90	0	0	*	2
236	9448	56	89	0	0	*	2
237	9488	55	88	0	0	*	2
238	9528	53	86	0	0	*	2
239	9568	53	84	0	0	*	2
240	9608	48	76	0	0	*	2
241	9648	51	81	0	0	*	2
242	9688	50	80	0	0	*	2
243	9728	49	78	0	0	*	2
244	9768	49	76	0	0	*	2
245	9808	48	74	0	0	*	2
246	9848	47	72	0	0	*	2
247	9888	47	70	0	0	*	2
248	9928	47	70	0	0	*	2
249	9968	46	68	0	0	*	2
250	10008	46	66	0	0	*	2
251	10048	45	65	0	0	*	2
252	10088	45	63	0	0	*	2
253	10128	45	61	0	0	*	2
254	10168	45	59	0	0	*	2
255	10208	45	58	0	0	*	2
256	10248	45	57	0	0	*	2
257	10288	45	55	0	0	*	2
258	10328	45	53	0	0	*	2
259	10368	46	51	0	0	*	2
260	10408	46	51	0	0	*	2
261	10448	46	50	0	0	*	2
262	10488	46	49	0	0	*	2
263	10528	46	48	0	0	*	2
264	10568	47	47	0	0	*	2
265	10608	48	46	0	0	*	2
266	10648	48	46	0	0	*	2
267	10688	49	45	0	0	*	2
268	10728	50	44	0	0	*	2
269	10768	50	44	0	0	*	2
270	10808	52	43	0	0	*	2
271	10848	54	43	0	0	*	2
272	10888	55	42	0	0	*	2
273	10928	56	42	0	0	*	2
274	10968	59	41	0	0	*	2
275	11008	61	41	0	0	*	2
276	11048	62	41	0	0	*	2
277	11088	64	41	0	0	*	2
278	11128	73	42	0	0	*	2
279	11168	74	43	0	0	*	2
280	11208	69	42	0	0	*	2
281	11248	71	42	0	0	*	2
282	11288	73	42	0	0	*	2
283	11328	74	43	0	0	*	2
284	11368	75	43	0	0	*	2
285	11408	76	43	0	0	*	2
286	11448	78	44	0	0	*	2
287	11488	80	45	0	0	*	2
288	11528	81	46	0	0	*	2
289	11568	89	49	0	0	*	2
290	11608	85	47	0	0	*	2
291	11648	86	47	0	0	*	2
292	11688	87	48	0	0	*	2
293	11728	94	53	0	0	*	2
294	11768	91	51	0	0	*	2
295	11808	97	56	0	0	*	2
296	11848	98	57	0	0	*	2
297	11888	94	53	0	0	*	2
298	11928	96	55	0	0	*	2
299	11968	97	56	0	0	*	2
300	12008	98	57	0	0	*	2
301	12048	99	58	0	0	*	2
302	12088	100	59	0	0	*	2
303	12128	102	61	0	0	*	2
304	12168	103	62	0	0	*	2
305	12208	104	64	0	0	*	2
306	12248	105	65	0	0	*	2
307	12288	107	67	0	0	*	2
308	12328	108	69	0	0	*	2
309	12368	109	70	0	0	*	2
310	12408	109	72	0	0	*	2
311	12448	110	74	0	0	*	2
312	12488	115	82	0	0	*	2
313	12528	115	84	0	0	*	2
314	12568	113	79	0	0	*	2
315	12608	114	81	0	0	*	2
316	12648	115	83	0	0	*	2
317	12688	116	85	0	0	*	2
318	12728	117	87	0	0	*	2
319	12768	118	89	0	0	*	2
320	12808	119	92	0	0	*	2
321	12848	120	93	0	0	*	2
322	12888	120	95	0	0	*	2
323	12928	121	97	0	0	*	2
324	12968	121	100	0	0	*	2
325	13008	124	108	0	0	*	2
326	13048	122	104	0	0	*	2
327	13088	123	106	0	0	*	2
328	13128	125	114	0	0	*	2
329	13168	124	111	0	0	*	2
330	13208	126	118	0	0	*	2
331	13248	126	121	0	0	*	2
332	13288	127	123	0	0	*	2
333	13328	127	125	0	0	*	2
334	13368	127	127	0	0	*	2
335	13408	127	129	0	0	*	2
336	13448	127	131	0	0	*	2
337	13488	127	133	0	0	*	2
338	13528	127	136	0	0	*	2
339	13568	127	138	0	0	*	2
340	13608	127	133	0	0	*	2
341	13648	127	142	0	0	*	2
342	13688	126	144	0	0	*	2
343	13728	126	145	0	0	*	2
344	13768	126	148	0	0	*	2
345	13808	126	150	0	0	*	2
346	13848	126	151	0	0	*	2
347	13888	126	147	0	0	*	2
348	13928	125	156	0	0	*	2
349	13968	125	151	0	0	*	2
350	14008	124	159	0	0	*	2
351	14048	124	162	0	0	*	2
352	14088	124	162	0	0	*	2
353	14128	123	164	0	0	*	2
354	14168	123	159	0	0	*	2
355	14208	123	161	0	0	*	2
356	14248	123	163	0	0	*	2
357	14288	122	165	0	0	*	2
358	14328	122	166	0	0	*	2
359	14368	122	168	0	0	*	2
360	14408	121	170	0	0	*	2
361	14448	121	172	0	0	*	2
362	14488	121	175	0	0	*	2
363	14528	121	178	0	0	*	2
364	14568	121	179	0	0	*	2
365	14608	120	188	0	0	*	2
366	14648	120	182	0	0	*	2
367	14688	120	184	0	0	*	2
368	14728	119	186	0	0	*	2
369	14768	119	189	0	0	*	2
370	14808	119	191	0	0	*	2
371	14848	119	193	0	0	*	2
372	14888	118	203	0	0	*	2
373	14928	118	197	0	0	*	2
374	14968	118	207	0	0	*	2
375	15008	118	201	0	0	*	2
376	15048	118	203	0	0	*	2
377	15088	118	206	0	0	*	2
378	15128	117	215	0	0	*	2
379	15168	117	209	0	0	*	2
380	15208	117	211	0	0	*	2
381	15248	117	213	0	0	*	2
382	15288	117	215	0	0	*	2
383	15328	117	217	0	0	*	2
384	15368	117	219	0	0	*	2
385	15408	117	221	0	0	*	2
386	15448	116	223	0	0	*	2
387	15488	116	225	0	0	*	2
388	15528	116	227	0	0	*	2
389	15568	116	229	0	0	*	2
390	15608	116	230	0	0	*	2
391	15648	116	232	0	0	*	2
392	15688	116	234	0	0	*	2
393	15728	116	235	0	0	*	2
394	15768	115	236	0	0	*	2
395	15808	116	238	0	0	*	2
396	15848	116	239	0	0	*	2
397	15888	119	245	0	0	*	2
398	15928	120	245	0	0	*	2
399	15968	121	245	0	0	*	2
400	16008	122	244	0	0	*	2
401	16048	122	244	0	0	*	2
402	16088	123	243	0	0	*	2
403	16128	124	243	0	0	*	2
404	16168	124	243	0	0	*	2
405	16208	124	243	0	0	*	2
406	16248	125	244	0	0	*	2
407	16288	126	244	0	0	*	2
408	16328	127	243	0	0	*	2
409	16368	127	243	0	0	*	2
410	16408	128	242	0	0	*	2
411	16448	128	242	0	0	*	2
412	16488	129	242	0	0	*	2
413	16528	130	241	0	0	*	2
414	16568	131	241	0	0	*	2
415	16608	132	240	0	0	*	2
416	16648	132	240	0	0	*	2
417	16688	134	239	0	0	*	2
418	16728	132	240	0	0	*	2
419	16768	133	239	0	0	*	2
420	16808	133	238	0	0	*	2
421	16848	133	238	0	0	*	2
422	16888	134	237	0	0	*	2
423	16928	134	237	0	0	*	2
424	16968	136	236	0	0	*	2
425	17008	136	235	0	0	*	2
426	17048	137	234	0	0	*	2
427	17088	137	234	0	0	*	2
428	17128	138	233	0	0	*	2
429	17168	139	232	0	0	*	2
430	17208	140	231	0	0	*	2
431	17248	141	230	0	0	*	2
432	17288	142	230	0	0	*	2
433	17328	142	228	0	0	*	2
434	17368	143	228	0	0	*	2
435	17408	144	227	0	0	*	2
436	17448	144	225	0	0	*	2
437	17488	145	224	0	0	*	2
438	17528	146	223	0	0	*	2
439	17568	146	222	0	0	*	2
440	17608	147	220	0	0	*	2
441	17648	147	219	0	0	*	2
442	17688	147	217	0	0	*	2
443	17728	148	215	0	0	*	2
444	17768	148	213	0	0	*	2
445	17808	149	212	0	0	*	2
446	17848	149	210	0	0	*	2
447	17888	149	209	0	0	*	2
448	17928	149	207	0	0	*	2
449	17968	149	206	0	0	*	2
450	18008	149	204	0	0	*	2
451	18048	149	202	0	0	*	2
452	18088	149	201	0	0	*	2
453	18128	149	199	0	0	*	2
454	18168	149	197	0	0	*	2
455	18208	149	195	0	0	*	2
456	18248	149	193	0	0	*	2
457	18288	149	192	0	0	*	2
458	18328	148	190	0	0	*	2
459	18368	148	188	0	0	*	2
460	18408	148	186	0	0	*	2
461	18448	147	185	0	0	*	2
462	18488	147	183	0	0	*	2
463	18528	147	181	0	0	*	2
464	18568	147	180	0	0	*	2
465	18608	147	178	0	0	*	2
466	18648	146	176	0	0	*	2
467	18688	146	174	0	0	*	2
468	18728	145	165	0	0	*	2
469	18768	146	170	0	0	*	2
470	18808	146	168	0	0	*	2
471	18848	146	166	0	0	*	2
472	18888	145	165	0	0	*	2
473	18928	145	163	0	0	*	2
474	18968	145	162	0	0	*	2
475	19008	145	160	0	0	*	2
476	19048	145	158	0	0	*	2
477	19088	145	157	0	0	*	2
478	19128	145	155	0	0	*	2
479	19168	145	152	0	0	*	2
480	19208	144	151	0	0	*	2
481	19248	144	149	0	0	*	2
482	19288	144	146	0	0	*	2
483	19328	144	145	0	0	*	2
484	19368	144	143	0	0	*	2
485	19408	144	141	0	0	*	2
486	19448	144	139	0	0	*	2
487	19488	144	137	0	0	*	2
488	19528	144	133	0	0	*	2
489	19568	143	125	0	0	*	2
490	19608	142	123	0	0	*	2
491	19648	142	121	0	0	*	2
492	19688	143	126	0	0	*	2
493	19728	142	124	0	0	*	2
494	19768	142	121	0	0	*	2
495	19808	141	113	0	0	*	2
496	19848	140	112	0	0	*	2
497	19888	140	110	0	0	*	2
498	19928	141	115	0	0	*	2
499	19968	139	106	0	0	*	2
500	20008	139	104	0	0	*	2
501	20048	138	103	0	0	*	2
502	20088	138	100	0	0	*	2
503	20128	139	104	0	0	*	2
504	20168	137	96	0	0	*	2
505	20208	138	100	0	0	*	2
506	20248	136	94	0	0	*	2
507	20288	136	91	0	0	*	2
508	20328	137	95	0	0	*	2
509	20368	135	88	0	0	*	2
510	20408	134	86	0	0	*	2
511	20448	136	90	0	0	*	2
512	20488	135	88	0	0	*	2
513	20528	135	87	0	0	*	2
514	20568	133	79	0	0	*	2
515	20608	133	78	0	0	*	2
516	20648	134	83	0	0	*	2
517	20688	134	82	0	0	*	2
518	20728	134	80	0	0	*	2
519	20768	133	78	0	0	*	2
520	20808	133	76	0	0	*	2
521	20848	133	75	0	0	*	2
522	20888	132	74	0	0	*	2
523	20928	132	72	0	0	*	2
524	20968	132	70	0	0	*	2
525	21008	131	68	0	0	*	2
526	21048	131	67	0	0	*	2
527	21088	130	66	0	0	*	2
528	21128	130	64	0	0	*	2
529	21168	130	62	0	0	*	2
530	21208	129	61	0	0	*	2
531	21248	129	59	0	0	*	2
532	21288	128	57	0	0	*	2
533	21328	128	56	0	0	*	2
534	21368	127	54	0	0	*	2
535	21408	124	45	0	0	*	2
536	21448	123	44	0	0	*	2
537	21488	126	49	0	0	*	2
538	21528	125	47	0	0	*	2
539	21568	125	46	0	0	*	2
540	21608	124	44	0	0	*	2
541	21648	124	43	0	0	*	2
542	21688	123	40	0	0	*	2
543	21728	120	32	0	0	*	2
544	21768	122	37	0	0	*	2
545	21808	121	36	0	0	*	2
546	21848	121	34	0	0	*	2
547	21888	121	33	0	0	*	2
548	21928	118	24	0	0	*	2
549	21968	117	23	0	0	*	2
550	22008	117	21	0	0	*	2
551	22048	118	26	0	0	*	2
552	22088	118	23	0	0	*	2
553	22128	118	23	0	0	*	2
554	22168	118	22	0	0	*	2
555	22208	118	21	0	0	*	2
556	22248	118	20	0	0	*	2
557	22288	118	18	0	0	*	2
558	22328	118	18	0	0	*	2
559	22368	118	18	0	0	*	2
560	22408	118	17	0	0	*	2
561	22448	119	15	0	0	*	2
562	22488	120	15	0	0	*	2
563	22528	121	14	0	0	*	2
564	22568	121	14	0	0	*	2
565	22608	121	14	0	0	*	2
566	22648	123	14	0	0	*	2
567	22688	123	14	0	0	*	2
568	22728	124	14	0	0	*	2
569	22768	125	14	0	0	*	2
570	22808	125	14	0	0	*	2
571	22848	131	17	0	0	*	2
572	22888	132	18	0	0	*	2
573	22928	133	19	0	0	*	2
574	22968	128	16	0	0	*	2
575	23008	128	16	0	0	*	2
576	23048	134	22	0	0	*	2
577	23088	130	18	0	0	*	2
578	23128	134	24	0	0	*	2
579	23168	132	20	0	0	*	2
580	23208	132	21	0	0	*	2
581	23248	136	27	0	0	*	2
582	23288	136	29	0	0	*	2
583	23328	137	30	0	0	*	2
584	23368	135	26	0	0	*	2
585	23408	135	29	0	0	*	2
586	23448	136	30	0	0	*	2
587	23488	136	30	0	0	*	2
588	23528	137	32	0	0	*	2
589	23568	137	34	0	0	*	2
590	23608	137	35	0	0	*	2
591	23648	138	36	0	0	*	2
592	23688	138	38	0	0	*	2
593	23728	139	46	0	0	*	2
594	23768	138	42	0	0	*	2
595	23808	138	43	0	0	*	2
596	23848	138	45	0	0	*	2
597	23888	138	46	0	0	*	2
598	23928	138	54	0	0	*	2
599	23968	138	50	0	0	*	2
600	24008	138	51	0	0	*	2
601	24048	138	53	0	0	*	2
602	24088	137	54	0	0	*	2
603	24128	137	55	0	0	*	2
604	24168	137	57	0	0	*	2
605	24208	137	59	0	0	*	2
606	24248	137	60	0	0	*	2
607	24288	136	62	0	0	*	2
608	24328	135	65	0	0	*	2
609	24368	135	66	0	0	*	2
610	24408	135	68	0	0	*	2
611	24448	134	70	0	0	*	2
612	24488	134	71	0	0	*	2
613	24528	134	73	0	0	*	2
614	24568	133	75	0	0	*	2
615	24608	132	77	0	0	*	2
616	24648	132	78	0	0	*	2
617	24688	132	80	0	0	*	2
618	24728	131	82	0	0	*	2
619	24768	130	84	0	0	*	2
620	24808	130	85	0	0	*	2
621	24848	129	88	0	0	*	2
622	24888	128	89	0	0	*	2
623	24928	127	91	0	0	*	2
624	24968	127	93	0	0	*	2
625	25008	126	94	0	0	*	2
626	25048	125	96	0	0	*	2
627	25088	124	98	0	0	*	2
628	25128	123	99	0	0	*	2
629	25168	122	101	0	0	*	2
630	25208	121	103	0	0	*	2
631	25248	121	104	0	0	*	2
632	25288	120	106	0	0	*	2
633	25328	116	109	0	0	*	2
634	25368	112	115	0	0	*	2
635	25408	111	116	0	0	*	2
636	25448	109	118	0	0	*	2
637	25488	108	119	0	0	*	2
638	25528	107	120	0	0	*	2
639	25568	106	122	0	0	*	2
640	25608	104	123	0	0	*	2
641	25648	103	124	0	0	*	2
642	25688	102	126	0	0	*	2
643	25728	100	127	0	0	*	2
644	25768	98	128	0	0	*	2
645	25808	97	130	0	0	*	2
646	25848	95	131	0	0	*	2
647	25888	94	132	0	0	*	2
648	25928	97	129	0	0	*	2
649	25968	90	135	0	0	*	2
650	26008	89	136	0	0	*	2
651	26048	87	137	0	0	*	2
652	26088	85	138	0	0	*	2
653	26128	84	139	0	0	*	2
654	26168	86	137	0	0	*	2
655	26208	85	137	0	0	*	2
656	26248	84	138	0	0	*	2
657	26288	82	139	0	0	*	2
658	26328	81	140	0	0	*	2
659	26368	79	141	0	0	*	2
660	26408	76	143	0	0	*	2
661	26448	75	143	0	0	*	2
662	26488	74	144	0	0	*	2
663	26528	73	145	0	0	*	2
664	26568	71	146	0	0	*	2
665	26608	69	147	0	0	*	2
666	26648	68	148	0	0	*	2
667	26688	66	149	0	0	*	2
668	26728	64	150	0	0	*	2
669	26768	63	151	0	0	*	2
670	26808	61	151	0	0	*	2
671	26848	59	152	0	0	*	2
672	26888	57	152	0	0	*	2
673	26928	55	153	0	0	*	2
674	26968	54	154	0	0	*	2
675	27008	52	155	0	0	*	2
676	27048	50	155	0	0	*	2
677	27088	49	156	0	0	*	2
678	27128	47	156	0	0	*	2
679	27168	45	156	0	0	*	2
680	27208	44	157	0	0	*	2
681	27248	42	157	0	0	*	2
682	27288	40	158	0	0	*	2
683	27328	38	158	0	0	*	2
684	27368	36	158	0	0	*	2
685	27408	34	158	0	0	*	2
686	27448	33	158	0	0	*	2
687	27488	31	158	0	0	*	2
688	27528	28	159	0	0	*	2
689	27568	26	159	0	0	*	2
690	27608	24	159	0	0	*	2
691	27648	22	159	0	0	*	2
692	27688	20	159	0	0	*	2
693	27728	19	158	0	0	*	2
694	27768	18	158	0	0	*	2
695	27808	16	157	0	0	*	2
696	27848	15	157	0	0	*	2
697	27888	14	156	0	0	*	2
698	27928	14	155	0	0	*	2
699	27968	13	155	0	0	*	2
700	28008	13	154	0	0	*	2
701	28048	12	154	0	0	*	2
702	28088	12	154	0	0	*	2
703	28128	11	153	0	0	*	2
704	28168	10	153	0	0	*	2
705	28208	10	152	0	0	*	2
706	28248	10	151	0	0	*	2
707	28288	10	149	0	0	*	2
708	28328	9	148	0	0	*	2
709	28368	10	147	0	0	*	2
710	28408	10	145	0	0	*	2
711	28448	10	144	0	0	*	2
712	28488	10	143	0	0	*	2
713	28528	10	142	0	0	*	2
714	28568	10	141	0	0	*	2
715	28608	10	140	0	0	*	2
716	28648	10	140	0	0	*	2
717	28688	10	139	0	0	*	2
718	28728	11	138	0	0	*	2
719	28768	11	137	0	0	*	2
720	28808	12	137	0	0	*	2
721	28848	12	135	0	0	*	2
722	28888	13	134	0	0	*	2
723	28928	13	133	0	0	*	2
724	28968	14	131	0	0	*	2
725	29008	15	130	0	0	*	2
726	29048	16	128	0	0	*	2
727	29088	18	126	0	0	*	2
728	29128	20	125	0	0	*	2
729	29168	20	123	0	0	*	2
730	29208	22	121	0	0	*	2
731	29248	23	120	0	0	*	2
732	29288	24	119	0	0	*	2
733	29328	25	118	0	0	*	2
734	29368	27	116	0	0	*	2
735	29408	28	116	0	0	*	2
736	29448	30	114	0	0	*	2
737	29488	32	113	0	0	*	2
738	29528	34	112	0	0	*	2
739	29568	35	111	0	0	*	2
740	29608	37	110	0	0	*	2
741	29648	39	109	0	0	*	2
742	29688	40	108	0	0	*	2
743	29728	42	107	0	0	*	2
744	29768	44	107	0	0	*	2
745	29808	45	106	0	0	*	2
746	29848	47	106	0	0	*	2
747	29888	49	105	0	0	*	2
748	29928	50	104	0	0	*	2
749	29968	52	103	0	0	*	2
750	30008	54	103	0	0	*	2
751	30048	55	103	0	0	*	2
752	30088	57	102	0	0	*	2
753	30128	59	102	0	0	*	2
754	30168	61	101	0	0	*	2
755	30208	62	101	0	0	*	2
756	30248	64	101	0	0	*	2
757	30288	66	101	0	0	*	2
758	30328	68	101	0	0	*	2
759	30368	70	101	0	0	*	2
760	30408	72	101	0	0	*	2
761	30448	73	101	0	0	*	2
762	30488	75	101	0	0	*	2
763	30528	78	101	0	0	*	2
764	30568	79	101	0	0	*	2
765	30608	81	102	0	0	*	2
766	30648	83	102	0	0	*	2
767	30688	85	102	0	0	*	2
768	30728	86	103	0	0	*	2
769	30768	88	104	0	0	*	2
770	30808	90	104	0	0	*	2
771	30848	92	105	0	0	*	2
772	30888	94	106	0	0	*	2
773	30928	96	107	0	0	*	2
774	30968	97	108	0	0	*	2
775	31008	99	109	0	0	*	2
776	31048	101	109	0	0	*	2
777	31088	109	114	0	0	*	2
778	31128	105	112	0	0	*	2
779	31168	112	116	0	0	*	2
780	31208	114	117	0	0	*	2
781	31248	116	118	0	0	*	2
782	31288	111	116	0	0	*	2
783	31328	113	116	0	0	*	2
784	31368	115	118	0	0	*	2
785	31408	116	119	0	0	*	2
786	31448	124	124	0	0	*	2
787	31488	120	121	0	0	*	2
788	31528	121	122	0	0	*	2
789	31568	128	128	0	0	*	2
790	31608	126	127	0	0	*	2
791	31648	131	131	0	0	*	2
792	31688	132	132	0	0	*	2
793	31728	134	134	0	0	*	2
794	31768	135	135	0	0	*	2
795	31808	135	137	0	0	*	2
796	31848	136	138	0	0	*	2
797	31888	138	140	0	0	*	2
798	31928	135	136	0	0	*	2
799	31968	135	137	0	0	*	2
800	32008	141	144	0	0	*	2
801	32048	142	146	0	0	*	2
802	32088	139	141	0	0	*	2
803	32128	143	149	0	0	*	2
804	32168	140	144	0	0	*	2
805	32208	142	146	0	0	*	2
806	32248	142	147	0	0	*	2
807	32288	143	149	0	0	*	2
808	32328	144	150	0	0	*	2
809	32368	145	152	0	0	*	2
810	32408	146	154	0	0	*	2
811	32448	146	155	0	0	*	2
812	32488	147	157	0	0	*	2
813	32528	148	159	0	0	*	2
814	32568	149	161	0	0	*	2
815	32608	149	162	0	0	*	2
816	32648	150	164	0	0	*	2
817	32688	151	166	0	0	*	2
818	32728	151	167	0	0	*	2
819	32768	152	169	0	0	*	2
820	32808	153	171	0	0	*	2
821	32848	153	172	0	0	*	2
822	32888	154	174	0	0	*	2
823	32928	155	176	0	0	*	2
824	32968	155	178	0	0	*	2
825	33008	156	179	0	0	*	2
826	33048	156	181	0	0	*	2
827	33088	157	183	0	0	*	2
828	33128	157	185	0	0	*	2
829	33168	157	186	0	0	*	2
830	33208	158	188	0	0	*	2
831	33248	158	190	0	0	*	2
832	33288	158	192	0	0	*	2
833	33328	158	193	0	0	*	2
834	33368	158	195	0	0	*	2
835	33408	158	197	0	0	*	2
836	33448	158	199	0	0	*	2
837	33488	158	200	0	0	*	2
838	33528	158	202	0	0	*	2
839	33568	158	204	0	0	*	2
840	33608	158	206	0	0	*	2
841	33648	158	207	0	0	*	2
842	33688	157	209	0	0	*	2
843	33728	157	210	0	0	*	2
844	33768	157	211	0	0	*	2
845	33808	156	213	0	0	*	2
846	33848	156	215	0	0	*	2
847	33888	155	216	0	0	*	2
848	33928	155	218	0	0	*	2
849	33968	154	219	0	0	*	2
850	34008	153	221	0	0	*	2
851	34048	153	222	0	0	*	2
852	34088	152	223	0	0	*	2
853	34128	151	225	0	0	*	2
854	34168	150	226	0	0	*	2
855	34208	149	227	0	0	*	2
856	34248	148	228	0	0	*	2
857	34288	148	229	0	0	*	2
858	34328	147	230	0	0	*	2
859	34368	146	231	0	0	*	2
860	34408	145	232	0	0	*	2
861	34448	144	233	0	0	*	2
862	34488	143	234	0	0	*	2
863	34528	142	234	0	0	*	2
864	34568	141	235	0	0	*	2
865	34608	139	236	0	0	*	2
866	34648	138	237	0	0	*	2
867	34688	137	237	0	0	*	2
868	34728	135	237	0	0	*	2
869	34768	134	238	0	0	*	2
870	34808	133	238	0	0	*	2
871	34848	123	240	0	0	*	2
872	34888	121	241	0	0	*	2
873	34928	129	239	0	0	*	2
874	34968	126	239	0	0	*	2
875	35008	125	240	0	0	*	2
876	35048	115	241	0	0	*	2
877	35088	113	241	0	0	*	2
878	35128	121	240	0	0	*	2
879	35168	119	241	0	0	*	2
880	35208	117	241	0	0	*	2
881	35248	114	241	0	0	*	2
882	35288	114	241	0	0	*	2
883	35328	104	241	0	0	*	2
884	35368	110	241	0	0	*	2
885	35408	109	241	0	0	*	2
886	35448	107	241	0	0	*	2
887	35488	105	241	0	0	*	2
888	35528	104	240	0	0	*	2
889	35568	102	240	0	0	*	2
890	35608	100	240	0	0	*	2
891	35648	99	240	0	0	*	2
892	35688	97	240	0	0	*	2
893	35728	96	240	0	0	*	2
894	35768	94	239	0	0	*	2
895	35808	93	239	0	0	*	2
896	35848	91	239	0	0	*	2
897	35888	89	238	0	0	*	2
898	35928	88	238	0	0	*	2
899	35968	87	237	0	0	*	2
900	36008	85	236	0	0	*	2
901	36048	85	235	0	0	*	2
902	36088	83	235	0	0	*	2
903	36128	82	234	0	0	*	2
904	36168	80	233	0	0	*	2
905	36208	79	232	0	0	*	2
906	36248	77	231	0	0	*	2
907	36288	76	230	0	0	*	2
908	36328	75	229	0	0	*	2
909	36368	74	228	0	0	*	2
910	36408	73	227	0	0	*	2
911	36448	72	226	0	0	*	2
912	36488	71	224	0	0	*	2
913	36528	70	223	0	0	*	2
914	36568	70	222	0	0	*	2
915	36608	69	221	0	0	*	2
916	36648	68	220	0	0	*	2
917	36688	67	219	0	0	*	2
918	36728	66	217	0	0	*	2
919	36768	62	209	0	0	*	2
920	36808	62	208	0	0	*	2
921	36848	61	206	0	0	*	2
922	36888	64	212	0	0	*	2
923	36928	63	210	0	0	*	2
924	36968	62	209	0	0	*	2
925	37008	62	207	0	0	*	2
926	37048	61	206	0	0	*	2
927	37088	59	197	0	0	*	2
928	37128	59	195	0	0	*	2
929	37168	59	193	0	0	*	2
930	37208	60	199	0	0	*	2
931	37248	60	198	0	0	*	2
932	37288	59	196	0	0	*	2
933	37328	59	195	0	0	*	2
934	37368	59	193	0	0	*	2
935	37408	58	191	0	0	*	2
936	37448	58	189	0	0	*	2
937	37488	58	188	0	0	*	2
938	37528	58	185	0	0	*	2
939	37568	58	185	0	0	*	2
940	37608	57	183	0	0	*	2
941	37648	57	181	0	0	*	2
942	37688	57	179	0	0	*	2
943	37728	57	177	0	0	*	2
944	37768	57	176	0	0	*	2
945	37808	57	174	0	0	*	2
946	37848	57	172	0	0	*	2
947	37888	57	170	0	0	*	2
948	37928	57	169	0	0	*	2
949	37968	57	167	0	0	*	2
950	38008	58	165	0	0	*	2
951	38048	58	163	0	0	*	2
952	38088	58	162	0	0	*	2
953	38128	58	161	0	0	*	2
954	38168	58	159	0	0	*	2
955	38208	59	157	0	0	*	2
956	38248	59	155	0	0	*	2
957	38288	60	154	0	0	*	2
958	38328	60	152	0	0	*	2
959	38368	61	151	0	0	*	2
960	38408	61	149	0	0	*	2
961	38448	61	148	0	0	*	2
962	38488	62	146	0	0	*	2
963	38528	63	145	0	0	*	2
964	38568	64	143	0	0	*	2
965	38608	65	142	0	0	*	2
966	38648	66	140	0	0	*	2
967	38688	67	139	0	0	*	2
968	38728	68	138	0	0	*	2
969	38768	69	137	0	0	*	2
970	38808	70	136	0	0	*	2
971	38848	72	135	0	0	*	2
972	38888	73	134	0	0	*	2
973	38928	74	132	0	0	*	2
974	38968	75	131	0	0	*	2
975	39008	76	131	0	0	*	2
976	39048	78	130	0	0	*	2
977	39088	80	129	0	0	*	2
978	39128	81	128	0	0	*	2
979	39168	82	127	0	0	*	2
980	39208	84	127	0	0	*	2
981	39248	85	126	0	0	*	2
982	39288	87	126	0	0	*	2
983	39328	89	125	0	0	*	2
984	39368	90	125	0	0	*	2
985	39408	92	125	0	0	*	2
986	39448	100	124	0	0	*	2
987	39488	95	124	0	0	*	2
988	39528	97	124	0	0	*	2
989	39568	98	124	0	0	*	2
990	39608	100	124	0	0	*	2
991	39648	109	123	0	0	*	2
992	39688	103	123	0	0	*	2
993	39728	105	123	0	0	*	2
994	39768	107	123	0	0	*	2
995	39808	109	123	0	0	*	2
996	39848	110	124	0	0	*	2
997	39888	119	124	0	0	*	2
998	39928	121	124	0	0	*	2
999	39968	122	124	0	0	*	2
1000	40008	118	124	0	0	*	2
1001	40048	125	125	0	0	*	2
1002	40088	120	125	0	0	*	2
1003	40128	128	126	0	0	*	2
1004	40168	130	127	0	0	*	2
1005	40208	132	128	0	0	*	2
1006	40248	133	128	0	0	*	2
1007	40288	134	129	0	0	*	2
1008	40328	136	130	0	0	*	2
1009	40368	138	131	0	0	*	2
1010	40408	139	132	0	0	*	2
1011	40448	141	132	0	0	*	2
1012	40488	137	130	0	0	*	2
1013	40528	144	134	0	0	*	2
1014	40568	145	135	0	0	*	2
1015	40608	146	136	0	0	*	2
1016	40648	142	133	0	0	*	2
1017	40688	144	134	0	0	*	2
1018	40728	146	135	0	0	*	2
1019	40768	147	137	0	0	*	2
1020	40808	153	142	0	0	*	2
1021	40848	154	143	0	0	*	2
1022	40888	151	139	0	0	*	2
1023	40928	153	140	0	0	*	2
1024	40968	154	142	0	0	*	2
1025	41008	155	143	0	0	*	2
1026	41048	157	145	0	0	*	2
1027	41088	158	146	0	0	*	2
1028	41128	158	147	0	0	*	2
1029	41168	159	149	0	0	*	2
1030	41208	160	150	0	0	*	2
1031	41248	161	151	0	0	*	2
1032	41288	162	153	0	0	*	2
1033	41328	163	154	0	0	*	2
1034	41368	164	155	0	0	*	2
1035	41408	164	157	0	0	*	2
1036	41448	165	158	0	0	*	2
1037	41488	166	159	0	0	*	2
1038	41528	166	161	0	0	*	2
1039	41568	167	162	0	0	*	2
1040	41608	167	163	0	0	*	2
1041	41648	167	164	0	0	*	2
1042	41688	168	166	0	0	*	2
1043	41728	168	168	0	0	*	2
1044	41768	168	169	0	0	*	2
1045	41808	168	171	0	0	*	2
1046	41848	168	172	0	0	*	2
1047	41888	168	174	0	0	*	2
1048	41928	169	175	0	0	*	2
1049	41968	169	177	0	0	*	2
1050	42008	169	178	0	0	*	2
1051	42048	169	180	0	0	*	2
1052	42088	168	182	0	0	*	2
1053	42128	168	183	0	0	*	2
1054	42168	168	185	0	0	*	2
1055	42208	168	186	0	0	*	2
1056	42248	168	188	0	0	*	2
1057	42288	168	190	0	0	*	2
1058	42328	167	191	0	0	*	2
1059	42368	167	193	0	0	*	2
1060	42408	167	194	0	0	*	2
1061	42448	166	196	0	0	*	2
1062	42488	166	198	0	0	*	2
1063	42528	165	199	0	0	*	2
1064	42568	165	201	0	0	*	2
1065	42608	164	203	0	0	*	2
1066	42648	163	204	0	0	*	2
1067	42688	163	206	0	0	*	2
1068	42728	162	207	0	0	*	2
1069	42768	161	209	0	0	*	2
1070	42808	160	209	0	0	*	2
1071	42848	159	211	0	0	*	2
1072	42888	158	212	0	0	*	2
1073	42928	158	213	0	0	*	2
1074	42968	157	215	0	0	*	2
1075	43008	156	216	0	0	*	2
1076	43048	155	217	0	0	*	2
1077	43088	153	218	0	0	*	2
1078	43128	152	219	0	0	*	2
1079	43168	151	220	0	0	*	2
1080	43208	150	221	0	0	*	2
1081	43248	149	222	0	0	*	2
1082	43288	148	223	0	0	*	2
1083	43328	146	224	0	0	*	2
1084	43368	145	225	0	0	*	2
1085	43408	144	225	0	0	*	2
1086	43448	143	226	0	0	*	2
1087	43488	141	227	0	0	*	2
1088	43528	140	228	0	0	*	2
1089	43568	138	228	0	0	*	2
1090	43608	137	229	0	0	*	2
1091	43648	136	229	0	0	*	2
1092	43688	135	230	0	0	*	2
1093	43728	133	231	0	0	*	2
1094	43768	132	231	0	0	*	2
1095	43808	130	232	0	0	*	2
1096	43848	127	232	0	0	*	2
1097	43888	126	232	0	0	*	2
1098	43928	124	232	0	0	*	2
1099	43968	122	233	0	0	*	2
1100	44008	121	233	0	0	*	2
1101	44048	119	234	0	0	*	2
1102	44088	117	234	0	0	*	2
1103	44128	115	234	0	0	*	2
1104	44168	114	235	0	0	*	2
1105	44208	112	235	0	0	*	2
1106	44248	110	235	0	0	*	2
1107	44288	109	235	0	0	*	2
1108	44328	107	235	0	0	*	2
1109	44368	105	235	0	0	*	2
1110	44408	104	235	0	0	*	2
1111	44448	102	235	0	0	*	2
1112	44488	100	235	0	0	*	2
1113	44528	99	235	0	0	*	2
1114	44568	97	234	0	0	*	2
1115	44608	96	233	0	0	*	2
1116	44648	95	233	0	0	*	2
1117	44688	93	233	0	0	*	2
1118	44728	92	232	0	0	*	2
1119	44768	91	232	0	0	*	2
1120	44808	89	232	0	0	*	2
1121	44848	88	231	0	0	*	2
1122	44888	87	230	0	0	*	2
1123	44928	86	229	0	0	*	2
1124	44968	85	229	0	0	*	2
1125	45008	84	228	0	0	*	2
1126	45048	83	227	0	0	*	2
1127	45088	81	226	0	0	*	2
1128	45128	81	225	0	0	*	2
1129	45168	79	223	0	0	*	2
1130	45208	78	222	0	0	*	2
1131	45248	77	221	0	0	*	2
1132	45288	75	219	0	0	*	2
1133	45328	74	218	0	0	*	2
1134	45368	73	217	0	0	*	2
1135	45408	68	210	0	0	*	2
1136	45448	67	209	0	0	*	2
1137	45488	71	213	0	0	*	2
1138	45528	70	212	0	0	*	2
1139	45568	69	211	0	0	*	2
1140	45608	68	209	0	0	*	2
1141	45648	67	207	0	0	*	2
1142	45688	64	202	0	0	*	2
1143	45728	61	199	0	0	*	2
1144	45768	61	197	0	0	*	2
1145	45808	63	203	0	0	*	2
1146	45848	63	201	0	0	*	2
1147	45888	61	199	0	0	*	2
1148	45928	61	198	0	0	*	2
1149	45968	61	197	0	0	*	2
1150	46008	58	189	0	0	*	2
1151	46048	60	194	0	0	*	2
1152	46088	59	193	0	0	*	2
1153	46128	58	191	0	0	*	2
1154	46168	58	189	0	0	*	2
1155	46208	57	188	0	0	*	2
1156	46248	57	186	0	0	*	2
1157	46288	57	185	0	0	*	2
1158	46328	56	183	0	0	*	2
1159	46368	56	182	0	0	*	2
1160	46408	56	180	0	0	*	2
1161	46448	56	178	0	0	*	2
1162	46488	55	176	0	0	*	2
1163	46528	55	175	0	0	*	2
1164	46568	55	173	0	0	*	2
1165	46608	55	172	0	0	*	2
1166	46648	55	170	0	0	*	2
1167	46688	55	168	0	0	*	2
1168	46728	55	167	0	0	*	2
1169	46768	55	165	0	0	*	2
1170	46808	55	163	0	0	*	2
1171	46848	55	162	0	0	*	2
1172	46888	56	161	0	0	*	2
1173	46928	56	159	0	0	*	2
1174	46968	56	157	0	0	*	2
1175	47008	57	156	0	0	*	2
1176	47048	57	154	0	0	*	2
1177	47088	57	153	0	0	*	2
1178	47128	57	151	0	0	*	2
1179	47168	58	150	0	0	*	2
1180	47208	58	148	0	0	*	2
1181	47248	59	146	0	0	*	2
1182	47288	59	144	0	0	*	2
1183	47328	60	142	0	0	*	2
1184	47368	60	141	0	0	*	2
1185	47408	61	139	0	0	*	2
1186	47448	61	138	0	0	*	2
1187	47488	62	136	0	0	*	2
1188	47528	62	135	0	0	*	2
1189	47568	62	133	0	0	*	2
1190	47608	63	131	0	0	*	2
1191	47648	64	130	0	0	*	2
1192	47688	65	128	0	0	*	2
1193	47728	66	127	0	0	*	2
1194	47768	66	125	0	0	*	2
1195	47808	67	124	0	0	*	2
1196	47848	68	122	0	0	*	2
1197	47888	74	116	0	0	*	2
1198	47928	70	119	0	0	*	2
1199	47968	71	118	0	0	*	2
1200	48008	72	118	0	0	*	2
1201	48048	73	116	0	0	*	2
1202	48088	73	116	0	0	*	2
1203	48128	75	114	0	0	*	2
1204	48168	77	113	0	0	*	2
1205	48208	78	113	0	0	*	2
1206	48248	79	112	0	0	*	2
1207	48288	81	111	0	0	*	2
1208	48328	82	111	0	0	*	2
1209	48368	84	110	0	0	*	2
1210	48408	85	109	0	0	*	2
1211	48448	86	109	0	0	*	2
1212	48488	88	109	0	0	*	2
1213	48528	89	108	0	0	*	2
1214	48568	91	108	0	0	*	2
1215	48608	93	108	0	0	*	2
1216	48648	94	108	0	0	*	2
1217	48688	96	108	0	0	*	2
1218	48728	97	108	0	0	*	2
1219	48768	99	109	0	0	*	2
1220	48808	100	108	0	0	*	2
1221	48848	102	109	0	0	*	2
1222	48888	103	109	0	0	*	2
1223	48928	105	110	0	0	*	2
1224	48968	106	110	0	0	*	2
1225	49008	108	111	0	0	*	2
1226	49048	109	111	0	0	*	2
1227	49088	110	112	0	0	*	2
1228	49128	116	116	0	0	*	2
1229	49168	117	117	0	0	*	2
1230	49208	118	118	0	0	*	2
1231	49248	120	119	0	0	*	2
1232	49288	121	121	0	0	*	2
1233	49328	122	122	0	0	*	2
1234	49368	123	123	0	0	*	2
1235	49408	123	124	0	0	*	2
1236	49448	125	126	0	0	*	2
1237	49488	126	127	0	0	*	2
1238	49528	127	128	0	0	*	2
1239	49568	128	130	0	0	*	2
1240	49608	129	131	0	0	*	2
1241	49648	129	133	0	0	*	2
1242	49688	130	134	0	0	*	2
1243	49728	131	136	0	0	*	2
1244	49768	131	136	0	0	*	2
1245	49808	132	138	0	0	*	2
1246	49848	133	139	0	0	*	2
1247	49888	134	140	0	0	*	2
1248	49928	134	142	0	0	*	2
1249	49968	135	143	0	0	*	2
1250	50008	135	144	0	0	*	2
1251	50048	136	145	0	0	*	2
1252	50088	137	146	0	0	*	2
1253	50128	135	143	0	0	*	2
1254	50168	135	144	0	0	*	2
1255	50208	136	146	0	0	*	2
1256	50248	140	153	0	0	*	2
1257	50288	141	155	0	0	*	2
1258	50328	141	156	0	0	*	2
1259	50368	139	151	0	0	*	2
1260	50408	139	152	0	0	*	2
1261	50448	140	154	0	0	*	2
1262	50488	141	155	0	0	*	2
1263	50528	141	157	0	0	*	2
1264	50568	142	159	0	0	*	2
1265	50608	143	160	0	0	*	2
1266	50648	144	161	0	0	*	2
1267	50688	144	162	0	0	*	2
1268	50728	145	164	0	0	*	2
1269	50768	145	165	0	0	*	2
1270	50808	146	167	0	0	*	2
1271	50848	146	169	0	0	*	2
1272	50888	147	170	0	0	*	2
1273	50928	147	172	0	0	*	2
1274	50968	147	174	0	0	*	2
1275	51008	148	175	0	0	*	2
1276	51048	148	177	0	0	*	2
1277	51088	149	179	0	0	*	2
1278	51128	149	180	0	0	*	2
1279	51168	150	182	0	0	*	2
1280	51208	150	183	0	0	*	2
1281	51248	150	185	0	0	*	2
1282	51288	151	186	0	0	*	2
1283	51328	151	188	0	0	*	2
1284	51368	151	190	0	0	*	2
1285	51408	151	192	0	0	*	2
1286	51448	152	193	0	0	*	2
1287	51488	152	195	0	0	*	2
1288	51528	152	197	0	0	*	2
1289	51568	152	198	0	0	*	2
1290	51608	152	200	0	0	*	2
1291	51648	152	201	0	0	*	2
1292	51688	152	203	0	0	*	2
1293	51728	152	205	0	0	*	2
1294	51768	152	206	0	0	*	2
1295	51808	152	208	0	0	*	2
1296	51848	152	209	0	0	*	2
1297	51888	152	211	0	0	*	2
1298	51928	152	212	0	0	*	2
1299	51968	152	214	0	0	*	2
1300	52008	152	216	0	0	*	2
1301	52048	151	217	0	0	*	2
1302	52088	151	219	0	0	*	2
1303	52128	151	220	0	0	*	2
1304	52168	151	222	0	0	*	2
1305	52208	150	223	0	0	*	2
1306	52248	150	225	0	0	*	2
1307	52288	149	226	0	0	*	2
1308	52328	149	227	0	0	*	2
1309	52368	148	228	0	0	*	2
1310	52408	147	229	0	0	*	2
1311	52448	147	230	0	0	*	2
1312	52488	146	231	0	0	*	2
1313	52528	146	232	0	0	*	2
1314	52568	145	233	0	0	*	2
1315	52608	144	233	0	0	*	2
1316	52648	143	234	0	0	*	2
1317	52688	142	234	0	0	*	2
1318	52728	141	235	0	0	*	2
1319	52768	140	235	0	0	*	2
1320	52808	139	236	0	0	*	2
1321	52848	138	236	0	0	*	2
1322	52888	137	236	0	0	*	2
1323	52928	136	236	0	0	*	2
1324	52968	134	236	0	0	*	2
1325	53008	133	236	0	0	*	2
1326	53048	132	236	0	0	*	2
1327	53088	132	236	0	0	*	2
1328	53128	130	235	0	0	*	2
1329	53168	129	235	0	0	*	2
1330	53208	129	235	0	0	*	2
1331	53248	135	236	0	0	*	2
1332	53288	125	235	0	0	*	2
1333	53328	116	233	0	0	*	2
1334	53368	122	234	0	0	*	2
1335	53408	113	232	0	0	*	2
1336	53448	120	233	0	0	*	2
1337	53488	118	233	0	0	*	2
1338	53528	117	233	0	0	*	2
1339	53568	115	232	0	0	*	2
1340	53608	114	232	0	0	*	2
1341	53648	112	232	0	0	*	2
1342	53688	110	231	0	0	*	2
1343	53728	109	231	0	0	*	2
1344	53768	108	231	0	0	*	2
1345	53808	107	230	0	0	*	2
1346	53848	105	230	0	0	*	2
1347	53888	104	229	0	0	*	2
1348	53928	102	228	0	0	*	2
1349	53968	101	228	0	0	*	2
1350	54008	99	227	0	0	*	2
1351	54048	98	226	0	0	*	2
1352	54088	96	225	0	0	*	2
1353	54128	95	224	0	0	*	2
1354	54168	94	224	0	0	*	2
1355	54208	92	223	0	0	*	2
1356	54248	91	222	0	0	*	2
1357	54288	90	221	0	0	*	2
1358	54328	88	220	0	0	*	2
1359	54368	87	219	0	0	*	2
1360	54408	86	218	0	0	*	2
1361	54448	85	217	0	0	*	2
1362	54488	84	216	0	0	*	2
1363	54528	83	215	0	0	*	2
1364	54568	81	214	0	0	*	2
1365	54608	81	213	0	0	*	2
1366	54648	80	211	0	0	*	2
1367	54688	74	205	0	0	*	2
1368	54728	78	209	0	0	*	2
1369	54768	77	208	0	0	*	2
1370	54808	76	207	0	0	*	2
1371	54848	75	206	0	0	*	2
1372	54888	75	205	0	0	*	2
1373	54928	74	204	0	0	*	2
1374	54968	73	202	0	0	*	2
1375	55008	73	201	0	0	*	2
1376	55048	72	200	0	0	*	2
1377	55088	71	198	0	0	*	2
1378	55128	70	197	0	0	*	2
1379	55168	70	195	0	0	*	2
1380	55208	66	187	0	0	*	2
1381	55248	66	186	0	0	*	2
1382	55288	68	191	0	0	*	2
1383	55328	67	190	0	0	*	2
1384	55368	67	189	0	0	*	2
1385	55408	66	186	0	0	*	2
1386	55448	65	185	0	0	*	2
1387	55488	65	184	0	0	*	2
1388	55528	64	183	0	0	*	2
1389	55568	64	181	0	0	*	2
1390	55608	63	180	0	0	*	2
1391	55648	63	178	0	0	*	2
1392	55688	63	177	0	0	*	2
1393	55728	62	175	0	0	*	2
1394	55768	62	173	0	0	*	2
1395	55808	61	172	0	0	*	2
1396	55848	61	170	0	0	*	2
1397	55888	61	169	0	0	*	2
1398	55928	61	167	0	0	*	2
1399	55968	61	165	0	0	*	2
1400	56008	61	164	0	0	*	2
1401	56048	60	163	0	0	*	2
1402	56088	60	162	0	0	*	2
1403	56128	60	160	0	0	*	2
1404	56168	60	159	0	0	*	2
1405	56208	59	157	0	0	*	2
1406	56248	59	156	0	0	*	2
1407	56288	59	154	0	0	*	2
1408	56328	59	153	0	0	*	2
1409	56368	59	151	0	0	*	2
1410	56408	59	149	0	0	*	2
1411	56448	59	148	0	0	*	2
1412	56488	59	146	0	0	*	2
1413	56528	59	145	0	0	*	2
1414	56568	59	143	0	0	*	2
1415	56608	59	142	0	0	*	2
1416	56648	59	140	0	0	*	2
1417	56688	59	139	0	0	*	2
1418	56728	59	137	0	0	*	2
1419	56768	59	135	0	0	*	2
1420	56808	60	134	0	0	*	2
1421	56848	60	132	0	0	*	2
1422	56888	60	130	0	0	*	2
1423	56928	60	128	0	0	*	2
1424	56968	60	127	0	0	*	2
1425	57008	61	126	0	0	*	2
1426	57048	61	124	0	0	*	2
1427	57088	61	122	0	0	*	2
1428	57128	61	121	0	0	*	2
1429	57168	62	119	0	0	*	2
1430	57208	62	117	0	0	*	2
1431	57248	62	116	0	0	*	2
1432	57288	63	115	0	0	*	2
1433	57328	63	113	0	0	*	2
1434	57368	63	112	0	0	*	2
1435	57408	64	110	0	0	*	2
1436	57448	64	108	0	0	*	2
1437	57488	65	107	0	0	*	2
1438	57528	65	105	0	0	*	2
1439	57568	66	104	0	0	*	2
1440	57608	67	102	0	0	*	2
1441	57648	67	101	0	0	*	2
1442	57688	68	99	0	0	*	2
1443	57728	69	97	0	0	*	2
1444	57768	69	97	0	0	*	2
1445	57808	70	95	0	0	*	2
1446	57848	71	94	0	0	*	2
1447	57888	71	93	0	0	*	2
1448	57928	72	92	0	0	*	2
1449	57968	73	90	0	0	*	2
1450	58008	79	84	0	0	*	2
1451	58048	74	88	0	0	*	2
1452	58088	76	87	0	0	*	2
1453	58128	77	86	0	0	*	2
1454	58168	77	85	0	0	*	2
1455	58208	79	84	0	0	*	2
1456	58248	80	83	0	0	*	2
1457	58288	81	82	0	0	*	2
1458	58328	82	81	0	0	*	2
1459	58368	84	81	0	0	*	2
1460	58408	85	80	0	0	*	2
1461	58448	86	79	0	0	*	2
1462	58488	87	78	0	0	*	2
1463	58528	88	77	0	0	*	2
1464	58568	90	77	0	0	*	2
1465	58608	91	76	0	0	*	2
1466	58648	92	76	0	0	*	2
1467	58688	94	75	0	0	*	2
1468	58728	95	75	0	0	*	2
1469	58768	97	74	0	0	*	2
1470	58808	97	74	0	0	*	2
1471	58848	99	74	0	0	*	2
1472	58888	100	74	0	0	*	2
1473	58928	102	73	0	0	*	2
1474	58968	104	73	0	0	*	2
1475	59008	105	73	0	0	*	2
1476	59048	107	73	0	0	*	2
1477	59088	108	73	0	0	*	2
1478	59128	109	73	0	0	*	2
1479	59168	110	73	0	0	*	2
1480	59208	112	74	0	0	*	2
1481	59248	113	74	0	0	*	2
1482	59288	114	75	0	0	*	2
1483	59328	116	75	0	0	*	2
1484	59368	117	76	0	0	*	2
1485	59408	118	76	0	0	*	2
1486	59448	120	77	0	0	*	2
1487	59488	120	77	0	0	*	2
1488	59528	121	78	0	0	*	2
1489	59568	122	79	0	0	*	2
1490	59608	123	80	0	0	*	2
1491	59648	124	80	0	0	*	2
1492	59688	125	81	0	0	*	2
1493	59728	126	82	0	0	*	2
1494	59768	127	83	0	0	*	2
1495	59808	128	84	0	0	*	2
1496	59848	128	85	0	0	*	2
1497	59888	129	86	0	0	*	2
1498	59928	130	87	0	0	*	2
1499	59968	131	88	0	0	*	2
1500	60008	132	89	0	0	*	2
1501	60048	132	91	0	0	*	2
1502	60088	133	92	0	0	*	2
1503	60128	134	93	0	0	*	2
1504	60168	134	94	0	0	*	2
1505	60208	138	102	0	0	*	2
1506	60248	136	97	0	0	*	2
1507	60288	136	99	0	0	*	2
1508	60328	137	100	0	0	*	2
1509	60368	137	101	0	0	*	2
1510	60408	138	102	0	0	*	2
1511	60448	139	105	0	0	*	2
1512	60488	142	112	0	0	*	2
1513	60528	140	107	0	0	*	2
1514	60568	141	108	0	0	*	2
1515	60608	141	110	0	0	*	2
1516	60648	142	111	0	0	*	2
1517	60688	143	114	0	0	*	2
1518	60728	143	114	0	0	*	2
1519	60768	144	116	0	0	*	2
1520	60808	145	124	0	0	*	2
1521	60848	146	125	0	0	*	2
1522	60888	146	127	0	0	*	2
1523	60928	146	122	0	0	*	2
