%%BEGIN_HEADER
	%%BEGIN DATABASE_INFORMATION
		%Date.0 ( 13.9.2019 )
		%Time.0 ( 18:08 )
	%%END DATABASE_INFORMATION
	%%BEGIN SETUP_INFORMATION
		%TrackerVersion.0 ( Tracker version 2.38 release 12.8.2012 )
		%ElapsedTime_ms.0 ( 66832 )
		%Paradigm.0 ( PlacePreference )
		%FeederParameters.0 ( 1500 0 )
			// %FeederParameters.0 ( ENTRANCE_LATENCY EXIT_LATENCY )
		%ElapsedPath_m.0 ( 0.00 )
		%ArenaDiameter_m.0 ( 1.80 )
		%TrackerResolution_PixPerCM.0 ( 1.4222 )
		%ArenaCenterXY.0 ( 127.5 127.5 )
		%Frame.0 ( RoomFrame )
		%ReinforcedSector.0 ( 190.6093 64.3907 7 )
			//%ReinforcedSector.0 ( CENTER_X CENTER_Y RADIUS )
		%RoomTrackReinforcedSector.0 ( 190.6093 64.3907 7 )
			//%RoomTrackReinforcedSector.0 ( CENTER_X CENTER_Y RADIUS )
	%%END SETUP_INFORMATION
	%%BEGIN RECORD_FORMAT
		%Sample.0 ( FrameCount 1msTimeStamp RoomX RoomY Sectors State Flags FrameInfo )
			//Sectors indicate if the object is in a target. Number is binary coded. Sectors = 0: no target, Sectors = 1: room target, Sectors: = 2 arena target, Sectors: = 3 room and arena target
			////State indicates the Watermaze State: OutsideTarget = 0, EntranceLatency = 1, InsideTarget = 3, OutsideRefractory = 4, BadSpot = 5
			//FrameInfo indicates succesfuly tracked spots: ReferencePoint * 2^0 + Spot0 * 2^(1+0) + Spot1 * 2^(1+1) + Spot2 * 2^(1+2) .... 
	%%END RECORD_FORMAT
%%END_HEADER
1	71	12	124	0	0	*	2
2	111	14	122	0	0	*	2
3	151	14	121	0	0	*	2
4	191	13	120	0	0	*	2
5	231	14	121	0	0	*	2
6	271	13	122	0	0	*	2
7	311	13	122	0	0	*	2
8	351	13	122	0	0	*	2
9	391	15	122	0	0	*	2
10	431	17	122	0	0	*	2
11	471	20	122	0	0	*	2
12	511	21	122	0	0	*	2
13	551	23	121	0	0	*	2
14	591	24	120	0	0	*	2
15	631	26	119	0	0	*	2
16	671	27	118	0	0	*	2
17	711	29	117	0	0	*	2
18	751	30	116	0	0	*	2
19	791	32	114	0	0	*	2
20	831	33	113	0	0	*	2
21	871	34	112	0	0	*	2
22	911	36	110	0	0	*	2
23	951	37	108	0	0	*	2
24	991	38	107	0	0	*	2
25	1031	39	105	0	0	*	2
26	1071	41	104	0	0	*	2
27	1111	42	101	0	0	*	2
28	1151	43	100	0	0	*	2
29	1191	44	98	0	0	*	2
30	1231	46	96	0	0	*	2
31	1271	47	94	0	0	*	2
32	1311	48	92	0	0	*	2
33	1351	49	91	0	0	*	2
34	1391	50	89	0	0	*	2
35	1431	51	87	0	0	*	2
36	1471	52	85	0	0	*	2
37	1511	53	82	0	0	*	2
38	1551	54	81	0	0	*	2
39	1591	55	78	0	0	*	2
40	1631	56	76	0	0	*	2
41	1671	57	73	0	0	*	2
42	1711	58	71	0	0	*	2
43	1751	59	70	0	0	*	2
44	1791	59	68	0	0	*	2
45	1831	60	65	0	0	*	2
46	1871	61	63	0	0	*	2
47	1911	61	60	0	0	*	2
48	1951	62	58	0	0	*	2
49	1991	63	56	0	0	*	2
50	2031	63	54	0	0	*	2
51	2071	64	51	0	0	*	2
52	2111	65	48	0	0	*	2
53	2151	65	46	0	0	*	2
54	2191	66	45	0	0	*	2
55	2231	66	43	0	0	*	2
56	2271	67	40	0	0	*	2
57	2311	68	38	0	0	*	2
58	2351	68	35	0	0	*	2
59	2391	69	33	0	0	*	2
60	2431	69	31	0	0	*	2
61	2471	70	29	0	0	*	2
62	2511	71	26	0	0	*	2
63	2551	71	23	0	0	*	2
64	2591	71	22	0	0	*	2
65	2631	72	20	0	0	*	2
66	2671	72	20	0	0	*	2
67	2711	73	19	0	0	*	2
68	2751	74	17	0	0	*	2
69	2791	75	17	0	0	*	2
70	2831	76	16	0	0	*	2
71	2871	77	15	0	0	*	2
72	2911	78	15	0	0	*	2
73	2951	79	14	0	0	*	2
74	2991	80	14	0	0	*	2
75	3031	81	13	0	0	*	2
76	3071	83	13	0	0	*	2
77	3111	84	12	0	0	*	2
78	3151	86	12	0	0	*	2
79	3191	88	11	0	0	*	2
80	3231	89	11	0	0	*	2
81	3271	91	11	0	0	*	2
82	3311	92	11	0	0	*	2
83	3351	95	11	0	0	*	2
84	3391	97	10	0	0	*	2
85	3431	98	11	0	0	*	2
86	3471	100	11	0	0	*	2
87	3511	103	10	0	0	*	2
88	3551	104	10	0	0	*	2
89	3591	107	11	0	0	*	2
90	3631	108	11	0	0	*	2
91	3671	110	11	0	0	*	2
92	3711	112	11	0	0	*	2
93	3751	114	11	0	0	*	2
94	3791	116	11	0	0	*	2
95	3831	119	12	0	0	*	2
96	3871	121	12	0	0	*	2
97	3911	122	13	0	0	*	2
98	3951	124	13	0	0	*	2
99	3991	126	14	0	0	*	2
100	4031	129	15	0	0	*	2
101	4071	130	16	0	0	*	2
102	4111	133	17	0	0	*	2
103	4151	134	18	0	0	*	2
104	4191	136	19	0	0	*	2
105	4231	138	20	0	0	*	2
106	4271	140	21	0	0	*	2
107	4311	141	22	0	0	*	2
108	4351	143	23	0	0	*	2
109	4391	145	25	0	0	*	2
110	4431	146	26	0	0	*	2
111	4471	147	27	0	0	*	2
112	4511	148	29	0	0	*	2
113	4551	150	30	0	0	*	2
114	4591	151	31	0	0	*	2
115	4631	152	33	0	0	*	2
116	4671	154	35	0	0	*	2
117	4711	156	37	0	0	*	2
118	4751	157	38	0	0	*	2
119	4791	158	40	0	0	*	2
120	4831	158	41	0	0	*	2
121	4871	159	42	0	0	*	2
122	4911	161	45	0	0	*	2
123	4951	163	47	0	0	*	2
124	4991	163	47	0	0	*	2
125	5031	164	49	0	0	*	2
126	5071	165	50	0	0	*	2
127	5111	166	53	0	0	*	2
128	5151	167	55	0	0	*	2
129	5191	168	57	0	0	*	2
130	5231	169	58	0	0	*	2
131	5271	170	60	0	0	*	2
132	5311	170	62	0	0	*	2
133	5351	172	65	0	0	*	2
134	5391	173	67	0	0	*	2
135	5431	173	68	0	0	*	2
136	5471	174	70	0	0	*	2
137	5511	174	71	0	0	*	2
138	5551	175	74	0	0	*	2
139	5591	176	77	0	0	*	2
140	5631	177	79	0	0	*	2
141	5671	178	80	0	0	*	2
142	5711	178	82	0	0	*	2
143	5751	179	84	0	0	*	2
144	5791	179	86	0	0	*	2
145	5831	180	89	0	0	*	2
146	5871	180	91	0	0	*	2
147	5911	181	92	0	0	*	2
148	5951	181	94	0	0	*	2
149	5991	182	96	0	0	*	2
150	6031	182	98	0	0	*	2
151	6071	182	100	0	0	*	2
152	6111	182	102	0	0	*	2
153	6151	183	104	0	0	*	2
154	6191	183	106	0	0	*	2
155	6231	183	108	0	0	*	2
156	6271	183	111	0	0	*	2
157	6311	183	112	0	0	*	2
158	6351	184	115	0	0	*	2
159	6391	184	116	0	0	*	2
160	6431	184	118	0	0	*	2
161	6471	184	121	0	0	*	2
162	6511	185	123	0	0	*	2
163	6551	185	124	0	0	*	2
164	6591	185	127	0	0	*	2
165	6631	185	129	0	0	*	2
166	6671	185	131	0	0	*	2
167	6711	185	135	0	0	*	2
168	6751	185	137	0	0	*	2
169	6791	185	138	0	0	*	2
170	6831	186	139	0	0	*	2
171	6871	186	140	0	0	*	2
172	6911	186	142	0	0	*	2
173	6951	186	145	0	0	*	2
174	6991	186	147	0	0	*	2
175	7031	186	149	0	0	*	2
176	7071	186	152	0	0	*	2
177	7111	186	154	0	0	*	2
178	7151	186	157	0	0	*	2
179	7191	186	159	0	0	*	2
180	7231	186	160	0	0	*	2
181	7271	186	162	0	0	*	2
182	7311	186	163	0	0	*	2
183	7351	186	165	0	0	*	2
184	7391	186	169	0	0	*	2
185	7431	186	170	0	0	*	2
186	7471	186	172	0	0	*	2
187	7511	186	173	0	0	*	2
188	7551	186	175	0	0	*	2
189	7591	186	177	0	0	*	2
190	7631	186	180	0	0	*	2
191	7671	186	182	0	0	*	2
192	7711	185	183	0	0	*	2
193	7751	185	185	0	0	*	2
194	7791	185	186	0	0	*	2
195	7831	184	189	0	0	*	2
196	7871	184	192	0	0	*	2
197	7911	184	193	0	0	*	2
198	7951	183	194	0	0	*	2
199	7991	183	196	0	0	*	2
200	8031	183	197	0	0	*	2
201	8071	182	200	0	0	*	2
202	8111	182	202	0	0	*	2
203	8151	181	204	0	0	*	2
204	8191	181	205	0	0	*	2
205	8231	180	207	0	0	*	2
206	8271	179	209	0	0	*	2
207	8311	178	211	0	0	*	2
208	8351	177	212	0	0	*	2
209	8391	176	214	0	0	*	2
210	8431	175	215	0	0	*	2
211	8471	174	217	0	0	*	2
212	8511	172	219	0	0	*	2
213	8551	171	220	0	0	*	2
214	8591	170	222	0	0	*	2
215	8631	169	223	0	0	*	2
216	8671	168	224	0	0	*	2
217	8711	166	225	0	0	*	2
218	8751	164	227	0	0	*	2
219	8791	163	228	0	0	*	2
220	8831	161	229	0	0	*	2
221	8871	160	230	0	0	*	2
222	8911	158	231	0	0	*	2
223	8951	156	232	0	0	*	2
224	8991	155	232	0	0	*	2
225	9031	153	233	0	0	*	2
226	9071	151	234	0	0	*	2
227	9111	150	234	0	0	*	2
228	9151	147	235	0	0	*	2
229	9191	146	235	0	0	*	2
230	9231	144	236	0	0	*	2
231	9271	142	236	0	0	*	2
232	9311	141	237	0	0	*	2
233	9351	139	237	0	0	*	2
234	9391	136	237	0	0	*	2
235	9431	135	238	0	0	*	2
236	9471	133	238	0	0	*	2
237	9511	131	238	0	0	*	2
238	9551	129	238	0	0	*	2
239	9591	127	238	0	0	*	2
240	9631	125	238	0	0	*	2
241	9671	122	239	0	0	*	2
242	9711	121	239	0	0	*	2
243	9751	119	239	0	0	*	2
244	9791	116	238	0	0	*	2
245	9831	114	238	0	0	*	2
246	9871	111	238	0	0	*	2
247	9911	109	239	0	0	*	2
248	9951	108	238	0	0	*	2
249	9991	106	238	0	0	*	2
250	10031	103	238	0	0	*	2
251	10071	101	237	0	0	*	2
252	10111	98	237	0	0	*	2
253	10151	97	237	0	0	*	2
254	10191	95	237	0	0	*	2
255	10231	93	236	0	0	*	2
256	10271	90	236	0	0	*	2
257	10311	88	236	0	0	*	2
258	10351	86	235	0	0	*	2
259	10391	85	235	0	0	*	2
260	10431	83	234	0	0	*	2
261	10471	80	234	0	0	*	2
262	10511	78	233	0	0	*	2
263	10551	76	232	0	0	*	2
264	10591	74	232	0	0	*	2
265	10631	73	232	0	0	*	2
266	10671	71	230	0	0	*	2
267	10711	69	229	0	0	*	2
268	10751	67	229	0	0	*	2
269	10791	65	228	0	0	*	2
270	10831	63	227	0	0	*	2
271	10871	62	226	0	0	*	2
272	10911	60	225	0	0	*	2
273	10951	59	224	0	0	*	2
274	10991	57	222	0	0	*	2
275	11031	55	221	0	0	*	2
276	11071	54	220	0	0	*	2
277	11111	53	219	0	0	*	2
278	11151	51	217	0	0	*	2
279	11191	50	216	0	0	*	2
280	11231	49	214	0	0	*	2
281	11271	48	213	0	0	*	2
282	11311	47	212	0	0	*	2
283	11351	46	210	0	0	*	2
284	11391	44	209	0	0	*	2
285	11431	43	207	0	0	*	2
286	11471	42	205	0	0	*	2
287	11511	40	204	0	0	*	2
288	11551	39	203	0	0	*	2
289	11591	39	200	0	0	*	2
290	11631	37	199	0	0	*	2
291	11671	36	197	0	0	*	2
292	11711	35	195	0	0	*	2
293	11751	34	194	0	0	*	2
294	11791	34	192	0	0	*	2
295	11831	33	189	0	0	*	2
296	11871	32	188	0	0	*	2
297	11911	31	186	0	0	*	2
298	11951	30	185	0	0	*	2
299	11991	29	183	0	0	*	2
300	12031	29	181	0	0	*	2
301	12071	28	179	0	0	*	2
302	12111	27	177	0	0	*	2
303	12151	26	175	0	0	*	2
304	12191	25	174	0	0	*	2
305	12231	25	172	0	0	*	2
306	12271	24	169	0	0	*	2
307	12311	24	167	0	0	*	2
308	12351	23	165	0	0	*	2
309	12391	22	163	0	0	*	2
310	12431	21	162	0	0	*	2
311	12471	22	160	0	0	*	2
312	12511	21	158	0	0	*	2
313	12551	20	155	0	0	*	2
314	12591	20	153	0	0	*	2
315	12631	19	152	0	0	*	2
316	12671	18	151	0	0	*	2
317	12711	19	148	0	0	*	2
318	12751	18	146	0	0	*	2
319	12791	17	144	0	0	*	2
320	12831	17	142	0	0	*	2
321	12871	17	140	0	0	*	2
322	12911	17	138	0	0	*	2
323	12951	17	136	0	0	*	2
324	12991	17	134	0	0	*	2
325	13031	16	132	0	0	*	2
326	13071	16	130	0	0	*	2
327	13111	16	128	0	0	*	2
328	13151	16	126	0	0	*	2
329	13191	15	124	0	0	*	2
330	13231	15	122	0	0	*	2
331	13271	15	120	0	0	*	2
332	13311	15	118	0	0	*	2
333	13351	15	116	0	0	*	2
334	13391	16	114	0	0	*	2
335	13431	14	111	0	0	*	2
336	13471	14	109	0	0	*	2
337	13511	15	107	0	0	*	2
338	13551	15	106	0	0	*	2
339	13591	15	103	0	0	*	2
340	13631	15	101	0	0	*	2
341	13671	15	98	0	0	*	2
342	13711	15	96	0	0	*	2
343	13751	15	95	0	0	*	2
344	13791	16	93	0	0	*	2
345	13831	16	91	0	0	*	2
346	13871	16	89	0	0	*	2
347	13911	17	86	0	0	*	2
348	13951	17	84	0	0	*	2
349	13991	18	82	0	0	*	2
350	14031	18	80	0	0	*	2
351	14071	19	78	0	0	*	2
352	14111	19	76	0	0	*	2
353	14151	20	74	0	0	*	2
354	14191	20	73	0	0	*	2
355	14231	21	71	0	0	*	2
356	14271	22	70	0	0	*	2
357	14311	22	68	0	0	*	2
358	14351	23	66	0	0	*	2
359	14391	24	65	0	0	*	2
360	14431	24	63	0	0	*	2
361	14471	24	62	0	0	*	2
362	14511	25	60	0	0	*	2
363	14551	26	58	0	0	*	2
364	14591	27	57	0	0	*	2
365	14631	28	55	0	0	*	2
366	14671	29	54	0	0	*	2
367	14711	30	52	0	0	*	2
368	14751	31	50	0	0	*	2
369	14791	32	49	0	0	*	2
370	14831	34	47	0	0	*	2
371	14871	35	46	0	0	*	2
372	14911	36	44	0	0	*	2
373	14951	37	43	0	0	*	2
374	14991	39	42	0	0	*	2
375	15031	40	41	0	0	*	2
376	15071	41	39	0	0	*	2
377	15111	43	38	0	0	*	2
378	15151	44	37	0	0	*	2
379	15191	46	36	0	0	*	2
380	15231	47	35	0	0	*	2
381	15271	49	33	0	0	*	2
382	15311	50	32	0	0	*	2
383	15351	51	31	0	0	*	2
384	15391	53	30	0	0	*	2
385	15431	55	28	0	0	*	2
386	15471	57	27	0	0	*	2
387	15511	58	26	0	0	*	2
388	15551	60	25	0	0	*	2
389	15591	61	24	0	0	*	2
390	15631	63	23	0	0	*	2
391	15671	65	23	0	0	*	2
392	15711	66	22	0	0	*	2
393	15751	68	21	0	0	*	2
394	15791	70	20	0	0	*	2
395	15831	71	19	0	0	*	2
396	15871	73	18	0	0	*	2
397	15911	74	18	0	0	*	2
398	15951	76	17	0	0	*	2
399	15991	78	16	0	0	*	2
400	16031	80	16	0	0	*	2
401	16071	81	15	0	0	*	2
402	16111	84	15	0	0	*	2
403	16151	85	15	0	0	*	2
404	16191	87	14	0	0	*	2
405	16231	89	14	0	0	*	2
406	16271	91	14	0	0	*	2
407	16311	93	14	0	0	*	2
408	16351	96	14	0	0	*	2
409	16391	97	14	0	0	*	2
410	16431	99	14	0	0	*	2
411	16471	102	14	0	0	*	2
412	16511	103	14	0	0	*	2
413	16551	105	15	0	0	*	2
414	16591	108	15	0	0	*	2
415	16631	110	15	0	0	*	2
416	16671	111	16	0	0	*	2
417	16711	113	16	0	0	*	2
418	16751	116	17	0	0	*	2
419	16791	118	18	0	0	*	2
420	16831	120	18	0	0	*	2
421	16871	121	18	0	0	*	2
422	16911	123	19	0	0	*	2
423	16951	124	19	0	0	*	2
424	16991	126	20	0	0	*	2
425	17031	129	21	0	0	*	2
426	17071	131	22	0	0	*	2
427	17111	133	23	0	0	*	2
428	17151	134	23	0	0	*	2
429	17191	135	23	0	0	*	2
430	17231	137	25	0	0	*	2
431	17271	140	26	0	0	*	2
432	17311	141	27	0	0	*	2
433	17351	143	28	0	0	*	2
434	17391	145	28	0	0	*	2
435	17431	146	29	0	0	*	2
436	17471	148	31	0	0	*	2
437	17511	151	32	0	0	*	2
438	17551	152	33	0	0	*	2
439	17591	154	34	0	0	*	2
440	17631	155	35	0	0	*	2
441	17671	157	36	0	0	*	2
442	17711	159	38	0	0	*	2
443	17751	161	39	0	0	*	2
444	17791	163	40	0	0	*	2
445	17831	164	41	0	0	*	2
446	17871	165	42	0	0	*	2
447	17911	167	43	0	0	*	2
448	17951	169	45	0	0	*	2
449	17991	171	47	0	0	*	2
450	18031	172	47	0	0	*	2
451	18071	173	48	0	0	*	2
452	18111	173	49	0	0	*	2
453	18151	175	51	0	0	*	2
454	18191	178	54	0	0	*	2
455	18231	179	55	0	0	*	2
456	18271	179	56	0	0	*	2
457	18311	180	57	0	0	*	2
458	18351	181	59	0	0	*	2
459	18391	182	62	0	0	*	2
460	18431	182	63	0	0	*	2
461	18471	182	63	0	0	*	2
462	18511	184	68	0	1	*	2
463	18551	182	64	0	0	*	2
464	18591	182	66	0	1	*	2
465	18631	183	67	0	1	*	2
466	18671	183	69	0	1	*	2
467	18711	184	69	0	1	*	2
468	18751	184	70	0	0	*	2
469	18791	184	71	0	0	*	2
470	18831	186	75	0	0	*	2
471	18871	188	78	0	0	*	2
472	18911	187	78	0	0	*	2
473	18951	188	79	0	0	*	2
474	18991	188	80	0	0	*	2
475	19031	189	82	0	0	*	2
476	19071	190	85	0	0	*	2
477	19111	192	88	0	0	*	2
478	19151	192	88	0	0	*	2
479	19191	192	89	0	0	*	2
480	19231	193	91	0	0	*	2
481	19271	194	93	0	0	*	2
482	19311	194	95	0	0	*	2
483	19351	195	98	0	0	*	2
484	19391	196	98	0	0	*	2
485	19431	196	100	0	0	*	2
486	19471	197	101	0	0	*	2
487	19511	197	103	0	0	*	2
488	19551	198	105	0	0	*	2
489	19591	199	107	0	0	*	2
490	19631	199	108	0	0	*	2
491	19671	200	110	0	0	*	2
492	19711	200	112	0	0	*	2
493	19751	201	115	0	0	*	2
494	19791	202	119	0	0	*	2
495	19831	202	118	0	0	*	2
496	19871	202	119	0	0	*	2
497	19911	203	120	0	0	*	2
498	19951	203	122	0	0	*	2
499	19991	203	124	0	0	*	2
500	20031	204	127	0	0	*	2
501	20071	204	129	0	0	*	2
502	20111	204	131	0	0	*	2
503	20151	205	133	0	0	*	2
504	20191	205	135	0	0	*	2
505	20231	205	138	0	0	*	2
506	20271	206	141	0	0	*	2
507	20311	206	142	0	0	*	2
508	20351	206	143	0	0	*	2
509	20391	206	144	0	0	*	2
510	20431	206	146	0	0	*	2
511	20471	207	148	0	0	*	2
512	20511	207	150	0	0	*	2
513	20551	208	152	0	0	*	2
514	20591	208	154	0	0	*	2
515	20631	208	156	0	0	*	2
516	20671	209	158	0	0	*	2
517	20711	209	160	0	0	*	2
518	20751	210	162	0	0	*	2
519	20791	210	164	0	0	*	2
520	20831	211	165	0	0	*	2
521	20871	211	166	0	0	*	2
522	20911	211	168	0	0	*	2
523	20951	213	173	0	0	*	2
524	20991	213	174	0	0	*	2
525	21031	213	175	0	0	*	2
526	21071	213	176	0	0	*	2
527	21111	214	178	0	0	*	2
528	21151	214	180	0	0	*	2
529	21191	215	184	0	0	*	2
530	21231	215	185	0	0	*	2
531	21271	216	186	0	0	*	2
532	21311	216	188	0	0	*	2
533	21351	216	189	0	0	*	2
534	21391	216	190	0	0	*	2
535	21431	216	192	0	0	*	2
536	21471	216	194	0	0	*	2
537	21511	216	196	0	0	*	2
538	21551	216	197	0	0	*	2
539	21591	216	198	0	0	*	2
540	21631	216	199	0	0	*	2
541	21671	215	201	0	0	*	2
542	21711	214	203	0	0	*	2
543	21751	214	204	0	0	*	2
544	21791	214	205	0	0	*	2
545	21831	213	206	0	0	*	2
546	21871	213	207	0	0	*	2
547	21911	211	209	0	0	*	2
548	21951	210	209	0	0	*	2
549	21991	209	210	0	0	*	2
550	22031	208	211	0	0	*	2
551	22071	207	212	0	0	*	2
552	22111	206	213	0	0	*	2
553	22151	205	214	0	0	*	2
554	22191	204	215	0	0	*	2
555	22231	202	217	0	0	*	2
556	22271	201	217	0	0	*	2
557	22311	200	218	0	0	*	2
558	22351	198	219	0	0	*	2
559	22391	196	220	0	0	*	2
560	22431	194	221	0	0	*	2
561	22471	193	222	0	0	*	2
562	22511	192	222	0	0	*	2
563	22551	190	223	0	0	*	2
564	22591	188	224	0	0	*	2
565	22631	186	225	0	0	*	2
566	22671	185	226	0	0	*	2
567	22711	183	227	0	0	*	2
568	22751	182	228	0	0	*	2
569	22791	180	229	0	0	*	2
570	22831	178	229	0	0	*	2
571	22871	177	230	0	0	*	2
572	22911	175	232	0	0	*	2
573	22951	173	232	0	0	*	2
574	22991	172	233	0	0	*	2
575	23031	170	233	0	0	*	2
576	23071	169	234	0	0	*	2
577	23111	167	235	0	0	*	2
578	23151	165	236	0	0	*	2
579	23191	163	237	0	0	*	2
580	23231	162	237	0	0	*	2
581	23271	160	238	0	0	*	2
582	23311	158	239	0	0	*	2
583	23351	157	240	0	0	*	2
584	23391	155	240	0	0	*	2
585	23431	154	241	0	0	*	2
586	23471	152	241	0	0	*	2
587	23511	150	242	0	0	*	2
588	23551	149	242	0	0	*	2
589	23591	147	243	0	0	*	2
590	23631	146	244	0	0	*	2
591	23671	144	244	0	0	*	2
592	23711	142	244	0	0	*	2
593	23751	140	245	0	0	*	2
594	23791	138	245	0	0	*	2
595	23831	137	245	0	0	*	2
596	23871	135	245	0	0	*	2
597	23911	133	246	0	0	*	2
598	23951	131	246	0	0	*	2
599	23991	129	246	0	0	*	2
600	24031	126	246	0	0	*	2
601	24071	124	246	0	0	*	2
602	24111	122	246	0	0	*	2
603	24151	121	246	0	0	*	2
604	24191	119	246	0	0	*	2
605	24231	116	246	0	0	*	2
606	24271	114	246	0	0	*	2
607	24311	112	245	0	0	*	2
608	24351	110	245	0	0	*	2
609	24391	109	245	0	0	*	2
610	24431	107	245	0	0	*	2
611	24471	105	244	0	0	*	2
612	24511	103	244	0	0	*	2
613	24551	102	244	0	0	*	2
614	24591	100	244	0	0	*	2
615	24631	98	243	0	0	*	2
616	24671	96	243	0	0	*	2
617	24711	94	242	0	0	*	2
618	24751	93	242	0	0	*	2
619	24791	92	241	0	0	*	2
620	24831	90	241	0	0	*	2
621	24871	88	240	0	0	*	2
622	24911	87	240	0	0	*	2
623	24951	85	239	0	0	*	2
624	24991	84	239	0	0	*	2
625	25031	82	238	0	0	*	2
626	25071	81	238	0	0	*	2
627	25111	79	237	0	0	*	2
628	25151	78	236	0	0	*	2
629	25191	76	235	0	0	*	2
630	25231	74	235	0	0	*	2
631	25271	73	234	0	0	*	2
632	25311	72	233	0	0	*	2
633	25351	70	232	0	0	*	2
634	25391	69	232	0	0	*	2
635	25431	67	231	0	0	*	2
636	25471	66	230	0	0	*	2
637	25511	64	229	0	0	*	2
638	25551	63	229	0	0	*	2
639	25591	62	227	0	0	*	2
640	25631	61	226	0	0	*	2
641	25671	59	225	0	0	*	2
642	25711	58	224	0	0	*	2
643	25751	56	223	0	0	*	2
644	25791	55	222	0	0	*	2
645	25831	54	221	0	0	*	2
646	25871	52	220	0	0	*	2
647	25911	51	219	0	0	*	2
648	25951	49	218	0	0	*	2
649	25991	48	216	0	0	*	2
650	26031	47	215	0	0	*	2
651	26071	45	214	0	0	*	2
652	26111	44	213	0	0	*	2
653	26151	43	211	0	0	*	2
654	26191	41	210	0	0	*	2
655	26231	40	209	0	0	*	2
656	26271	39	208	0	0	*	2
657	26311	38	207	0	0	*	2
658	26351	36	205	0	0	*	2
659	26391	36	204	0	0	*	2
660	26431	34	203	0	0	*	2
661	26471	33	202	0	0	*	2
662	26511	32	200	0	0	*	2
663	26551	31	199	0	0	*	2
664	26591	30	197	0	0	*	2
665	26631	29	196	0	0	*	2
666	26671	28	195	0	0	*	2
667	26711	27	194	0	0	*	2
668	26751	26	192	0	0	*	2
669	26791	25	191	0	0	*	2
670	26831	24	189	0	0	*	2
671	26871	23	188	0	0	*	2
672	26911	22	187	0	0	*	2
673	26951	21	185	0	0	*	2
674	26991	21	184	0	0	*	2
675	27031	20	183	0	0	*	2
676	27071	19	181	0	0	*	2
677	27111	18	180	0	0	*	2
678	27151	17	178	0	0	*	2
679	27191	16	177	0	0	*	2
680	27231	16	175	0	0	*	2
681	27271	15	173	0	0	*	2
682	27311	14	171	0	0	*	2
683	27351	14	170	0	0	*	2
684	27391	13	168	0	0	*	2
685	27431	12	167	0	0	*	2
686	27471	12	165	0	0	*	2
687	27511	12	163	0	0	*	2
688	27551	11	162	0	0	*	2
689	27591	11	160	0	0	*	2
690	27631	10	159	0	0	*	2
691	27671	10	157	0	0	*	2
692	27711	10	156	0	0	*	2
693	27751	9	154	0	0	*	2
694	27791	9	152	0	0	*	2
695	27831	8	150	0	0	*	2
696	27871	8	148	0	0	*	2
697	27911	8	147	0	0	*	2
698	27951	7	145	0	0	*	2
699	27991	7	143	0	0	*	2
700	28031	7	142	0	0	*	2
701	28071	6	140	0	0	*	2
702	28111	6	138	0	0	*	2
703	28151	6	137	0	0	*	2
704	28191	6	135	0	0	*	2
705	28231	6	133	0	0	*	2
706	28271	6	131	0	0	*	2
707	28311	5	129	0	0	*	2
708	28351	5	128	0	0	*	2
709	28391	5	126	0	0	*	2
710	28431	5	124	0	0	*	2
711	28471	5	122	0	0	*	2
712	28511	6	121	0	0	*	2
713	28551	6	118	0	0	*	2
714	28591	5	117	0	0	*	2
715	28631	6	116	0	0	*	2
716	28671	6	114	0	0	*	2
717	28711	6	112	0	0	*	2
718	28751	6	110	0	0	*	2
719	28791	6	109	0	0	*	2
720	28831	7	107	0	0	*	2
721	28871	7	105	0	0	*	2
722	28911	7	104	0	0	*	2
723	28951	8	102	0	0	*	2
724	28991	8	100	0	0	*	2
725	29031	9	98	0	0	*	2
726	29071	9	96	0	0	*	2
727	29111	9	95	0	0	*	2
728	29151	10	93	0	0	*	2
729	29191	11	92	0	0	*	2
730	29231	11	90	0	0	*	2
731	29271	11	89	0	0	*	2
732	29311	12	87	0	0	*	2
733	29351	12	85	0	0	*	2
734	29391	13	84	0	0	*	2
735	29431	13	82	0	0	*	2
736	29471	14	81	0	0	*	2
737	29511	15	79	0	0	*	2
738	29551	15	78	0	0	*	2
739	29591	16	76	0	0	*	2
740	29631	17	75	0	0	*	2
741	29671	18	73	0	0	*	2
742	29711	18	71	0	0	*	2
743	29751	19	70	0	0	*	2
744	29791	20	68	0	0	*	2
745	29831	21	67	0	0	*	2
746	29871	22	66	0	0	*	2
747	29911	22	64	0	0	*	2
748	29951	23	63	0	0	*	2
749	29991	24	61	0	0	*	2
750	30031	25	60	0	0	*	2
751	30071	26	58	0	0	*	2
752	30111	27	57	0	0	*	2
753	30151	28	56	0	0	*	2
754	30191	29	54	0	0	*	2
755	30231	30	52	0	0	*	2
756	30271	30	51	0	0	*	2
757	30311	31	50	0	0	*	2
758	30351	33	49	0	0	*	2
759	30391	34	48	0	0	*	2
760	30431	35	46	0	0	*	2
761	30471	36	45	0	0	*	2
762	30511	36	44	0	0	*	2
763	30551	38	43	0	0	*	2
764	30591	39	41	0	0	*	2
765	30631	40	41	0	0	*	2
766	30671	41	39	0	0	*	2
767	30711	42	38	0	0	*	2
768	30751	44	37	0	0	*	2
769	30791	45	36	0	0	*	2
770	30831	46	34	0	0	*	2
771	30871	48	33	0	0	*	2
772	30911	49	32	0	0	*	2
773	30951	50	31	0	0	*	2
774	30991	51	30	0	0	*	2
775	31031	52	29	0	0	*	2
776	31071	54	28	0	0	*	2
777	31111	55	27	0	0	*	2
778	31151	57	26	0	0	*	2
779	31191	58	25	0	0	*	2
780	31231	60	24	0	0	*	2
781	31271	61	23	0	0	*	2
782	31311	62	22	0	0	*	2
783	31351	64	21	0	0	*	2
784	31391	65	20	0	0	*	2
785	31431	67	19	0	0	*	2
786	31471	69	18	0	0	*	2
787	31511	70	18	0	0	*	2
788	31551	72	17	0	0	*	2
789	31591	73	16	0	0	*	2
790	31631	74	15	0	0	*	2
791	31671	76	15	0	0	*	2
792	31711	78	14	0	0	*	2
793	31751	80	13	0	0	*	2
794	31791	81	13	0	0	*	2
795	31831	83	12	0	0	*	2
796	31871	85	11	0	0	*	2
797	31911	86	10	0	0	*	2
798	31951	87	10	0	0	*	2
799	31991	90	10	0	0	*	2
800	32031	91	9	0	0	*	2
801	32071	93	9	0	0	*	2
802	32111	95	8	0	0	*	2
803	32151	96	8	0	0	*	2
804	32191	97	7	0	0	*	2
805	32231	99	7	0	0	*	2
806	32271	100	7	0	0	*	2
807	32311	101	6	0	0	*	2
808	32351	103	5	0	0	*	2
809	32391	105	5	0	0	*	2
810	32431	107	5	0	0	*	2
811	32471	108	5	0	0	*	2
812	32511	110	5	0	0	*	2
813	32551	111	4	0	0	*	2
814	32591	113	4	0	0	*	2
815	32631	114	4	0	0	*	2
816	32671	116	4	0	0	*	2
817	32711	118	4	0	0	*	2
818	32751	119	3	0	0	*	2
819	32791	121	3	0	0	*	2
820	32831	122	3	0	0	*	2
821	32871	124	3	0	0	*	2
822	32911	126	3	0	0	*	2
823	32951	127	3	0	0	*	2
824	32991	129	3	0	0	*	2
825	33031	130	3	0	0	*	2
826	33071	132	3	0	0	*	2
827	33111	134	3	0	0	*	2
828	33151	135	3	0	0	*	2
829	33191	137	3	0	0	*	2
830	33231	139	4	0	0	*	2
831	33271	140	4	0	0	*	2
832	33311	142	4	0	0	*	2
833	33351	144	4	0	0	*	2
834	33391	146	5	0	0	*	2
835	33431	147	5	0	0	*	2
836	33471	148	5	0	0	*	2
837	33511	150	5	0	0	*	2
838	33551	151	6	0	0	*	2
839	33591	153	6	0	0	*	2
840	33631	155	6	0	0	*	2
841	33671	156	7	0	0	*	2
842	33711	158	7	0	0	*	2
843	33751	159	8	0	0	*	2
844	33791	161	8	0	0	*	2
845	33831	162	9	0	0	*	2
846	33871	164	9	0	0	*	2
847	33911	166	10	0	0	*	2
848	33951	167	10	0	0	*	2
849	33991	168	10	0	0	*	2
850	34031	170	11	0	0	*	2
851	34071	171	12	0	0	*	2
852	34111	173	12	0	0	*	2
853	34151	174	13	0	0	*	2
854	34191	176	13	0	0	*	2
855	34231	178	14	0	0	*	2
856	34271	179	15	0	0	*	2
857	34311	180	15	0	0	*	2
858	34351	182	16	0	0	*	2
859	34391	182	17	0	0	*	2
860	34431	184	17	0	0	*	2
861	34471	186	18	0	0	*	2
862	34511	188	19	0	0	*	2
863	34551	189	20	0	0	*	2
864	34591	190	21	0	0	*	2
865	34631	192	22	0	0	*	2
866	34671	193	22	0	0	*	2
867	34711	194	23	0	0	*	2
868	34751	196	23	0	0	*	2
869	34791	197	24	0	0	*	2
870	34831	198	25	0	0	*	2
871	34871	199	26	0	0	*	2
872	34911	200	27	0	0	*	2
873	34951	202	28	0	0	*	2
874	34991	204	30	0	0	*	2
875	35031	205	31	0	0	*	2
876	35071	206	32	0	0	*	2
877	35111	207	33	0	0	*	2
878	35151	208	33	0	0	*	2
879	35191	209	35	0	0	*	2
880	35231	211	36	0	0	*	2
881	35271	212	37	0	0	*	2
882	35311	213	38	0	0	*	2
883	35351	214	39	0	0	*	2
884	35391	216	41	0	0	*	2
885	35431	217	42	0	0	*	2
886	35471	218	43	0	0	*	2
887	35511	219	45	0	0	*	2
888	35551	220	46	0	0	*	2
889	35591	221	47	0	0	*	2
890	35631	222	48	0	0	*	2
891	35671	223	49	0	0	*	2
892	35711	224	51	0	0	*	2
893	35751	225	52	0	0	*	2
894	35791	226	53	0	0	*	2
895	35831	227	54	0	0	*	2
896	35871	228	55	0	0	*	2
897	35911	229	57	0	0	*	2
898	35951	230	59	0	0	*	2
899	35991	231	61	0	0	*	2
900	36031	231	62	0	0	*	2
901	36071	232	63	0	0	*	2
902	36111	232	64	0	0	*	2
903	36151	234	66	0	0	*	2
904	36191	235	67	0	0	*	2
905	36231	236	69	0	0	*	2
906	36271	236	70	0	0	*	2
907	36311	237	71	0	0	*	2
908	36351	238	72	0	0	*	2
909	36391	239	74	0	0	*	2
910	36431	239	75	0	0	*	2
911	36471	240	76	0	0	*	2
912	36511	240	78	0	0	*	2
913	36551	241	79	0	0	*	2
914	36591	242	81	0	0	*	2
915	36631	243	83	0	0	*	2
916	36671	243	84	0	0	*	2
917	36711	243	86	0	0	*	2
918	36751	244	87	0	0	*	2
919	36791	244	88	0	0	*	2
920	36831	245	90	0	0	*	2
921	36871	245	92	0	0	*	2
922	36911	246	93	0	0	*	2
923	36951	246	95	0	0	*	2
924	36991	247	96	0	0	*	2
925	37031	247	98	0	0	*	2
926	37071	247	99	0	0	*	2
927	37111	248	101	0	0	*	2
928	37151	248	103	0	0	*	2
929	37191	248	104	0	0	*	2
930	37231	249	106	0	0	*	2
931	37271	249	107	0	0	*	2
932	37311	249	109	0	0	*	2
933	37351	249	111	0	0	*	2
934	37391	250	113	0	0	*	2
935	37431	250	114	0	0	*	2
936	37471	249	115	0	0	*	2
937	37511	250	116	0	0	*	2
938	37551	250	118	0	0	*	2
939	37591	250	120	0	0	*	2
940	37631	250	122	0	0	*	2
941	37671	250	123	0	0	*	2
942	37711	250	125	0	0	*	2
943	37751	250	127	0	0	*	2
944	37791	250	129	0	0	*	2
945	37831	250	130	0	0	*	2
946	37871	249	132	0	0	*	2
947	37911	249	133	0	0	*	2
948	37951	249	135	0	0	*	2
949	37991	250	137	0	0	*	2
950	38031	249	138	0	0	*	2
951	38071	249	139	0	0	*	2
952	38111	249	140	0	0	*	2
953	38151	248	141	0	0	*	2
954	38191	248	143	0	0	*	2
955	38231	248	145	0	0	*	2
956	38271	248	147	0	0	*	2
957	38311	248	148	0	0	*	2
958	38351	247	149	0	0	*	2
959	38391	247	150	0	0	*	2
960	38431	247	152	0	0	*	2
961	38471	246	154	0	0	*	2
962	38511	246	156	0	0	*	2
963	38551	245	157	0	0	*	2
964	38591	245	159	0	0	*	2
965	38631	244	160	0	0	*	2
966	38671	244	162	0	0	*	2
967	38711	244	163	0	0	*	2
968	38751	243	164	0	0	*	2
969	38791	243	166	0	0	*	2
970	38831	242	168	0	0	*	2
971	38871	242	169	0	0	*	2
972	38911	241	170	0	0	*	2
973	38951	241	172	0	0	*	2
974	38991	240	174	0	0	*	2
975	39031	239	175	0	0	*	2
976	39071	239	176	0	0	*	2
977	39111	238	178	0	0	*	2
978	39151	237	179	0	0	*	2
979	39191	237	180	0	0	*	2
980	39231	236	182	0	0	*	2
981	39271	235	183	0	0	*	2
982	39311	234	185	0	0	*	2
983	39351	233	185	0	0	*	2
984	39391	233	187	0	0	*	2
985	39431	232	188	0	0	*	2
986	39471	231	189	0	0	*	2
987	39511	231	191	0	0	*	2
988	39551	230	192	0	0	*	2
989	39591	229	193	0	0	*	2
990	39631	228	194	0	0	*	2
991	39671	227	196	0	0	*	2
992	39711	226	197	0	0	*	2
993	39751	225	198	0	0	*	2
994	39791	224	199	0	0	*	2
995	39831	223	200	0	0	*	2
996	39871	222	202	0	0	*	2
997	39911	221	203	0	0	*	2
998	39951	220	204	0	0	*	2
999	39991	219	205	0	0	*	2
1000	40031	218	207	0	0	*	2
1001	40071	217	208	0	0	*	2
1002	40111	215	209	0	0	*	2
1003	40151	215	210	0	0	*	2
1004	40191	213	210	0	0	*	2
1005	40231	212	212	0	0	*	2
1006	40271	211	213	0	0	*	2
1007	40311	210	214	0	0	*	2
1008	40351	209	215	0	0	*	2
1009	40391	208	216	0	0	*	2
1010	40431	207	217	0	0	*	2
1011	40471	206	218	0	0	*	2
1012	40511	205	219	0	0	*	2
1013	40551	203	220	0	0	*	2
1014	40591	202	221	0	0	*	2
1015	40631	201	222	0	0	*	2
1016	40671	200	223	0	0	*	2
1017	40711	198	224	0	0	*	2
1018	40751	197	225	0	0	*	2
1019	40791	196	226	0	0	*	2
1020	40831	194	227	0	0	*	2
1021	40871	194	227	0	0	*	2
1022	40911	193	228	0	0	*	2
1023	40951	191	229	0	0	*	2
1024	40991	190	230	0	0	*	2
1025	41031	189	231	0	0	*	2
1026	41071	187	232	0	0	*	2
1027	41111	186	232	0	0	*	2
1028	41151	185	232	0	0	*	2
1029	41191	183	233	0	0	*	2
1030	41231	182	233	0	0	*	2
1031	41271	181	234	0	0	*	2
1032	41311	180	235	0	0	*	2
1033	41351	179	235	0	0	*	2
1034	41391	177	236	0	0	*	2
1035	41431	176	236	0	0	*	2
1036	41471	175	237	0	0	*	2
1037	41511	173	238	0	0	*	2
1038	41551	172	238	0	0	*	2
1039	41591	170	239	0	0	*	2
1040	41631	169	239	0	0	*	2
1041	41671	168	239	0	0	*	2
1042	41711	166	240	0	0	*	2
1043	41751	165	241	0	0	*	2
1044	41791	164	241	0	0	*	2
1045	41831	162	241	0	0	*	2
1046	41871	160	242	0	0	*	2
1047	41911	159	242	0	0	*	2
1048	41951	158	243	0	0	*	2
1049	41991	156	243	0	0	*	2
1050	42031	155	243	0	0	*	2
1051	42071	153	243	0	0	*	2
1052	42111	152	244	0	0	*	2
1053	42151	150	244	0	0	*	2
1054	42191	148	244	0	0	*	2
1055	42231	147	245	0	0	*	2
1056	42271	146	245	0	0	*	2
1057	42311	144	245	0	0	*	2
1058	42351	143	245	0	0	*	2
1059	42391	141	245	0	0	*	2
1060	42431	139	246	0	0	*	2
1061	42471	137	246	0	0	*	2
1062	42511	136	246	0	0	*	2
1063	42551	134	246	0	0	*	2
1064	42591	132	246	0	0	*	2
1065	42631	131	246	0	0	*	2
1066	42671	129	246	0	0	*	2
1067	42711	128	246	0	0	*	2
1068	42751	127	246	0	0	*	2
1069	42791	123	246	0	0	*	2
1070	42831	123	246	0	0	*	2
1071	42871	122	246	0	0	*	2
1072	42911	120	246	0	0	*	2
1073	42951	119	246	0	0	*	2
1074	42991	118	245	0	0	*	2
1075	43031	114	245	0	0	*	2
1076	43071	113	245	0	0	*	2
1077	43111	112	245	0	0	*	2
1078	43151	110	245	0	0	*	2
1079	43191	110	245	0	0	*	2
1080	43231	108	244	0	0	*	2
1081	43271	106	244	0	0	*	2
1082	43311	105	244	0	0	*	2
1083	43351	104	244	0	0	*	2
1084	43391	103	244	0	0	*	2
1085	43431	102	243	0	0	*	2
1086	43471	99	243	0	0	*	2
1087	43511	97	243	0	0	*	2
1088	43551	96	242	0	0	*	2
1089	43591	96	242	0	0	*	2
1090	43631	94	242	0	0	*	2
1091	43671	93	241	0	0	*	2
1092	43711	92	241	0	0	*	2
1093	43751	90	241	0	0	*	2
1094	43791	88	240	0	0	*	2
1095	43831	87	240	0	0	*	2
1096	43871	86	239	0	0	*	2
1097	43911	85	239	0	0	*	2
1098	43951	83	238	0	0	*	2
1099	43991	82	237	0	0	*	2
1100	44031	81	237	0	0	*	2
1101	44071	80	237	0	0	*	2
1102	44111	78	236	0	0	*	2
1103	44151	77	236	0	0	*	2
1104	44191	76	235	0	0	*	2
1105	44231	74	234	0	0	*	2
1106	44271	73	233	0	0	*	2
1107	44311	72	233	0	0	*	2
1108	44351	70	232	0	0	*	2
1109	44391	70	232	0	0	*	2
1110	44431	68	231	0	0	*	2
1111	44471	67	230	0	0	*	2
1112	44511	66	230	0	0	*	2
1113	44551	65	229	0	0	*	2
1114	44591	63	229	0	0	*	2
1115	44631	63	228	0	0	*	2
1116	44671	62	227	0	0	*	2
1117	44711	61	226	0	0	*	2
1118	44751	60	225	0	0	*	2
1119	44791	58	225	0	0	*	2
1120	44831	57	224	0	0	*	2
1121	44871	56	223	0	0	*	2
1122	44911	54	222	0	0	*	2
1123	44951	54	221	0	0	*	2
1124	44991	52	220	0	0	*	2
1125	45031	51	219	0	0	*	2
1126	45071	50	218	0	0	*	2
1127	45111	49	217	0	0	*	2
1128	45151	48	216	0	0	*	2
1129	45191	47	215	0	0	*	2
1130	45231	46	215	0	0	*	2
1131	45271	45	214	0	0	*	2
1132	45311	44	213	0	0	*	2
1133	45351	43	212	0	0	*	2
1134	45391	41	210	0	0	*	2
1135	45431	41	209	0	0	*	2
1136	45471	39	209	0	0	*	2
1137	45511	39	208	0	0	*	2
1138	45551	38	207	0	0	*	2
1139	45591	37	206	0	0	*	2
1140	45631	36	205	0	0	*	2
1141	45671	35	204	0	0	*	2
1142	45711	34	202	0	0	*	2
1143	45751	33	202	0	0	*	2
1144	45791	32	201	0	0	*	2
1145	45831	31	199	0	0	*	2
1146	45871	30	198	0	0	*	2
1147	45911	29	197	0	0	*	2
1148	45951	28	196	0	0	*	2
1149	45991	28	194	0	0	*	2
1150	46031	27	194	0	0	*	2
1151	46071	26	192	0	0	*	2
1152	46111	25	191	0	0	*	2
1153	46151	24	190	0	0	*	2
1154	46191	24	188	0	0	*	2
1155	46231	23	187	0	0	*	2
1156	46271	22	186	0	0	*	2
1157	46311	22	185	0	0	*	2
1158	46351	21	184	0	0	*	2
1159	46391	20	182	0	0	*	2
1160	46431	19	181	0	0	*	2
1161	46471	19	180	0	0	*	2
1162	46511	18	179	0	0	*	2
1163	46551	18	177	0	0	*	2
1164	46591	17	176	0	0	*	2
1165	46631	17	175	0	0	*	2
1166	46671	16	173	0	0	*	2
1167	46711	15	172	0	0	*	2
1168	46751	15	171	0	0	*	2
1169	46791	15	170	0	0	*	2
1170	46831	14	168	0	0	*	2
1171	46871	13	167	0	0	*	2
1172	46911	13	165	0	0	*	2
1173	46951	12	164	0	0	*	2
1174	46991	12	163	0	0	*	2
1175	47031	12	162	0	0	*	2
1176	47071	12	161	0	0	*	2
1177	47111	11	160	0	0	*	2
1178	47151	11	158	0	0	*	2
1179	47191	10	157	0	0	*	2
1180	47231	10	156	0	0	*	2
1181	47271	10	155	0	0	*	2
1182	47311	10	153	0	0	*	2
1183	47351	9	152	0	0	*	2
1184	47391	9	151	0	0	*	2
1185	47431	9	150	0	0	*	2
1186	47471	8	148	0	0	*	2
1187	47511	8	147	0	0	*	2
1188	47551	8	145	0	0	*	2
1189	47591	7	144	0	0	*	2
1190	47631	7	143	0	0	*	2
1191	47671	7	141	0	0	*	2
1192	47711	7	140	0	0	*	2
1193	47751	7	139	0	0	*	2
1194	47791	6	138	0	0	*	2
1195	47831	6	136	0	0	*	2
1196	47871	6	135	0	0	*	2
1197	47911	6	134	0	0	*	2
1198	47951	6	132	0	0	*	2
1199	47991	6	131	0	0	*	2
1200	48031	6	129	0	0	*	2
1201	48071	6	128	0	0	*	2
1202	48111	6	127	0	0	*	2
1203	48151	6	126	0	0	*	2
1204	48191	6	124	0	0	*	2
1205	48231	6	123	0	0	*	2
1206	48271	6	122	0	0	*	2
1207	48311	6	120	0	0	*	2
1208	48351	6	119	0	0	*	2
1209	48391	6	118	0	0	*	2
1210	48431	6	116	0	0	*	2
1211	48471	6	116	0	0	*	2
1212	48511	6	114	0	0	*	2
1213	48551	6	113	0	0	*	2
1214	48591	7	112	0	0	*	2
1215	48631	7	111	0	0	*	2
1216	48671	7	109	0	0	*	2
1217	48711	7	108	0	0	*	2
1218	48751	8	106	0	0	*	2
1219	48791	8	105	0	0	*	2
1220	48831	8	104	0	0	*	2
1221	48871	8	102	0	0	*	2
1222	48911	9	101	0	0	*	2
1223	48951	9	99	0	0	*	2
1224	48991	9	98	0	0	*	2
1225	49031	9	97	0	0	*	2
1226	49071	10	96	0	0	*	2
1227	49111	10	94	0	0	*	2
1228	49151	10	93	0	0	*	2
1229	49191	11	92	0	0	*	2
1230	49231	11	90	0	0	*	2
1231	49271	12	89	0	0	*	2
1232	49311	12	88	0	0	*	2
1233	49351	12	87	0	0	*	2
1234	49391	12	86	0	0	*	2
1235	49431	13	84	0	0	*	2
1236	49471	13	83	0	0	*	2
1237	49511	14	82	0	0	*	2
1238	49551	14	81	0	0	*	2
1239	49591	15	79	0	0	*	2
1240	49631	15	78	0	0	*	2
1241	49671	16	76	0	0	*	2
1242	49711	16	75	0	0	*	2
1243	49751	17	74	0	0	*	2
1244	49791	18	73	0	0	*	2
1245	49831	18	71	0	0	*	2
1246	49871	19	70	0	0	*	2
1247	49911	20	69	0	0	*	2
1248	49951	20	68	0	0	*	2
1249	49991	21	67	0	0	*	2
1250	50031	22	66	0	0	*	2
1251	50071	22	65	0	0	*	2
1252	50111	23	63	0	0	*	2
1253	50151	24	62	0	0	*	2
1254	50191	24	61	0	0	*	2
1255	50231	25	60	0	0	*	2
1256	50271	26	58	0	0	*	2
1257	50311	27	57	0	0	*	2
1258	50351	27	56	0	0	*	2
1259	50391	28	55	0	0	*	2
1260	50431	29	54	0	0	*	2
1261	50471	30	53	0	0	*	2
1262	50511	31	52	0	0	*	2
1263	50551	32	50	0	0	*	2
1264	50591	33	49	0	0	*	2
1265	50631	34	48	0	0	*	2
1266	50671	35	47	0	0	*	2
1267	50711	36	46	0	0	*	2
1268	50751	36	45	0	0	*	2
1269	50791	37	44	0	0	*	2
1270	50831	38	43	0	0	*	2
1271	50871	39	41	0	0	*	2
1272	50911	40	41	0	0	*	2
1273	50951	41	40	0	0	*	2
1274	50991	42	39	0	0	*	2
1275	51031	43	38	0	0	*	2
1276	51071	45	36	0	0	*	2
1277	51111	46	35	0	0	*	2
1278	51151	47	35	0	0	*	2
1279	51191	48	34	0	0	*	2
1280	51231	49	33	0	0	*	2
1281	51271	49	31	0	0	*	2
1282	51311	50	31	0	0	*	2
1283	51351	52	30	0	0	*	2
1284	51391	53	29	0	0	*	2
1285	51431	54	28	0	0	*	2
1286	51471	55	27	0	0	*	2
1287	51511	57	26	0	0	*	2
1288	51551	58	25	0	0	*	2
1289	51591	58	25	0	0	*	2
1290	51631	60	24	0	0	*	2
1291	51671	61	23	0	0	*	2
1292	51711	61	23	0	0	*	2
1293	51751	63	22	0	0	*	2
1294	51791	64	21	0	0	*	2
1295	51831	65	21	0	0	*	2
1296	51871	67	20	0	0	*	2
1297	51911	68	20	0	0	*	2
1298	51951	69	19	0	0	*	2
1299	51991	70	18	0	0	*	2
1300	52031	72	17	0	0	*	2
1301	52071	73	17	0	0	*	2
1302	52111	74	16	0	0	*	2
1303	52151	75	15	0	0	*	2
1304	52191	76	15	0	0	*	2
1305	52231	78	14	0	0	*	2
1306	52271	80	13	0	0	*	2
1307	52311	81	13	0	0	*	2
1308	52351	82	13	0	0	*	2
1309	52391	83	12	0	0	*	2
1310	52431	85	11	0	0	*	2
1311	52471	86	11	0	0	*	2
1312	52511	87	10	0	0	*	2
1313	52551	88	10	0	0	*	2
1314	52591	90	10	0	0	*	2
1315	52631	91	10	0	0	*	2
1316	52671	92	9	0	0	*	2
1317	52711	94	8	0	0	*	2
1318	52751	95	8	0	0	*	2
1319	52791	97	7	0	0	*	2
1320	52831	98	7	0	0	*	2
1321	52871	99	6	0	0	*	2
1322	52911	100	6	0	0	*	2
1323	52951	102	6	0	0	*	2
1324	52991	103	6	0	0	*	2
1325	53031	105	6	0	0	*	2
1326	53071	106	5	0	0	*	2
1327	53111	108	5	0	0	*	2
1328	53151	109	5	0	0	*	2
1329	53191	110	4	0	0	*	2
1330	53231	112	4	0	0	*	2
1331	53271	113	4	0	0	*	2
1332	53311	115	4	0	0	*	2
1333	53351	116	4	0	0	*	2
1334	53391	118	4	0	0	*	2
1335	53431	119	4	0	0	*	2
1336	53471	121	4	0	0	*	2
1337	53511	122	3	0	0	*	2
1338	53551	124	3	0	0	*	2
1339	53591	125	3	0	0	*	2
1340	53631	126	3	0	0	*	2
1341	53671	128	3	0	0	*	2
1342	53711	129	3	0	0	*	2
1343	53751	131	4	0	0	*	2
1344	53791	133	4	0	0	*	2
1345	53831	134	4	0	0	*	2
1346	53871	135	4	0	0	*	2
1347	53911	136	4	0	0	*	2
1348	53951	138	4	0	0	*	2
1349	53991	140	4	0	0	*	2
1350	54031	141	4	0	0	*	2
1351	54071	142	5	0	0	*	2
1352	54111	143	5	0	0	*	2
1353	54151	145	5	0	0	*	2
1354	54191	146	5	0	0	*	2
1355	54231	147	5	0	0	*	2
1356	54271	148	6	0	0	*	2
1357	54311	150	6	0	0	*	2
1358	54351	151	6	0	0	*	2
1359	54391	152	6	0	0	*	2
1360	54431	154	7	0	0	*	2
1361	54471	155	7	0	0	*	2
1362	54511	157	7	0	0	*	2
1363	54551	158	8	0	0	*	2
1364	54591	159	8	0	0	*	2
1365	54631	160	8	0	0	*	2
1366	54671	162	9	0	0	*	2
1367	54711	164	9	0	0	*	2
1368	54751	165	9	0	0	*	2
1369	54791	167	10	0	0	*	2
1370	54831	168	10	0	0	*	2
1371	54871	169	11	0	0	*	2
1372	54911	170	11	0	0	*	2
1373	54951	171	12	0	0	*	2
1374	54991	173	12	0	0	*	2
1375	55031	175	13	0	0	*	2
1376	55071	176	13	0	0	*	2
1377	55111	177	14	0	0	*	2
1378	55151	178	14	0	0	*	2
1379	55191	180	15	0	0	*	2
1380	55231	182	15	0	0	*	2
1381	55271	183	16	0	0	*	2
1382	55311	184	17	0	0	*	2
1383	55351	185	18	0	0	*	2
1384	55391	186	18	0	0	*	2
1385	55431	187	19	0	0	*	2
1386	55471	189	20	0	0	*	2
1387	55511	190	20	0	0	*	2
1388	55551	192	21	0	0	*	2
1389	55591	192	22	0	0	*	2
1390	55631	193	23	0	0	*	2
1391	55671	194	23	0	0	*	2
1392	55711	195	23	0	0	*	2
1393	55751	197	24	0	0	*	2
1394	55791	199	25	0	0	*	2
1395	55831	199	26	0	0	*	2
1396	55871	199	27	0	0	*	2
1397	55911	200	27	0	0	*	2
1398	55951	202	28	0	0	*	2
1399	55991	204	29	0	0	*	2
1400	56031	205	30	0	0	*	2
1401	56071	205	31	0	0	*	2
1402	56111	206	32	0	0	*	2
1403	56151	207	33	0	0	*	2
1404	56191	209	34	0	0	*	2
1405	56231	210	35	0	0	*	2
1406	56271	210	36	0	0	*	2
1407	56311	211	37	0	0	*	2
1408	56351	212	38	0	0	*	2
1409	56391	214	40	0	0	*	2
1410	56431	215	41	0	0	*	2
1411	56471	215	41	0	0	*	2
1412	56511	216	42	0	0	*	2
1413	56551	217	43	0	0	*	2
1414	56591	218	45	0	0	*	2
1415	56631	220	46	0	0	*	2
1416	56671	220	47	0	0	*	2
1417	56711	221	48	0	0	*	2
1418	56751	222	49	0	0	*	2
1419	56791	223	50	0	0	*	2
1420	56831	224	51	0	0	*	2
1421	56871	225	52	0	0	*	2
1422	56911	226	54	0	0	*	2
1423	56951	228	55	0	0	*	2
1424	56991	228	56	0	0	*	2
1425	57031	228	57	0	0	*	2
1426	57071	229	58	0	0	*	2
1427	57111	231	60	0	0	*	2
1428	57151	231	61	0	0	*	2
1429	57191	231	62	0	0	*	2
1430	57231	232	63	0	0	*	2
1431	57271	233	64	0	0	*	2
1432	57311	234	66	0	0	*	2
1433	57351	235	67	0	0	*	2
1434	57391	235	68	0	0	*	2
1435	57431	236	69	0	0	*	2
1436	57471	236	70	0	0	*	2
1437	57511	237	71	0	0	*	2
1438	57551	238	72	0	0	*	2
1439	57591	239	74	0	0	*	2
1440	57631	240	75	0	0	*	2
1441	57671	240	76	0	0	*	2
1442	57711	240	77	0	0	*	2
1443	57751	241	78	0	0	*	2
1444	57791	241	79	0	0	*	2
1445	57831	242	81	0	0	*	2
1446	57871	243	83	0	0	*	2
1447	57911	243	84	0	0	*	2
1448	57951	243	85	0	0	*	2
1449	57991	243	86	0	0	*	2
1450	58031	244	88	0	0	*	2
1451	58071	245	90	0	0	*	2
1452	58111	245	92	0	0	*	2
1453	58151	245	93	0	0	*	2
1454	58191	245	94	0	0	*	2
1455	58231	246	95	0	0	*	2
1456	58271	246	97	0	0	*	2
1457	58311	247	98	0	0	*	2
1458	58351	247	100	0	0	*	2
1459	58391	247	101	0	0	*	2
1460	58431	247	102	0	0	*	2
1461	58471	248	103	0	0	*	2
1462	58511	248	105	0	0	*	2
1463	58551	249	107	0	0	*	2
1464	58591	249	109	0	0	*	2
1465	58631	249	109	0	0	*	2
1466	58671	249	111	0	0	*	2
1467	58711	249	112	0	0	*	2
1468	58751	249	114	0	0	*	2
1469	58791	250	116	0	0	*	2
1470	58831	250	116	0	0	*	2
1471	58871	250	118	0	0	*	2
1472	58911	250	119	0	0	*	2
1473	58951	250	120	0	0	*	2
1474	58991	250	123	0	0	*	2
1475	59031	250	125	0	0	*	2
1476	59071	250	126	0	0	*	2
1477	59111	250	127	0	0	*	2
1478	59151	249	128	0	0	*	2
1479	59191	249	130	0	0	*	2
1480	59231	250	132	0	0	*	2
1481	59271	250	133	0	0	*	2
1482	59311	249	134	0	0	*	2
1483	59351	249	135	0	0	*	2
1484	59391	249	137	0	0	*	2
1485	59431	249	138	0	0	*	2
1486	59471	249	140	0	0	*	2
1487	59511	249	142	0	0	*	2
1488	59551	249	143	0	0	*	2
1489	59591	248	143	0	0	*	2
1490	59631	248	144	0	0	*	2
1491	59671	248	146	0	0	*	2
1492	59711	248	149	0	0	*	2
1493	59751	247	150	0	0	*	2
1494	59791	247	151	0	0	*	2
1495	59831	246	152	0	0	*	2
1496	59871	246	153	0	0	*	2
1497	59911	246	155	0	0	*	2
1498	59951	246	157	0	0	*	2
1499	59991	245	158	0	0	*	2
1500	60031	245	159	0	0	*	2
1501	60071	244	160	0	0	*	2
1502	60111	244	161	0	0	*	2
1503	60151	243	163	0	0	*	2
1504	60191	243	165	0	0	*	2
1505	60231	243	166	0	0	*	2
1506	60271	242	167	0	0	*	2
1507	60311	242	167	0	0	*	2
1508	60351	241	169	0	0	*	2
1509	60391	241	171	0	0	*	2
1510	60431	240	173	0	0	*	2
1511	60471	240	174	0	0	*	2
1512	60511	239	174	0	0	*	2
1513	60551	239	175	0	0	*	2
1514	60591	238	176	0	0	*	2
1515	60631	237	178	0	0	*	2
1516	60671	237	180	0	0	*	2
1517	60711	236	181	0	0	*	2
1518	60751	235	182	0	0	*	2
1519	60791	235	183	0	0	*	2
1520	60831	234	184	0	0	*	2
1521	60871	233	186	0	0	*	2
1522	60911	233	187	0	0	*	2
1523	60951	232	188	0	0	*	2
1524	60991	231	189	0	0	*	2
1525	61031	230	190	0	0	*	2
1526	61071	230	191	0	0	*	2
1527	61111	229	193	0	0	*	2
1528	61151	228	194	0	0	*	2
1529	61191	228	194	0	0	*	2
1530	61231	227	195	0	0	*	2
1531	61271	226	196	0	0	*	2
1532	61311	225	198	0	0	*	2
1533	61351	224	200	0	0	*	2
1534	61391	223	200	0	0	*	2
1535	61431	223	201	0	0	*	2
1536	61471	221	202	0	0	*	2
1537	61511	221	203	0	0	*	2
1538	61551	219	205	0	0	*	2
1539	61591	219	206	0	0	*	2
1540	61631	218	207	0	0	*	2
1541	61671	217	207	0	0	*	2
1542	61711	216	208	0	0	*	2
1543	61751	215	209	0	0	*	2
1544	61791	214	211	0	0	*	2
1545	61831	213	212	0	0	*	2
1546	61871	212	213	0	0	*	2
1547	61911	211	213	0	0	*	2
1548	61951	210	214	0	0	*	2
1549	61991	208	216	0	0	*	2
1550	62031	207	217	0	0	*	2
1551	62071	206	218	0	0	*	2
1552	62111	206	218	0	0	*	2
1553	62151	204	219	0	0	*	2
1554	62191	203	220	0	0	*	2
1555	62231	202	221	0	0	*	2
1556	62271	200	222	0	0	*	2
1557	62311	199	223	0	0	*	2
1558	62351	198	224	0	0	*	2
1559	62392	197	225	0	0	*	2
1560	62431	196	225	0	0	*	2
1561	62471	194	226	0	0	*	2
1562	62512	193	227	0	0	*	2
1563	62552	192	228	0	0	*	2
1564	62592	191	229	0	0	*	2
1565	62631	190	229	0	0	*	2
1566	62671	189	230	0	0	*	2
1567	62712	187	231	0	0	*	2
1568	62751	186	232	0	0	*	2
1569	62791	185	232	0	0	*	2
1570	62831	183	232	0	0	*	2
1571	62872	182	233	0	0	*	2
1572	62911	182	233	0	0	*	2
1573	62952	180	234	0	0	*	2
1574	62992	179	235	0	0	*	2
1575	63032	178	235	0	0	*	2
1576	63072	176	236	0	0	*	2
1577	63112	175	236	0	0	*	2
1578	63152	174	237	0	0	*	2
1579	63192	172	238	0	0	*	2
1580	63232	171	238	0	0	*	2
1581	63272	170	239	0	0	*	2
1582	63312	169	239	0	0	*	2
1583	63352	168	239	0	0	*	2
1584	63392	166	240	0	0	*	2
1585	63432	165	241	0	0	*	2
1586	63472	164	241	0	0	*	2
1587	63512	162	241	0	0	*	2
1588	63552	161	241	0	0	*	2
1589	63592	159	242	0	0	*	2
1590	63632	158	242	0	0	*	2
1591	63672	157	243	0	0	*	2
1592	63712	156	243	0	0	*	2
1593	63752	154	243	0	0	*	2
1594	63792	153	243	0	0	*	2
1595	63832	151	244	0	0	*	2
1596	63872	150	244	0	0	*	2
1597	63912	148	244	0	0	*	2
1598	63952	147	244	0	0	*	2
1599	63992	146	244	0	0	*	2
1600	64032	144	245	0	0	*	2
1601	64072	143	245	0	0	*	2
1602	64112	141	245	0	0	*	2
1603	64152	139	246	0	0	*	2
1604	64192	138	245	0	0	*	2
1605	64232	136	246	0	0	*	2
1606	64272	134	245	0	0	*	2
1607	64312	133	246	0	0	*	2
1608	64352	131	246	0	0	*	2
1609	64392	130	246	0	0	*	2
1610	64432	129	246	0	0	*	2
1611	64472	127	246	0	0	*	2
1612	64512	125	246	0	0	*	2
1613	64552	124	246	0	0	*	2
1614	64592	122	246	0	0	*	2
1615	64632	121	246	0	0	*	2
1616	64672	118	246	0	0	*	2
1617	64712	117	245	0	0	*	2
1618	64752	116	245	0	0	*	2
1619	64792	114	245	0	0	*	2
1620	64832	113	245	0	0	*	2
1621	64872	112	245	0	0	*	2
1622	64912	110	245	0	0	*	2
1623	64952	109	244	0	0	*	2
1624	64992	108	244	0	0	*	2
1625	65032	106	244	0	0	*	2
1626	65072	105	244	0	0	*	2
1627	65112	104	244	0	0	*	2
1628	65152	102	243	0	0	*	2
1629	65192	100	243	0	0	*	2
1630	65232	100	243	0	0	*	2
1631	65272	98	243	0	0	*	2
1632	65312	97	242	0	0	*	2
1633	65352	97	242	0	0	*	2
1634	65392	95	242	0	0	*	2
1635	65432	93	241	0	0	*	2
1636	65472	92	241	0	0	*	2
1637	65512	91	241	0	0	*	2
1638	65552	89	241	0	0	*	2
1639	65592	88	240	0	0	*	2
1640	65632	86	239	0	0	*	2
1641	65672	85	239	0	0	*	2
1642	65712	85	239	0	0	*	2
1643	65752	84	238	0	0	*	2
1644	65792	82	238	0	0	*	2
1645	65832	81	237	0	0	*	2
1646	65872	80	237	0	0	*	2
1647	65912	79	236	0	0	*	2
1648	65952	78	236	0	0	*	2
1649	65992	77	235	0	0	*	2
1650	66032	75	235	0	0	*	2
1651	66072	74	234	0	0	*	2
1652	66112	73	233	0	0	*	2
1653	66152	72	233	0	0	*	2
1654	66192	71	232	0	0	*	2
1655	66232	70	232	0	0	*	2
1656	66272	69	232	0	0	*	2
1657	66312	68	231	0	0	*	2
1658	66352	67	231	0	0	*	2
1659	66392	66	230	0	0	*	2
1660	66432	65	229	0	0	*	2
1661	66472	64	229	0	0	*	2
1662	66512	63	228	0	0	*	2
1663	66552	62	228	0	0	*	2
1664	66592	61	227	0	0	*	2
1665	66632	60	226	0	0	*	2
1666	66672	59	225	0	0	*	2
1667	66712	58	225	0	0	*	2
1668	66752	57	224	0	0	*	2
1669	66792	57	223	0	0	*	2
1670	66832	55	222	0	0	*	2
