%%BEGIN_HEADER
	%%BEGIN DATABASE_INFORMATION
		%Date.0 ( 13.9.2019 )
		%Time.0 ( 17:01 )
	%%END DATABASE_INFORMATION
	%%BEGIN SETUP_INFORMATION
		%TrackerVersion.0 ( Tracker version 2.38 release 12.8.2012 )
		%ElapsedTime_ms.0 ( 62995 )
		%Paradigm.0 ( PlacePreference )
		%FeederParameters.0 ( 1500 0 )
			// %FeederParameters.0 ( ENTRANCE_LATENCY EXIT_LATENCY )
		%ElapsedPath_m.0 ( 0.00 )
		%ArenaDiameter_m.0 ( 1.80 )
		%TrackerResolution_PixPerCM.0 ( 1.4222 )
		%ArenaCenterXY.0 ( 127.5 127.5 )
		%Frame.0 ( RoomFrame )
		%ReinforcedSector.0 ( 190.6093 64.3907 7 )
			//%ReinforcedSector.0 ( CENTER_X CENTER_Y RADIUS )
		%RoomTrackReinforcedSector.0 ( 190.6093 64.3907 7 )
			//%RoomTrackReinforcedSector.0 ( CENTER_X CENTER_Y RADIUS )
	%%END SETUP_INFORMATION
	%%BEGIN RECORD_FORMAT
		%Sample.0 ( FrameCount 1msTimeStamp RoomX RoomY Sectors State Flags FrameInfo )
			//Sectors indicate if the object is in a target. Number is binary coded. Sectors = 0: no target, Sectors = 1: room target, Sectors: = 2 arena target, Sectors: = 3 room and arena target
			////State indicates the Watermaze State: OutsideTarget = 0, EntranceLatency = 1, InsideTarget = 3, OutsideRefractory = 4, BadSpot = 5
			//FrameInfo indicates succesfuly tracked spots: ReferencePoint * 2^0 + Spot0 * 2^(1+0) + Spot1 * 2^(1+1) + Spot2 * 2^(1+2) .... 
	%%END RECORD_FORMAT
%%END_HEADER
1	75	43	209	0	0	*	2
2	115	42	210	0	0	*	2
3	155	41	210	0	0	*	2
4	195	41	210	0	0	*	2
5	235	40	210	0	0	*	2
6	275	40	209	0	0	*	2
7	315	40	209	0	0	*	2
8	355	40	209	0	0	*	2
9	395	40	209	0	0	*	2
10	435	40	209	0	0	*	2
11	475	41	209	0	0	*	2
12	515	42	209	0	0	*	2
13	555	42	209	0	0	*	2
14	595	42	208	0	0	*	2
15	635	43	208	0	0	*	2
16	675	43	208	0	0	*	2
17	715	43	208	0	0	*	2
18	755	43	208	0	0	*	2
19	795	44	208	0	0	*	2
20	835	44	208	0	0	*	2
21	875	44	208	0	0	*	2
22	915	44	208	0	0	*	2
23	955	44	209	0	0	*	2
24	995	44	209	0	0	*	2
25	1035	45	209	0	0	*	2
26	1075	45	209	0	0	*	2
27	1115	45	208	0	0	*	2
28	1155	46	208	0	0	*	2
29	1195	47	208	0	0	*	2
30	1235	47	208	0	0	*	2
31	1275	48	208	0	0	*	2
32	1315	48	207	0	0	*	2
33	1355	49	207	0	0	*	2
34	1395	49	206	0	0	*	2
35	1435	49	206	0	0	*	2
36	1475	49	205	0	0	*	2
37	1515	49	204	0	0	*	2
38	1555	51	204	0	0	*	2
39	1595	50	204	0	0	*	2
40	1635	50	203	0	0	*	2
41	1675	50	203	0	0	*	2
42	1715	49	202	0	0	*	2
43	1755	48	201	0	0	*	2
44	1795	48	201	0	0	*	2
45	1835	48	200	0	0	*	2
46	1875	49	200	0	0	*	2
47	1915	49	200	0	0	*	2
48	1955	48	199	0	0	*	2
49	1995	47	199	0	0	*	2
50	2035	48	199	0	0	*	2
51	2075	48	199	0	0	*	2
52	2115	48	198	0	0	*	2
53	2155	49	198	0	0	*	2
54	2195	49	198	0	0	*	2
55	2235	49	197	0	0	*	2
56	2275	49	197	0	0	*	2
57	2315	49	197	0	0	*	2
58	2355	55	193	0	0	*	2
59	2395	55	193	0	0	*	2
60	2435	56	192	0	0	*	2
61	2475	56	192	0	0	*	2
62	2515	56	192	0	0	*	2
63	2555	57	191	0	0	*	2
64	2595	57	190	0	0	*	2
65	2635	57	189	0	0	*	2
66	2675	57	189	0	0	*	2
67	2715	57	188	0	0	*	2
68	2755	57	187	0	0	*	2
69	2795	57	187	0	0	*	2
70	2835	48	200	0	0	*	2
71	2875	48	200	0	0	*	2
72	2915	48	200	0	0	*	2
73	2955	59	186	0	0	*	2
74	2995	60	185	0	0	*	2
75	3035	49	199	0	0	*	2
76	3075	49	199	0	0	*	2
77	3115	49	198	0	0	*	2
78	3155	49	198	0	0	*	2
79	3195	49	197	0	0	*	2
80	3235	49	197	0	0	*	2
81	3275	49	197	0	0	*	2
82	3315	50	196	0	0	*	2
83	3355	62	184	0	0	*	2
84	3395	57	188	0	0	*	2
85	3435	58	187	0	0	*	2
86	3475	58	186	0	0	*	2
87	3515	58	186	0	0	*	2
88	3555	58	179	0	0	*	2
89	3595	57	178	0	0	*	2
90	3635	56	177	0	0	*	2
91	3675	54	176	0	0	*	2
92	3715	53	174	0	0	*	2
93	3755	52	174	0	0	*	2
94	3795	52	174	0	0	*	2
95	3835	52	173	0	0	*	2
96	3875	51	173	0	0	*	2
97	3915	51	172	0	0	*	2
98	3955	50	172	0	0	*	2
99	3995	50	171	0	0	*	2
100	4035	50	170	0	0	*	2
101	4075	50	170	0	0	*	2
102	4115	50	169	0	0	*	2
103	4155	50	168	0	0	*	2
104	4195	51	167	0	0	*	2
105	4235	51	166	0	0	*	2
106	4275	52	164	0	0	*	2
107	4315	53	163	0	0	*	2
108	4355	53	163	0	0	*	2
109	4395	54	162	0	0	*	2
110	4435	55	162	0	0	*	2
111	4475	56	161	0	0	*	2
112	4515	56	161	0	0	*	2
113	4555	57	160	0	0	*	2
114	4595	53	178	0	0	*	2
115	4635	58	159	0	0	*	2
116	4675	59	159	0	0	*	2
117	4715	59	158	0	0	*	2
118	4755	53	175	0	0	*	2
119	4795	52	175	0	0	*	2
120	4835	52	174	0	0	*	2
121	4875	53	173	0	0	*	2
122	4915	53	172	0	0	*	2
123	4955	55	172	0	0	*	2
124	4995	57	153	0	0	*	2
125	5035	56	153	0	0	*	2
126	5075	55	152	0	0	*	2
127	5115	54	152	0	0	*	2
128	5155	53	151	0	0	*	2
129	5195	52	150	0	0	*	2
130	5235	51	150	0	0	*	2
131	5275	50	148	0	0	*	2
132	5315	49	147	0	0	*	2
133	5355	48	147	0	0	*	2
134	5395	48	146	0	0	*	2
135	5435	47	145	0	0	*	2
136	5475	47	144	0	0	*	2
137	5515	46	143	0	0	*	2
138	5555	45	142	0	0	*	2
139	5595	45	141	0	0	*	2
140	5635	44	139	0	0	*	2
141	5675	44	138	0	0	*	2
142	5715	43	136	0	0	*	2
143	5755	43	135	0	0	*	2
144	5795	43	134	0	0	*	2
145	5835	43	132	0	0	*	2
146	5875	42	130	0	0	*	2
147	5915	42	128	0	0	*	2
148	5955	42	127	0	0	*	2
149	5995	42	125	0	0	*	2
150	6035	43	124	0	0	*	2
151	6075	43	122	0	0	*	2
152	6115	44	120	0	0	*	2
153	6155	44	118	0	0	*	2
154	6195	45	117	0	0	*	2
155	6235	46	116	0	0	*	2
156	6275	47	115	0	0	*	2
157	6315	48	113	0	0	*	2
158	6355	49	112	0	0	*	2
159	6395	50	111	0	0	*	2
160	6435	51	110	0	0	*	2
161	6475	53	109	0	0	*	2
162	6515	54	108	0	0	*	2
163	6555	56	107	0	0	*	2
164	6595	58	107	0	0	*	2
165	6635	59	107	0	0	*	2
166	6675	61	106	0	0	*	2
167	6715	62	106	0	0	*	2
168	6755	64	107	0	0	*	2
169	6795	66	107	0	0	*	2
170	6835	67	107	0	0	*	2
171	6875	69	108	0	0	*	2
172	6915	70	109	0	0	*	2
173	6955	72	110	0	0	*	2
174	6995	73	111	0	0	*	2
175	7035	73	112	0	0	*	2
176	7075	75	113	0	0	*	2
177	7115	76	115	0	0	*	2
178	7155	77	116	0	0	*	2
179	7195	78	117	0	0	*	2
180	7235	78	118	0	0	*	2
181	7275	79	120	0	0	*	2
182	7315	79	122	0	0	*	2
183	7355	79	123	0	0	*	2
184	7395	79	125	0	0	*	2
185	7435	79	127	0	0	*	2
186	7475	78	128	0	0	*	2
187	7515	78	130	0	0	*	2
188	7555	77	131	0	0	*	2
189	7595	77	132	0	0	*	2
190	7635	76	134	0	0	*	2
191	7675	74	135	0	0	*	2
192	7715	74	136	0	0	*	2
193	7755	73	136	0	0	*	2
194	7795	72	137	0	0	*	2
195	7835	71	138	0	0	*	2
196	7875	69	138	0	0	*	2
197	7915	68	138	0	0	*	2
198	7955	66	138	0	0	*	2
199	7995	65	138	0	0	*	2
200	8035	63	137	0	0	*	2
201	8075	62	137	0	0	*	2
202	8115	61	137	0	0	*	2
203	8155	61	136	0	0	*	2
204	8195	59	135	0	0	*	2
205	8235	58	134	0	0	*	2
206	8275	58	133	0	0	*	2
207	8315	57	132	0	0	*	2
208	8355	56	131	0	0	*	2
209	8395	55	130	0	0	*	2
210	8435	55	129	0	0	*	2
211	8475	55	127	0	0	*	2
212	8515	55	126	0	0	*	2
213	8555	55	125	0	0	*	2
214	8595	55	124	0	0	*	2
215	8635	55	122	0	0	*	2
216	8675	55	120	0	0	*	2
217	8715	55	119	0	0	*	2
218	8755	56	118	0	0	*	2
219	8795	56	116	0	0	*	2
220	8835	56	116	0	0	*	2
221	8875	57	114	0	0	*	2
222	8915	57	112	0	0	*	2
223	8955	58	111	0	0	*	2
224	8995	59	110	0	0	*	2
225	9035	59	108	0	0	*	2
226	9075	60	107	0	0	*	2
227	9115	61	105	0	0	*	2
228	9155	62	103	0	0	*	2
229	9195	63	102	0	0	*	2
230	9235	63	100	0	0	*	2
231	9275	64	99	0	0	*	2
232	9315	65	97	0	0	*	2
233	9355	66	96	0	0	*	2
234	9395	67	94	0	0	*	2
235	9435	69	93	0	0	*	2
236	9475	70	92	0	0	*	2
237	9515	71	90	0	0	*	2
238	9555	71	89	0	0	*	2
239	9595	72	87	0	0	*	2
240	9635	73	86	0	0	*	2
241	9675	75	84	0	0	*	2
242	9715	76	83	0	0	*	2
243	9755	77	82	0	0	*	2
244	9795	79	80	0	0	*	2
245	9835	80	79	0	0	*	2
246	9875	81	77	0	0	*	2
247	9915	83	76	0	0	*	2
248	9955	84	75	0	0	*	2
249	9995	86	74	0	0	*	2
250	10035	87	72	0	0	*	2
251	10075	88	71	0	0	*	2
252	10115	90	70	0	0	*	2
253	10155	92	70	0	0	*	2
254	10195	94	69	0	0	*	2
255	10235	96	68	0	0	*	2
256	10275	97	67	0	0	*	2
257	10315	99	66	0	0	*	2
258	10355	101	65	0	0	*	2
259	10395	103	65	0	0	*	2
260	10435	105	64	0	0	*	2
261	10475	107	64	0	0	*	2
262	10515	109	63	0	0	*	2
263	10555	110	62	0	0	*	2
264	10595	112	62	0	0	*	2
265	10635	114	62	0	0	*	2
266	10675	116	62	0	0	*	2
267	10715	118	62	0	0	*	2
268	10755	120	62	0	0	*	2
269	10795	122	61	0	0	*	2
270	10835	124	61	0	0	*	2
271	10875	126	61	0	0	*	2
272	10915	128	61	0	0	*	2
273	10955	131	61	0	0	*	2
274	10995	132	61	0	0	*	2
275	11035	134	61	0	0	*	2
276	11075	137	61	0	0	*	2
277	11115	138	61	0	0	*	2
278	11155	140	62	0	0	*	2
279	11195	142	62	0	0	*	2
280	11235	144	62	0	0	*	2
281	11275	146	62	0	0	*	2
282	11315	148	62	0	0	*	2
283	11355	150	62	0	0	*	2
284	11395	152	63	0	0	*	2
285	11435	154	63	0	0	*	2
286	11475	156	64	0	0	*	2
287	11515	158	64	0	0	*	2
288	11555	159	64	0	0	*	2
289	11595	161	65	0	0	*	2
290	11635	163	65	0	0	*	2
291	11675	165	66	0	0	*	2
292	11715	167	66	0	0	*	2
293	11755	169	67	0	0	*	2
294	11795	171	67	0	0	*	2
295	11835	173	68	0	0	*	2
296	11875	175	69	0	0	*	2
297	11915	178	69	0	0	*	2
298	11955	180	70	0	0	*	2
299	11995	182	70	0	0	*	2
300	12035	184	71	0	0	*	2
301	12075	186	71	0	1	*	2
302	12115	188	72	0	1	*	2
303	12155	190	74	0	0	*	2
304	12195	192	75	0	0	*	2
305	12235	194	76	0	0	*	2
306	12275	196	76	0	0	*	2
307	12315	198	77	0	0	*	2
308	12355	200	78	0	0	*	2
309	12395	203	78	0	0	*	2
310	12435	205	79	0	0	*	2
311	12475	207	79	0	0	*	2
312	12515	209	80	0	0	*	2
313	12555	210	81	0	0	*	2
314	12595	212	81	0	0	*	2
315	12635	215	82	0	0	*	2
316	12675	217	83	0	0	*	2
317	12715	219	83	0	0	*	2
318	12755	221	83	0	0	*	2
319	12795	223	84	0	0	*	2
320	12835	226	85	0	0	*	2
321	12875	228	85	0	0	*	2
322	12915	230	86	0	0	*	2
323	12955	232	86	0	0	*	2
324	12995	234	86	0	0	*	2
325	13035	236	87	0	0	*	2
326	13075	238	87	0	0	*	2
327	13115	241	88	0	0	*	2
328	13155	242	88	0	0	*	2
329	13195	243	87	0	0	*	2
330	13235	244	87	0	0	*	2
331	13275	240	87	0	0	*	2
332	13315	240	88	0	0	*	2
333	13355	241	88	0	0	*	2
334	13395	241	88	0	0	*	2
335	13435	243	89	0	0	*	2
336	13475	244	89	0	0	*	2
337	13515	244	90	0	0	*	2
338	13555	243	90	0	0	*	2
339	13595	243	91	0	0	*	2
340	13635	243	91	0	0	*	2
341	13675	243	92	0	0	*	2
342	13715	243	92	0	0	*	2
343	13755	242	93	0	0	*	2
344	13795	243	93	0	0	*	2
345	13835	243	94	0	0	*	2
346	13875	243	94	0	0	*	2
347	13915	242	94	0	0	*	2
348	13955	242	94	0	0	*	2
349	13995	242	95	0	0	*	2
350	14035	242	96	0	0	*	2
351	14075	243	97	0	0	*	2
352	14115	242	98	0	0	*	2
353	14155	241	98	0	0	*	2
354	14195	241	99	0	0	*	2
355	14235	241	99	0	0	*	2
356	14275	241	100	0	0	*	2
357	14315	241	102	0	0	*	2
358	14355	241	103	0	0	*	2
359	14395	241	104	0	0	*	2
360	14435	241	105	0	0	*	2
361	14475	241	107	0	0	*	2
362	14515	241	109	0	0	*	2
363	14555	240	110	0	0	*	2
364	14595	239	111	0	0	*	2
365	14635	238	112	0	0	*	2
366	14675	238	114	0	0	*	2
367	14715	236	116	0	0	*	2
368	14755	235	117	0	0	*	2
369	14795	234	118	0	0	*	2
370	14835	233	120	0	0	*	2
371	14875	231	121	0	0	*	2
372	14915	230	122	0	0	*	2
373	14955	228	123	0	0	*	2
374	14995	227	124	0	0	*	2
375	15035	225	125	0	0	*	2
376	15075	223	126	0	0	*	2
377	15115	221	126	0	0	*	2
378	15155	219	126	0	0	*	2
379	15195	217	127	0	0	*	2
380	15235	215	127	0	0	*	2
381	15275	213	128	0	0	*	2
382	15315	210	128	0	0	*	2
383	15355	208	128	0	0	*	2
384	15395	206	128	0	0	*	2
385	15435	204	128	0	0	*	2
386	15475	202	128	0	0	*	2
387	15515	199	127	0	0	*	2
388	15555	197	127	0	0	*	2
389	15595	194	126	0	0	*	2
390	15635	193	126	0	0	*	2
391	15675	190	126	0	0	*	2
392	15715	188	125	0	0	*	2
393	15755	185	124	0	0	*	2
394	15795	183	123	0	0	*	2
395	15835	181	122	0	0	*	2
396	15875	179	122	0	0	*	2
397	15915	177	121	0	0	*	2
398	15955	175	120	0	0	*	2
399	15995	173	119	0	0	*	2
400	16035	171	117	0	0	*	2
401	16075	169	116	0	0	*	2
402	16115	166	115	0	0	*	2
403	16155	165	114	0	0	*	2
404	16195	163	113	0	0	*	2
405	16235	161	111	0	0	*	2
406	16275	159	110	0	0	*	2
407	16315	158	108	0	0	*	2
408	16355	156	106	0	0	*	2
409	16395	154	105	0	0	*	2
410	16435	152	103	0	0	*	2
411	16475	151	101	0	0	*	2
412	16515	149	99	0	0	*	2
413	16555	148	97	0	0	*	2
414	16595	146	95	0	0	*	2
415	16635	145	93	0	0	*	2
416	16675	144	91	0	0	*	2
417	16715	143	89	0	0	*	2
418	16755	141	87	0	0	*	2
419	16795	140	85	0	0	*	2
420	16835	139	83	0	0	*	2
421	16875	138	80	0	0	*	2
422	16915	137	78	0	0	*	2
423	16955	136	75	0	0	*	2
424	16995	135	73	0	0	*	2
425	17035	134	71	0	0	*	2
426	17075	134	69	0	0	*	2
427	17115	133	67	0	0	*	2
428	17155	133	64	0	0	*	2
429	17195	132	61	0	0	*	2
430	17235	132	59	0	0	*	2
431	17275	131	57	0	0	*	2
432	17315	131	54	0	0	*	2
433	17355	131	52	0	0	*	2
434	17395	131	49	0	0	*	2
435	17435	131	47	0	0	*	2
436	17475	131	45	0	0	*	2
437	17515	132	43	0	0	*	2
438	17555	132	41	0	0	*	2
439	17595	133	38	0	0	*	2
440	17635	133	36	0	0	*	2
441	17675	134	33	0	0	*	2
442	17715	134	31	0	0	*	2
443	17755	135	29	0	0	*	2
444	17795	136	27	0	0	*	2
445	17835	137	25	0	0	*	2
446	17875	138	23	0	0	*	2
447	17915	139	21	0	0	*	2
448	17955	140	19	0	0	*	2
449	17995	141	17	0	0	*	2
450	18035	142	15	0	0	*	2
451	18075	143	13	0	0	*	2
452	18115	145	11	0	0	*	2
453	18155	146	9	0	0	*	2
454	18195	147	7	0	0	*	2
455	18235	148	6	0	0	*	2
456	18275	145	11	0	0	*	2
457	18315	149	5	0	0	*	2
458	18355	149	5	0	0	*	2
459	18395	148	8	0	0	*	2
460	18435	152	5	0	0	*	2
461	18475	153	5	0	0	*	2
462	18515	155	6	0	0	*	2
463	18555	157	7	0	0	*	2
464	18595	158	8	0	0	*	2
465	18635	158	10	0	0	*	2
466	18675	159	11	0	0	*	2
467	18715	160	11	0	0	*	2
468	18755	161	12	0	0	*	2
469	18795	162	12	0	0	*	2
470	18835	163	13	0	0	*	2
471	18875	164	13	0	0	*	2
472	18915	165	14	0	0	*	2
473	18955	166	14	0	0	*	2
474	18995	167	14	0	0	*	2
475	19035	168	14	0	0	*	2
476	19075	170	15	0	0	*	2
477	19115	170	15	0	0	*	2
478	19155	171	16	0	0	*	2
479	19195	173	17	0	0	*	2
480	19235	174	18	0	0	*	2
481	19275	175	19	0	0	*	2
482	19315	176	20	0	0	*	2
483	19355	177	21	0	0	*	2
484	19395	179	23	0	0	*	2
485	19435	180	25	0	0	*	2
486	19475	180	26	0	0	*	2
487	19515	181	28	0	0	*	2
488	19555	182	30	0	0	*	2
489	19595	183	32	0	0	*	2
490	19635	183	34	0	0	*	2
491	19675	184	36	0	0	*	2
492	19715	184	38	0	0	*	2
493	19755	185	40	0	0	*	2
494	19795	185	42	0	0	*	2
495	19835	185	44	0	0	*	2
496	19875	185	45	0	0	*	2
497	19915	186	47	0	0	*	2
498	19955	186	49	0	0	*	2
499	19995	186	52	0	0	*	2
500	20035	186	54	0	0	*	2
501	20075	186	56	0	0	*	2
502	20115	186	57	0	0	*	2
503	20155	185	58	0	0	*	2
504	20195	185	59	0	1	*	2
505	20235	185	59	0	1	*	2
506	20275	185	60	0	1	*	2
507	20315	184	61	0	1	*	2
508	20355	184	62	0	1	*	2
509	20395	184	63	0	1	*	2
510	20435	183	64	0	1	*	2
511	20475	183	65	0	1	*	2
512	20515	182	66	0	0	*	2
513	20555	181	67	0	0	*	2
514	20595	179	69	0	0	*	2
515	20635	177	70	0	0	*	2
516	20675	175	71	0	0	*	2
517	20715	173	73	0	0	*	2
518	20755	172	76	0	0	*	2
519	20795	171	78	0	0	*	2
520	20835	169	80	0	0	*	2
521	20875	168	82	0	0	*	2
522	20915	167	83	0	0	*	2
523	20955	166	84	0	0	*	2
524	20995	165	86	0	0	*	2
525	21035	164	87	0	0	*	2
526	21075	163	89	0	0	*	2
527	21115	161	90	0	0	*	2
528	21155	159	91	0	0	*	2
529	21195	158	93	0	0	*	2
530	21235	156	94	0	0	*	2
531	21275	155	95	0	0	*	2
532	21315	153	97	0	0	*	2
533	21355	151	98	0	0	*	2
534	21395	150	100	0	0	*	2
535	21435	148	101	0	0	*	2
536	21475	146	103	0	0	*	2
537	21515	145	105	0	0	*	2
538	21555	143	106	0	0	*	2
539	21595	141	107	0	0	*	2
540	21635	139	108	0	0	*	2
541	21675	137	109	0	0	*	2
542	21715	135	111	0	0	*	2
543	21755	133	112	0	0	*	2
544	21795	131	112	0	0	*	2
545	21835	129	113	0	0	*	2
546	21875	127	113	0	0	*	2
547	21915	125	114	0	0	*	2
548	21955	123	115	0	0	*	2
549	21995	121	115	0	0	*	2
550	22035	119	116	0	0	*	2
551	22075	116	116	0	0	*	2
552	22115	114	116	0	0	*	2
553	22155	112	116	0	0	*	2
554	22195	109	116	0	0	*	2
555	22235	107	117	0	0	*	2
556	22275	105	117	0	0	*	2
557	22315	102	117	0	0	*	2
558	22355	99	117	0	0	*	2
559	22395	97	117	0	0	*	2
560	22435	96	117	0	0	*	2
561	22475	93	117	0	0	*	2
562	22515	91	117	0	0	*	2
563	22555	88	117	0	0	*	2
564	22595	85	116	0	0	*	2
565	22635	84	116	0	0	*	2
566	22675	82	116	0	0	*	2
567	22715	79	116	0	0	*	2
568	22755	77	115	0	0	*	2
569	22795	74	115	0	0	*	2
570	22835	72	114	0	0	*	2
571	22875	70	113	0	0	*	2
572	22915	68	113	0	0	*	2
573	22955	65	112	0	0	*	2
574	22995	63	111	0	0	*	2
575	23035	61	110	0	0	*	2
576	23075	59	109	0	0	*	2
577	23115	57	108	0	0	*	2
578	23155	55	106	0	0	*	2
579	23195	53	105	0	0	*	2
580	23235	50	104	0	0	*	2
581	23275	49	102	0	0	*	2
582	23315	47	100	0	0	*	2
583	23355	45	99	0	0	*	2
584	23395	43	97	0	0	*	2
585	23435	42	96	0	0	*	2
586	23475	40	94	0	0	*	2
587	23515	38	93	0	0	*	2
588	23555	37	91	0	0	*	2
589	23595	36	88	0	0	*	2
590	23635	35	87	0	0	*	2
591	23675	34	85	0	0	*	2
592	23715	32	83	0	0	*	2
593	23755	31	81	0	0	*	2
594	23795	30	79	0	0	*	2
595	23835	29	77	0	0	*	2
596	23875	28	76	0	0	*	2
597	23915	27	74	0	0	*	2
598	23955	26	71	0	0	*	2
599	23995	25	70	0	0	*	2
600	24035	27	74	0	0	*	2
601	24075	25	71	0	0	*	2
602	24115	25	70	0	0	*	2
603	24155	25	69	0	0	*	2
604	24195	24	69	0	0	*	2
605	24235	25	67	0	0	*	2
606	24275	25	66	0	0	*	2
607	24315	25	65	0	0	*	2
608	24355	26	63	0	0	*	2
609	24395	26	62	0	0	*	2
610	24435	27	61	0	0	*	2
611	24475	27	60	0	0	*	2
612	24515	28	58	0	0	*	2
613	24555	29	57	0	0	*	2
614	24595	29	56	0	0	*	2
615	24635	30	55	0	0	*	2
616	24675	31	55	0	0	*	2
617	24715	31	54	0	0	*	2
618	24755	32	52	0	0	*	2
619	24795	32	52	0	0	*	2
620	24835	33	51	0	0	*	2
621	24875	34	50	0	0	*	2
622	24915	35	50	0	0	*	2
623	24955	36	48	0	0	*	2
624	24995	37	46	0	0	*	2
625	25035	38	45	0	0	*	2
626	25075	39	44	0	0	*	2
627	25115	40	44	0	0	*	2
628	25155	40	43	0	0	*	2
629	25195	41	43	0	0	*	2
630	25235	42	42	0	0	*	2
631	25275	43	40	0	0	*	2
632	25315	43	39	0	0	*	2
633	25355	44	39	0	0	*	2
634	25395	47	32	0	0	*	2
635	25435	45	39	0	0	*	2
636	25475	46	38	0	0	*	2
637	25515	47	36	0	0	*	2
638	25555	48	36	0	0	*	2
639	25595	48	35	0	0	*	2
640	25635	49	34	0	0	*	2
641	25675	49	34	0	0	*	2
642	25715	50	33	0	0	*	2
643	25755	52	32	0	0	*	2
644	25795	52	31	0	0	*	2
645	25835	53	31	0	0	*	2
646	25875	53	31	0	0	*	2
647	25915	53	31	0	0	*	2
648	25955	54	30	0	0	*	2
649	25995	55	29	0	0	*	2
650	26035	57	27	0	0	*	2
651	26075	58	27	0	0	*	2
652	26115	59	27	0	0	*	2
653	26155	60	27	0	0	*	2
654	26195	60	27	0	0	*	2
655	26235	54	28	0	0	*	2
656	26275	64	24	0	0	*	2
657	26315	66	24	0	0	*	2
658	26355	67	23	0	0	*	2
659	26395	60	24	0	0	*	2
660	26435	61	23	0	0	*	2
661	26475	63	23	0	0	*	2
662	26515	65	22	0	0	*	2
663	26555	66	22	0	0	*	2
664	26595	68	21	0	0	*	2
665	26635	70	20	0	0	*	2
666	26675	73	20	0	0	*	2
667	26715	74	20	0	0	*	2
668	26755	76	19	0	0	*	2
669	26795	78	18	0	0	*	2
670	26835	80	18	0	0	*	2
671	26875	83	18	0	0	*	2
672	26915	85	17	0	0	*	2
673	26955	86	17	0	0	*	2
674	26995	88	18	0	0	*	2
675	27035	109	28	0	0	*	2
676	27075	110	29	0	0	*	2
677	27115	112	30	0	0	*	2
678	27155	113	31	0	0	*	2
679	27195	115	32	0	0	*	2
680	27235	116	33	0	0	*	2
681	27275	118	35	0	0	*	2
682	27315	120	36	0	0	*	2
683	27355	121	37	0	0	*	2
684	27395	123	39	0	0	*	2
685	27435	124	40	0	0	*	2
686	27475	125	41	0	0	*	2
687	27515	127	43	0	0	*	2
688	27555	129	44	0	0	*	2
689	27595	130	46	0	0	*	2
690	27635	131	47	0	0	*	2
691	27675	133	49	0	0	*	2
692	27715	134	51	0	0	*	2
693	27755	134	53	0	0	*	2
694	27795	136	55	0	0	*	2
695	27835	137	57	0	0	*	2
696	27875	137	59	0	0	*	2
697	27915	138	61	0	0	*	2
698	27955	139	63	0	0	*	2
699	27995	140	65	0	0	*	2
700	28035	141	67	0	0	*	2
701	28075	142	69	0	0	*	2
702	28115	142	71	0	0	*	2
703	28155	143	73	0	0	*	2
704	28195	143	75	0	0	*	2
705	28235	144	77	0	0	*	2
706	28275	144	80	0	0	*	2
707	28315	145	82	0	0	*	2
708	28355	145	84	0	0	*	2
709	28395	145	87	0	0	*	2
710	28435	145	89	0	0	*	2
711	28475	145	91	0	0	*	2
712	28515	146	93	0	0	*	2
713	28555	146	95	0	0	*	2
714	28595	146	97	0	0	*	2
715	28635	146	100	0	0	*	2
716	28675	146	102	0	0	*	2
717	28715	146	105	0	0	*	2
718	28755	146	107	0	0	*	2
719	28795	146	110	0	0	*	2
720	28835	147	112	0	0	*	2
721	28875	146	114	0	0	*	2
722	28915	146	116	0	0	*	2
723	28955	146	118	0	0	*	2
724	28995	146	121	0	0	*	2
725	29035	146	124	0	0	*	2
726	29075	146	126	0	0	*	2
727	29115	145	128	0	0	*	2
728	29155	145	131	0	0	*	2
729	29195	144	133	0	0	*	2
730	29235	144	135	0	0	*	2
731	29275	144	138	0	0	*	2
732	29315	143	140	0	0	*	2
733	29355	143	142	0	0	*	2
734	29395	142	144	0	0	*	2
735	29435	141	147	0	0	*	2
736	29475	141	149	0	0	*	2
737	29515	140	151	0	0	*	2
738	29555	140	154	0	0	*	2
739	29595	139	157	0	0	*	2
740	29635	139	158	0	0	*	2
741	29675	138	161	0	0	*	2
742	29715	138	163	0	0	*	2
743	29755	137	165	0	0	*	2
744	29795	137	168	0	0	*	2
745	29835	137	170	0	0	*	2
746	29875	137	172	0	0	*	2
747	29915	137	174	0	0	*	2
748	29955	137	177	0	0	*	2
749	29995	137	179	0	0	*	2
750	30035	137	182	0	0	*	2
751	30075	137	184	0	0	*	2
752	30115	138	186	0	0	*	2
753	30155	138	187	0	0	*	2
754	30195	138	189	0	0	*	2
755	30235	138	191	0	0	*	2
756	30275	138	194	0	0	*	2
757	30315	139	196	0	0	*	2
758	30355	139	198	0	0	*	2
759	30395	140	200	0	0	*	2
760	30435	140	201	0	0	*	2
761	30475	141	203	0	0	*	2
762	30515	142	205	0	0	*	2
763	30555	143	207	0	0	*	2
764	30595	144	209	0	0	*	2
765	30635	145	209	0	0	*	2
766	30675	146	210	0	0	*	2
767	30715	146	211	0	0	*	2
768	30755	148	213	0	0	*	2
769	30795	149	214	0	0	*	2
770	30835	151	216	0	0	*	2
771	30875	153	217	0	0	*	2
772	30915	154	217	0	0	*	2
773	30955	155	218	0	0	*	2
774	30995	156	219	0	0	*	2
775	31035	158	219	0	0	*	2
776	31075	159	219	0	0	*	2
777	31115	161	219	0	0	*	2
778	31155	162	219	0	0	*	2
779	31195	163	219	0	0	*	2
780	31235	164	219	0	0	*	2
781	31275	165	218	0	0	*	2
782	31315	166	217	0	0	*	2
783	31355	167	216	0	0	*	2
784	31395	168	215	0	0	*	2
785	31435	162	218	0	0	*	2
786	31475	163	218	0	0	*	2
787	31515	164	217	0	0	*	2
788	31555	168	210	0	0	*	2
789	31595	168	209	0	0	*	2
790	31635	165	215	0	0	*	2
791	31675	166	214	0	0	*	2
792	31715	166	213	0	0	*	2
793	31755	166	211	0	0	*	2
794	31795	166	211	0	0	*	2
795	31835	166	210	0	0	*	2
796	31875	165	209	0	0	*	2
797	31915	160	202	0	0	*	2
798	31955	159	201	0	0	*	2
799	31995	157	200	0	0	*	2
800	32035	156	200	0	0	*	2
801	32075	155	200	0	0	*	2
802	32115	153	200	0	0	*	2
803	32155	151	199	0	0	*	2
804	32195	149	199	0	0	*	2
805	32235	147	199	0	0	*	2
806	32275	146	199	0	0	*	2
807	32315	144	198	0	0	*	2
808	32355	142	198	0	0	*	2
809	32395	141	198	0	0	*	2
810	32435	138	198	0	0	*	2
811	32475	136	197	0	0	*	2
812	32515	135	197	0	0	*	2
813	32555	133	197	0	0	*	2
814	32595	151	197	0	0	*	2
815	32635	148	197	0	0	*	2
816	32675	146	197	0	0	*	2
817	32715	125	196	0	0	*	2
818	32755	122	196	0	0	*	2
819	32795	121	195	0	0	*	2
820	32835	118	195	0	0	*	2
821	32875	116	194	0	0	*	2
822	32915	114	195	0	0	*	2
823	32955	111	194	0	0	*	2
824	32995	110	194	0	0	*	2
825	33035	108	193	0	0	*	2
826	33075	105	193	0	0	*	2
827	33115	103	192	0	0	*	2
828	33155	100	192	0	0	*	2
829	33195	98	192	0	0	*	2
830	33235	97	192	0	0	*	2
831	33275	95	191	0	0	*	2
832	33315	92	190	0	0	*	2
833	33355	90	189	0	0	*	2
834	33395	88	189	0	0	*	2
835	33435	85	188	0	0	*	2
836	33475	84	187	0	0	*	2
837	33515	82	186	0	0	*	2
838	33555	79	185	0	0	*	2
839	33595	78	185	0	0	*	2
840	33635	95	192	0	0	*	2
841	33675	92	191	0	0	*	2
842	33715	90	190	0	0	*	2
843	33755	69	181	0	0	*	2
844	33795	67	180	0	0	*	2
845	33835	65	178	0	0	*	2
846	33875	63	177	0	0	*	2
847	33915	61	176	0	0	*	2
848	33955	59	175	0	0	*	2
849	33995	57	174	0	0	*	2
850	34035	55	173	0	0	*	2
851	34075	53	171	0	0	*	2
852	34115	51	169	0	0	*	2
853	34155	50	168	0	0	*	2
854	34195	48	166	0	0	*	2
855	34235	47	165	0	0	*	2
856	34275	45	163	0	0	*	2
857	34315	43	162	0	0	*	2
858	34355	42	160	0	0	*	2
859	34395	41	158	0	0	*	2
860	34435	40	156	0	0	*	2
861	34475	38	155	0	0	*	2
862	34515	37	153	0	0	*	2
863	34555	36	151	0	0	*	2
864	34595	36	149	0	0	*	2
865	34635	35	146	0	0	*	2
866	34675	35	144	0	0	*	2
867	34715	34	143	0	0	*	2
868	34755	33	141	0	0	*	2
869	34795	33	139	0	0	*	2
870	34835	32	137	0	0	*	2
871	34875	32	135	0	0	*	2
872	34915	31	133	0	0	*	2
873	34955	31	131	0	0	*	2
874	34995	31	129	0	0	*	2
875	35035	30	127	0	0	*	2
876	35075	30	125	0	0	*	2
877	35115	30	123	0	0	*	2
878	35155	30	120	0	0	*	2
879	35195	30	118	0	0	*	2
880	35235	30	117	0	0	*	2
881	35275	30	115	0	0	*	2
882	35315	30	113	0	0	*	2
883	35355	30	111	0	0	*	2
884	35395	30	109	0	0	*	2
885	35435	31	107	0	0	*	2
886	35475	31	105	0	0	*	2
887	35515	32	103	0	0	*	2
888	35555	32	100	0	0	*	2
889	35595	33	98	0	0	*	2
890	35635	33	96	0	0	*	2
891	35675	31	104	0	0	*	2
892	35715	29	112	0	0	*	2
893	35755	36	91	0	0	*	2
894	35795	36	89	0	0	*	2
895	35835	37	87	0	0	*	2
896	35875	38	85	0	0	*	2
897	35915	39	82	0	0	*	2
898	35955	40	80	0	0	*	2
899	35995	41	79	0	0	*	2
900	36035	42	77	0	0	*	2
901	36075	43	75	0	0	*	2
902	36115	44	73	0	0	*	2
903	36155	44	72	0	0	*	2
904	36195	46	71	0	0	*	2
905	36235	47	70	0	0	*	2
906	36275	48	68	0	0	*	2
907	36315	49	66	0	0	*	2
908	36355	50	64	0	0	*	2
909	36395	51	63	0	0	*	2
910	36435	52	61	0	0	*	2
911	36475	54	59	0	0	*	2
912	36515	54	58	0	0	*	2
913	36555	55	56	0	0	*	2
914	36595	56	55	0	0	*	2
915	36635	57	53	0	0	*	2
916	36675	58	51	0	0	*	2
917	36715	59	49	0	0	*	2
918	36755	60	48	0	0	*	2
919	36795	61	46	0	0	*	2
920	36835	61	45	0	0	*	2
921	36875	62	44	0	0	*	2
922	36915	63	43	0	0	*	2
923	36955	64	41	0	0	*	2
924	36995	65	40	0	0	*	2
925	37035	66	38	0	0	*	2
926	37075	67	37	0	0	*	2
927	37115	67	36	0	0	*	2
928	37155	68	35	0	0	*	2
929	37195	68	33	0	0	*	2
930	37235	69	32	0	0	*	2
931	37275	68	31	0	0	*	2
932	37315	68	29	0	0	*	2
933	37355	67	29	0	0	*	2
934	37395	67	28	0	0	*	2
935	37435	66	27	0	0	*	2
936	37475	65	27	0	0	*	2
937	37515	64	27	0	0	*	2
938	37555	66	31	0	0	*	2
939	37595	66	31	0	0	*	2
940	37635	62	28	0	0	*	2
941	37675	64	29	0	0	*	2
942	37715	61	29	0	0	*	2
943	37755	61	29	0	0	*	2
944	37795	61	30	0	0	*	2
945	37835	60	31	0	0	*	2
946	37875	61	31	0	0	*	2
947	37915	59	32	0	0	*	2
948	37955	62	31	0	0	*	2
949	37995	63	31	0	0	*	2
950	38035	63	31	0	0	*	2
951	38075	63	31	0	0	*	2
952	38115	63	33	0	0	*	2
953	38155	64	32	0	0	*	2
954	38195	64	32	0	0	*	2
955	38235	64	32	0	0	*	2
956	38275	64	33	0	0	*	2
957	38315	65	41	0	0	*	2
958	38355	66	42	0	0	*	2
959	38395	67	42	0	0	*	2
960	38435	68	43	0	0	*	2
961	38475	70	43	0	0	*	2
962	38515	66	37	0	0	*	2
963	38555	73	43	0	0	*	2
964	38595	75	44	0	0	*	2
965	38635	77	44	0	0	*	2
966	38675	78	43	0	0	*	2
967	38715	80	43	0	0	*	2
968	38755	82	43	0	0	*	2
969	38795	84	43	0	0	*	2
970	38835	86	43	0	0	*	2
971	38875	87	42	0	0	*	2
972	38915	89	42	0	0	*	2
973	38955	91	42	0	0	*	2
974	38995	93	41	0	0	*	2
975	39035	95	41	0	0	*	2
976	39075	97	40	0	0	*	2
977	39115	98	40	0	0	*	2
978	39155	100	39	0	0	*	2
979	39195	102	39	0	0	*	2
980	39235	104	39	0	0	*	2
981	39275	106	38	0	0	*	2
982	39315	108	37	0	0	*	2
983	39355	110	37	0	0	*	2
984	39395	112	37	0	0	*	2
985	39435	115	36	0	0	*	2
986	39475	117	36	0	0	*	2
987	39515	118	36	0	0	*	2
988	39555	121	35	0	0	*	2
989	39595	123	34	0	0	*	2
990	39635	125	34	0	0	*	2
991	39675	127	34	0	0	*	2
992	39715	123	35	0	0	*	2
993	39755	131	33	0	0	*	2
994	39795	134	32	0	0	*	2
995	39835	136	31	0	0	*	2
996	39875	138	31	0	0	*	2
997	39915	141	30	0	0	*	2
998	39955	143	30	0	0	*	2
999	39995	145	30	0	0	*	2
1000	40035	147	29	0	0	*	2
1001	40075	150	29	0	0	*	2
1002	40115	152	28	0	0	*	2
1003	40155	154	28	0	0	*	2
1004	40195	156	28	0	0	*	2
1005	40235	158	27	0	0	*	2
1006	40275	161	27	0	0	*	2
1007	40315	163	27	0	0	*	2
1008	40355	165	26	0	0	*	2
1009	40395	167	26	0	0	*	2
1010	40435	170	25	0	0	*	2
1011	40475	172	25	0	0	*	2
1012	40515	174	25	0	0	*	2
1013	40555	176	24	0	0	*	2
1014	40595	178	24	0	0	*	2
1015	40635	180	23	0	0	*	2
1016	40675	182	23	0	0	*	2
1017	40715	184	23	0	0	*	2
1018	40755	187	23	0	0	*	2
1019	40795	189	23	0	0	*	2
1020	40835	191	23	0	0	*	2
1021	40875	192	22	0	0	*	2
1022	40915	193	22	0	0	*	2
1023	40955	194	22	0	0	*	2
1024	40995	189	23	0	0	*	2
1025	41035	196	23	0	0	*	2
1026	41075	198	24	0	0	*	2
1027	41115	194	25	0	0	*	2
1028	41155	196	25	0	0	*	2
1029	41195	200	27	0	0	*	2
1030	41235	202	28	0	0	*	2
1031	41275	203	29	0	0	*	2
1032	41315	204	30	0	0	*	2
1033	41355	205	31	0	0	*	2
1034	41395	206	32	0	0	*	2
1035	41435	206	33	0	0	*	2
1036	41475	206	35	0	0	*	2
1037	41515	207	37	0	0	*	2
1038	41555	207	38	0	0	*	2
1039	41595	203	35	0	0	*	2
1040	41635	204	36	0	0	*	2
1041	41675	210	43	0	0	*	2
1042	41715	211	44	0	0	*	2
1043	41755	212	45	0	0	*	2
1044	41795	213	46	0	0	*	2
1045	41835	214	48	0	0	*	2
1046	41875	215	49	0	0	*	2
1047	41915	216	51	0	0	*	2
1048	41955	217	52	0	0	*	2
1049	41995	218	54	0	0	*	2
1050	42035	219	56	0	0	*	2
1051	42075	219	58	0	0	*	2
1052	42115	220	60	0	0	*	2
1053	42155	221	61	0	0	*	2
1054	42195	222	63	0	0	*	2
1055	42235	223	65	0	0	*	2
1056	42275	223	67	0	0	*	2
1057	42315	224	69	0	0	*	2
1058	42355	225	71	0	0	*	2
1059	42395	225	73	0	0	*	2
1060	42435	226	75	0	0	*	2
1061	42475	227	77	0	0	*	2
1062	42515	227	79	0	0	*	2
1063	42555	227	82	0	0	*	2
1064	42595	227	84	0	0	*	2
1065	42635	228	86	0	0	*	2
1066	42675	228	88	0	0	*	2
1067	42715	228	90	0	0	*	2
1068	42755	228	92	0	0	*	2
1069	42795	228	94	0	0	*	2
1070	42835	227	96	0	0	*	2
1071	42875	227	98	0	0	*	2
1072	42915	227	100	0	0	*	2
1073	42955	227	102	0	0	*	2
1074	42995	227	104	0	0	*	2
1075	43035	226	106	0	0	*	2
1076	43075	225	108	0	0	*	2
1077	43115	224	109	0	0	*	2
1078	43155	224	111	0	0	*	2
1079	43195	223	113	0	0	*	2
1080	43235	222	115	0	0	*	2
1081	43275	221	116	0	0	*	2
1082	43315	220	118	0	0	*	2
1083	43355	219	120	0	0	*	2
1084	43395	219	122	0	0	*	2
1085	43435	218	123	0	0	*	2
1086	43475	217	125	0	0	*	2
1087	43515	216	127	0	0	*	2
1088	43555	215	128	0	0	*	2
1089	43595	214	130	0	0	*	2
1090	43635	212	132	0	0	*	2
1091	43675	211	133	0	0	*	2
1092	43715	210	135	0	0	*	2
1093	43755	208	136	0	0	*	2
1094	43795	207	138	0	0	*	2
1095	43835	206	139	0	0	*	2
1096	43875	204	140	0	0	*	2
1097	43915	203	141	0	0	*	2
1098	43955	201	143	0	0	*	2
1099	43995	199	144	0	0	*	2
1100	44035	198	146	0	0	*	2
1101	44075	196	147	0	0	*	2
1102	44115	195	148	0	0	*	2
1103	44155	193	149	0	0	*	2
1104	44195	191	150	0	0	*	2
1105	44235	190	151	0	0	*	2
1106	44275	188	153	0	0	*	2
1107	44315	186	154	0	0	*	2
1108	44355	184	155	0	0	*	2
1109	44395	182	156	0	0	*	2
1110	44435	181	156	0	0	*	2
1111	44475	179	157	0	0	*	2
1112	44515	177	158	0	0	*	2
1113	44555	175	159	0	0	*	2
1114	44595	174	160	0	0	*	2
1115	44635	171	161	0	0	*	2
1116	44675	170	162	0	0	*	2
1117	44715	168	162	0	0	*	2
1118	44755	166	163	0	0	*	2
1119	44795	164	164	0	0	*	2
1120	44835	162	165	0	0	*	2
1121	44875	160	165	0	0	*	2
1122	44915	158	165	0	0	*	2
1123	44955	157	166	0	0	*	2
1124	44995	154	166	0	0	*	2
1125	45035	152	167	0	0	*	2
1126	45075	149	168	0	0	*	2
1127	45115	147	168	0	0	*	2
1128	45155	145	169	0	0	*	2
1129	45195	143	169	0	0	*	2
1130	45235	141	169	0	0	*	2
1131	45275	139	170	0	0	*	2
1132	45315	136	170	0	0	*	2
1133	45355	134	170	0	0	*	2
1134	45395	132	171	0	0	*	2
1135	45435	130	171	0	0	*	2
1136	45475	128	171	0	0	*	2
1137	45515	126	172	0	0	*	2
1138	45555	123	172	0	0	*	2
1139	45595	121	172	0	0	*	2
1140	45635	119	172	0	0	*	2
1141	45675	135	170	0	0	*	2
1142	45715	115	172	0	0	*	2
1143	45755	113	172	0	0	*	2
1144	45795	110	173	0	0	*	2
1145	45835	108	173	0	0	*	2
1146	45875	106	173	0	0	*	2
1147	45915	104	173	0	0	*	2
1148	45955	101	173	0	0	*	2
1149	45995	99	173	0	0	*	2
1150	46035	97	173	0	0	*	2
1151	46075	95	173	0	0	*	2
1152	46115	93	173	0	0	*	2
1153	46155	91	172	0	0	*	2
1154	46195	88	172	0	0	*	2
1155	46235	86	172	0	0	*	2
1156	46275	85	172	0	0	*	2
1157	46315	82	172	0	0	*	2
1158	46355	80	172	0	0	*	2
1159	46395	78	171	0	0	*	2
1160	46435	75	171	0	0	*	2
1161	46475	73	170	0	0	*	2
1162	46515	71	170	0	0	*	2
1163	46555	69	169	0	0	*	2
1164	46595	67	169	0	0	*	2
1165	46635	65	169	0	0	*	2
1166	46675	62	168	0	0	*	2
1167	46715	60	168	0	0	*	2
1168	46755	58	167	0	0	*	2
1169	46795	57	166	0	0	*	2
1170	46835	54	166	0	0	*	2
1171	46875	52	166	0	0	*	2
1172	46915	50	165	0	0	*	2
1173	46955	48	164	0	0	*	2
1174	46995	46	163	0	0	*	2
1175	47035	51	164	0	0	*	2
1176	47075	42	162	0	0	*	2
1177	47115	47	163	0	0	*	2
1178	47155	45	163	0	0	*	2
1179	47195	42	162	0	0	*	2
1180	47235	33	160	0	0	*	2
1181	47275	31	159	0	0	*	2
1182	47315	37	160	0	0	*	2
1183	47355	36	160	0	0	*	2
1184	47395	32	159	0	0	*	2
1185	47435	31	159	0	0	*	2
1186	47475	29	158	0	0	*	2
1187	47515	27	157	0	0	*	2
1188	47555	24	156	0	0	*	2
1189	47595	22	156	0	0	*	2
1190	47635	19	156	0	0	*	2
1191	47675	17	155	0	0	*	2
1192	47715	16	155	0	0	*	2
1193	47755	15	155	0	0	*	2
1194	47795	15	155	0	0	*	2
1195	47835	14	155	0	0	*	2
1196	47875	13	155	0	0	*	2
1197	47915	13	155	0	0	*	2
1198	47955	12	155	0	0	*	2
1199	47995	12	155	0	0	*	2
1200	48035	11	155	0	0	*	2
1201	48075	10	156	0	0	*	2
1202	48115	10	155	0	0	*	2
1203	48155	12	157	0	0	*	2
1204	48195	12	157	0	0	*	2
1205	48235	12	157	0	0	*	2
1206	48275	13	157	0	0	*	2
1207	48315	12	156	0	0	*	2
1208	48355	12	156	0	0	*	2
1209	48395	12	156	0	0	*	2
1210	48435	12	156	0	0	*	2
1211	48475	14	156	0	0	*	2
1212	48515	14	156	0	0	*	2
1213	48555	13	156	0	0	*	2
1214	48595	12	156	0	0	*	2
1215	48635	12	156	0	0	*	2
1216	48675	12	156	0	0	*	2
1217	48715	12	156	0	0	*	2
1218	48755	12	156	0	0	*	2
1219	48795	11	156	0	0	*	2
1220	48835	11	156	0	0	*	2
1221	48875	11	156	0	0	*	2
1222	48915	12	157	0	0	*	2
1223	48955	12	157	0	0	*	2
1224	48995	12	157	0	0	*	2
1225	49035	12	157	0	0	*	2
1226	49075	13	156	0	0	*	2
1227	49115	14	156	0	0	*	2
1228	49155	14	157	0	0	*	2
1229	49195	14	157	0	0	*	2
1230	49235	14	156	0	0	*	2
1231	49275	14	156	0	0	*	2
1232	49315	13	156	0	0	*	2
1233	49355	14	156	0	0	*	2
1234	49395	15	156	0	0	*	2
1235	49435	15	157	0	0	*	2
1236	49475	16	157	0	0	*	2
1237	49515	16	158	0	0	*	2
1238	49555	16	159	0	0	*	2
1239	49595	17	160	0	0	*	2
1240	49635	18	160	0	0	*	2
1241	49675	19	161	0	0	*	2
1242	49715	20	162	0	0	*	2
1243	49755	22	162	0	0	*	2
1244	49795	23	163	0	0	*	2
1245	49835	24	163	0	0	*	2
1246	49875	27	164	0	0	*	2
1247	49915	29	164	0	0	*	2
1248	49955	31	164	0	0	*	2
1249	49995	33	164	0	0	*	2
1250	50035	35	164	0	0	*	2
1251	50075	36	164	0	0	*	2
1252	50115	38	164	0	0	*	2
1253	50155	40	163	0	0	*	2
1254	50195	42	163	0	0	*	2
1255	50235	43	163	0	0	*	2
1256	50275	45	162	0	0	*	2
1257	50315	47	162	0	0	*	2
1258	50355	49	161	0	0	*	2
1259	50395	50	160	0	0	*	2
1260	50435	52	159	0	0	*	2
1261	50475	53	158	0	0	*	2
1262	50515	54	157	0	0	*	2
1263	50555	56	156	0	0	*	2
1264	50595	57	155	0	0	*	2
1265	50635	64	147	0	0	*	2
1266	50675	60	152	0	0	*	2
1267	50715	62	150	0	0	*	2
1268	50755	63	149	0	0	*	2
1269	50795	64	148	0	0	*	2
1270	50835	65	146	0	0	*	2
1271	50875	67	143	0	0	*	2
1272	50915	71	137	0	0	*	2
1273	50955	72	135	0	0	*	2
1274	50995	70	139	0	0	*	2
1275	51035	71	138	0	0	*	2
1276	51075	75	130	0	0	*	2
1277	51115	73	135	0	0	*	2
1278	51155	77	126	0	0	*	2
1279	51195	77	125	0	0	*	2
1280	51235	78	123	0	0	*	2
1281	51275	79	121	0	0	*	2
1282	51315	77	127	0	0	*	2
1283	51355	80	118	0	0	*	2
1284	51395	81	116	0	0	*	2
1285	51435	82	114	0	0	*	2
1286	51475	82	113	0	0	*	2
1287	51515	83	110	0	0	*	2
1288	51555	84	109	0	0	*	2
1289	51595	84	107	0	0	*	2
1290	51635	85	104	0	0	*	2
1291	51675	85	102	0	0	*	2
1292	51715	85	101	0	0	*	2
1293	51755	86	99	0	0	*	2
1294	51795	87	96	0	0	*	2
1295	51835	87	95	0	0	*	2
1296	51875	87	93	0	0	*	2
1297	51915	88	90	0	0	*	2
1298	51955	88	89	0	0	*	2
1299	51995	89	87	0	0	*	2
1300	52035	90	85	0	0	*	2
1301	52075	90	83	0	0	*	2
1302	52115	91	80	0	0	*	2
1303	52155	91	79	0	0	*	2
1304	52195	92	77	0	0	*	2
1305	52235	92	75	0	0	*	2
1306	52275	93	73	0	0	*	2
1307	52315	92	79	0	0	*	2
1308	52355	94	69	0	0	*	2
1309	52395	94	66	0	0	*	2
1310	52435	95	64	0	0	*	2
1311	52475	94	70	0	0	*	2
1312	52515	96	60	0	0	*	2
1313	52555	96	58	0	0	*	2
1314	52595	97	56	0	0	*	2
1315	52635	97	53	0	0	*	2
1316	52675	97	51	0	0	*	2
1317	52715	97	49	0	0	*	2
1318	52755	97	56	0	0	*	2
1319	52795	97	54	0	0	*	2
1320	52835	99	43	0	0	*	2
1321	52875	99	40	0	0	*	2
1322	52915	100	38	0	0	*	2
1323	52955	97	56	0	0	*	2
1324	52995	100	34	0	0	*	2
1325	53035	101	32	0	0	*	2
1326	53075	101	30	0	0	*	2
1327	53115	102	27	0	0	*	2
1328	53155	102	25	0	0	*	2
1329	53195	103	23	0	0	*	2
1330	53235	103	22	0	0	*	2
1331	53275	104	20	0	0	*	2
1332	53315	105	18	0	0	*	2
1333	53355	106	15	0	0	*	2
1334	53395	106	13	0	0	*	2
1335	53435	107	11	0	0	*	2
1336	53475	107	9	0	0	*	2
1337	53515	108	8	0	0	*	2
1338	53555	107	11	0	0	*	2
1339	53595	109	5	0	0	*	2
1340	53635	109	4	0	0	*	2
1341	53675	110	4	0	0	*	2
1342	53715	111	3	0	0	*	2
1343	53755	113	3	0	0	*	2
1344	53795	115	3	0	0	*	2
1345	53835	117	4	0	0	*	2
1346	53875	119	5	0	0	*	2
1347	53915	120	6	0	0	*	2
1348	53955	121	6	0	0	*	2
1349	53995	123	6	0	0	*	2
1350	54035	124	6	0	0	*	2
1351	54075	125	6	0	0	*	2
1352	54115	126	6	0	0	*	2
1353	54155	127	5	0	0	*	2
1354	54195	129	5	0	0	*	2
1355	54235	130	4	0	0	*	2
1356	54275	131	3	0	0	*	2
1357	54315	132	3	0	0	*	2
1358	54355	133	3	0	0	*	2
1359	54395	134	3	0	0	*	2
1360	54435	135	3	0	0	*	2
1361	54475	136	3	0	0	*	2
1362	54515	138	3	0	0	*	2
1363	54555	139	3	0	0	*	2
1364	54595	141	3	0	0	*	2
1365	54635	142	3	0	0	*	2
1366	54675	144	4	0	0	*	2
1367	54715	140	6	0	0	*	2
1368	54755	141	6	0	0	*	2
1369	54795	142	6	0	0	*	2
1370	54835	149	5	0	0	*	2
1371	54875	151	6	0	0	*	2
1372	54915	152	6	0	0	*	2
1373	54955	147	6	0	0	*	2
1374	54995	148	7	0	0	*	2
1375	55035	149	7	0	0	*	2
1376	55075	151	7	0	0	*	2
1377	55115	152	7	0	0	*	2
1378	55155	161	9	0	0	*	2
1379	55195	155	8	0	0	*	2
1380	55235	157	8	0	0	*	2
1381	55275	158	8	0	0	*	2
1382	55315	159	9	0	0	*	2
1383	55355	161	9	0	0	*	2
1384	55395	171	12	0	0	*	2
1385	55435	164	10	0	0	*	2
1386	55475	166	11	0	0	*	2
1387	55515	167	11	0	0	*	2
1388	55555	178	16	0	0	*	2
1389	55595	179	17	0	0	*	2
1390	55635	163	9	0	0	*	2
1391	55675	174	14	0	0	*	2
1392	55715	183	21	0	0	*	2
1393	55755	169	10	0	0	*	2
1394	55795	171	11	0	0	*	2
1395	55835	172	12	0	0	*	2
1396	55875	174	12	0	0	*	2
1397	55915	176	13	0	0	*	2
1398	55955	178	14	0	0	*	2
1399	55995	179	15	0	0	*	2
1400	56035	181	16	0	0	*	2
1401	56075	182	17	0	0	*	2
1402	56115	184	18	0	0	*	2
1403	56155	185	19	0	0	*	2
1404	56195	187	20	0	0	*	2
1405	56235	188	21	0	0	*	2
1406	56275	189	23	0	0	*	2
1407	56315	197	43	0	0	*	2
1408	56355	198	44	0	0	*	2
1409	56395	198	46	0	0	*	2
1410	56435	199	47	0	0	*	2
1411	56475	198	48	0	0	*	2
1412	56515	199	50	0	0	*	2
1413	56555	199	52	0	0	*	2
1414	56595	199	54	0	0	*	2
1415	56635	200	56	0	0	*	2
1416	56675	199	58	0	0	*	2
1417	56715	199	60	0	0	*	2
1418	56755	199	61	0	1	*	2
1419	56795	199	63	0	1	*	2
1420	56835	199	65	0	1	*	2
1421	56875	199	66	0	1	*	2
1422	56915	199	68	0	1	*	2
1423	56955	198	70	0	0	*	2
1424	56995	198	71	0	0	*	2
1425	57035	198	73	0	0	*	2
1426	57075	197	75	0	0	*	2
1427	57115	197	77	0	0	*	2
1428	57155	197	78	0	0	*	2
1429	57195	195	81	0	0	*	2
1430	57235	195	82	0	0	*	2
1431	57275	194	83	0	0	*	2
1432	57315	194	85	0	0	*	2
1433	57355	193	87	0	0	*	2
1434	57395	192	89	0	0	*	2
1435	57435	191	90	0	0	*	2
1436	57475	190	92	0	0	*	2
1437	57515	189	93	0	0	*	2
1438	57555	188	95	0	0	*	2
1439	57595	187	96	0	0	*	2
1440	57635	186	97	0	0	*	2
1441	57675	184	99	0	0	*	2
1442	57715	183	100	0	0	*	2
1443	57755	182	101	0	0	*	2
1444	57795	180	103	0	0	*	2
1445	57835	179	104	0	0	*	2
1446	57875	177	105	0	0	*	2
1447	57915	175	107	0	0	*	2
1448	57955	174	108	0	0	*	2
1449	57995	173	108	0	0	*	2
1450	58035	171	110	0	0	*	2
1451	58075	171	110	0	0	*	2
1452	58115	169	112	0	0	*	2
1453	58155	168	113	0	0	*	2
1454	58195	166	116	0	0	*	2
1455	58235	165	116	0	0	*	2
1456	58275	164	117	0	0	*	2
1457	58315	163	119	0	0	*	2
1458	58355	161	120	0	0	*	2
1459	58395	160	121	0	0	*	2
1460	58435	159	123	0	0	*	2
1461	58475	158	124	0	0	*	2
1462	58515	157	125	0	0	*	2
1463	58555	156	127	0	0	*	2
1464	58595	154	128	0	0	*	2
1465	58635	153	129	0	0	*	2
1466	58675	152	131	0	0	*	2
1467	58715	150	132	0	0	*	2
1468	58755	149	133	0	0	*	2
1469	58795	147	134	0	0	*	2
1470	58835	145	135	0	0	*	2
1471	58875	144	136	0	0	*	2
1472	58915	142	138	0	0	*	2
1473	58955	140	139	0	0	*	2
1474	58995	139	139	0	0	*	2
1475	59035	137	141	0	0	*	2
1476	59075	135	141	0	0	*	2
1477	59115	134	142	0	0	*	2
1478	59155	132	143	0	0	*	2
1479	59195	130	145	0	0	*	2
1480	59235	128	145	0	0	*	2
1481	59275	126	146	0	0	*	2
1482	59315	124	147	0	0	*	2
1483	59355	122	148	0	0	*	2
1484	59395	121	149	0	0	*	2
1485	59435	118	150	0	0	*	2
1486	59475	116	151	0	0	*	2
1487	59515	114	152	0	0	*	2
1488	59555	112	153	0	0	*	2
1489	59595	110	154	0	0	*	2
1490	59635	108	155	0	0	*	2
1491	59675	123	147	0	0	*	2
1492	59715	105	157	0	0	*	2
1493	59755	102	158	0	0	*	2
1494	59795	117	150	0	0	*	2
1495	59835	115	151	0	0	*	2
1496	59875	97	161	0	0	*	2
1497	59915	95	162	0	0	*	2
1498	59955	93	163	0	0	*	2
1499	59995	91	164	0	0	*	2
1500	60035	88	165	0	0	*	2
1501	60075	86	166	0	0	*	2
1502	60115	85	167	0	0	*	2
1503	60155	83	169	0	0	*	2
1504	60195	81	170	0	0	*	2
1505	60235	80	171	0	0	*	2
1506	60275	78	172	0	0	*	2
1507	60315	75	173	0	0	*	2
1508	60355	74	174	0	0	*	2
1509	60395	72	175	0	0	*	2
1510	60435	70	176	0	0	*	2
1511	60475	69	177	0	0	*	2
1512	60515	67	178	0	0	*	2
1513	60555	65	179	0	0	*	2
1514	60595	63	179	0	0	*	2
1515	60635	68	176	0	0	*	2
1516	60675	66	177	0	0	*	2
1517	60715	58	182	0	0	*	2
1518	60755	56	183	0	0	*	2
1519	60795	54	184	0	0	*	2
1520	60835	52	184	0	0	*	2
1521	60875	54	183	0	0	*	2
1522	60915	54	183	0	0	*	2
1523	60955	52	183	0	0	*	2
1524	60995	50	185	0	0	*	2
1525	61035	48	185	0	0	*	2
1526	61075	40	188	0	0	*	2
1527	61115	38	188	0	0	*	2
1528	61155	36	189	0	0	*	2
1529	61195	41	187	0	0	*	2
1530	61235	40	187	0	0	*	2
1531	61275	36	189	0	0	*	2
1532	61315	34	190	0	0	*	2
1533	61355	33	190	0	0	*	2
1534	61395	32	190	0	0	*	2
1535	61435	31	190	0	0	*	2
1536	61475	30	191	0	0	*	2
1537	61515	29	191	0	0	*	2
1538	61555	27	191	0	0	*	2
1539	61595	27	191	0	0	*	2
1540	61635	27	191	0	0	*	2
1541	61675	27	191	0	0	*	2
1542	61715	26	191	0	0	*	2
1543	61755	26	190	0	0	*	2
1544	61795	26	190	0	0	*	2
1545	61835	27	190	0	0	*	2
1546	61875	27	189	0	0	*	2
1547	61915	27	188	0	0	*	2
1548	61955	26	188	0	0	*	2
1549	61995	26	187	0	0	*	2
1550	62035	25	187	0	0	*	2
1551	62075	26	187	0	0	*	2
1552	62115	26	187	0	0	*	2
1553	62155	25	186	0	0	*	2
1554	62195	25	186	0	0	*	2
1555	62235	24	186	0	0	*	2
1556	62275	24	185	0	0	*	2
1557	62315	24	185	0	0	*	2
1558	62355	23	185	0	0	*	2
1559	62395	23	185	0	0	*	2
1560	62435	22	185	0	0	*	2
1561	62475	22	185	0	0	*	2
1562	62515	22	184	0	0	*	2
1563	62555	21	184	0	0	*	2
1564	62595	21	184	0	0	*	2
1565	62635	21	184	0	0	*	2
1566	62675	20	183	0	0	*	2
1567	62715	20	183	0	0	*	2
1568	62755	20	183	0	0	*	2
1569	62795	20	183	0	0	*	2
1570	62835	20	182	0	0	*	2
1571	62875	20	183	0	0	*	2
1572	62915	21	183	0	0	*	2
1573	62955	22	183	0	0	*	2
1574	62995	22	183	0	0	*	2
