%%BEGIN_HEADER
	%%BEGIN DATABASE_INFORMATION
		%Date.0 ( 30.9.2019 )
		%Time.0 ( 14:45 )
	%%END DATABASE_INFORMATION
	%%BEGIN SETUP_INFORMATION
		%TrackerVersion.0 ( Tracker version 2.38 release 12.8.2012 )
		%ElapsedTime_ms.0 ( 60473 )
		%Paradigm.0 ( PlacePreference )
		%FeederParameters.0 ( 1500 0 )
			// %FeederParameters.0 ( ENTRANCE_LATENCY EXIT_LATENCY )
		%ElapsedPath_m.0 ( 0.00 )
		%ArenaDiameter_m.0 ( 1.80 )
		%TrackerResolution_PixPerCM.0 ( 1.4222 )
		%ArenaCenterXY.0 ( 127.5 127.5 )
		%Frame.0 ( RoomFrame )
		%ReinforcedSector.0 ( 127.5000 216.7500 7 )
			//%ReinforcedSector.0 ( CENTER_X CENTER_Y RADIUS )
		%RoomTrackReinforcedSector.0 ( 127.5000 216.7500 7 )
			//%RoomTrackReinforcedSector.0 ( CENTER_X CENTER_Y RADIUS )
	%%END SETUP_INFORMATION
	%%BEGIN RECORD_FORMAT
		%Sample.0 ( FrameCount 1msTimeStamp RoomX RoomY Sectors State Flags FrameInfo )
			//Sectors indicate if the object is in a target. Number is binary coded. Sectors = 0: no target, Sectors = 1: room target, Sectors: = 2 arena target, Sectors: = 3 room and arena target
			////State indicates the Watermaze State: OutsideTarget = 0, EntranceLatency = 1, InsideTarget = 3, OutsideRefractory = 4, BadSpot = 5
			//FrameInfo indicates succesfuly tracked spots: ReferencePoint * 2^0 + Spot0 * 2^(1+0) + Spot1 * 2^(1+1) + Spot2 * 2^(1+2) .... 
	%%END RECORD_FORMAT
%%END_HEADER
1	73	247	139	0	0	*	2
2	113	247	139	0	0	*	2
3	153	247	139	0	0	*	2
4	193	247	139	0	0	*	2
5	233	245	139	0	0	*	2
6	273	247	139	0	0	*	2
7	313	246	139	0	0	*	2
8	353	245	138	0	0	*	2
9	393	244	138	0	0	*	2
10	433	244	138	0	0	*	2
11	473	244	138	0	0	*	2
12	513	244	137	0	0	*	2
13	553	245	137	0	0	*	2
14	593	246	137	0	0	*	2
15	633	246	138	0	0	*	2
16	673	246	139	0	0	*	2
17	713	246	140	0	0	*	2
18	753	246	140	0	0	*	2
19	793	246	141	0	0	*	2
20	833	247	142	0	0	*	2
21	873	247	142	0	0	*	2
22	913	244	141	0	0	*	2
23	953	243	141	0	0	*	2
24	993	242	142	0	0	*	2
25	1033	241	142	0	0	*	2
26	1073	239	142	0	0	*	2
27	1113	238	141	0	0	*	2
28	1153	238	140	0	0	*	2
29	1193	235	139	0	0	*	2
30	1233	234	138	0	0	*	2
31	1273	232	136	0	0	*	2
32	1313	231	135	0	0	*	2
33	1353	231	133	0	0	*	2
34	1393	229	130	0	0	*	2
35	1433	228	128	0	0	*	2
36	1473	228	126	0	0	*	2
37	1513	227	125	0	0	*	2
38	1553	224	120	0	0	*	2
39	1593	223	118	0	0	*	2
40	1633	221	116	0	0	*	2
41	1673	220	113	0	0	*	2
42	1713	219	110	0	0	*	2
43	1753	219	107	0	0	*	2
44	1793	218	104	0	0	*	2
45	1833	217	102	0	0	*	2
46	1873	217	99	0	0	*	2
47	1913	216	96	0	0	*	2
48	1953	216	93	0	0	*	2
49	1993	215	91	0	0	*	2
50	2033	215	88	0	0	*	2
51	2073	215	85	0	0	*	2
52	2113	215	82	0	0	*	2
53	2153	215	79	0	0	*	2
54	2193	215	76	0	0	*	2
55	2233	215	73	0	0	*	2
56	2273	215	70	0	0	*	2
57	2313	215	67	0	0	*	2
58	2353	216	64	0	0	*	2
59	2393	216	61	0	0	*	2
60	2433	217	58	0	0	*	2
61	2473	219	56	0	0	*	2
62	2513	219	55	0	0	*	2
63	2553	221	52	0	0	*	2
64	2593	221	52	0	0	*	2
65	2633	222	51	0	0	*	2
66	2673	223	50	0	0	*	2
67	2713	223	50	0	0	*	2
68	2753	224	51	0	0	*	2
69	2793	224	52	0	0	*	2
70	2833	224	52	0	0	*	2
71	2873	224	52	0	0	*	2
72	2913	224	53	0	0	*	2
73	2953	225	53	0	0	*	2
74	2993	226	54	0	0	*	2
75	3033	226	55	0	0	*	2
76	3073	227	56	0	0	*	2
77	3113	227	58	0	0	*	2
78	3153	228	59	0	0	*	2
79	3193	229	60	0	0	*	2
80	3233	230	61	0	0	*	2
81	3273	231	62	0	0	*	2
82	3313	231	62	0	0	*	2
83	3353	232	64	0	0	*	2
84	3393	233	66	0	0	*	2
85	3433	234	68	0	0	*	2
86	3473	235	69	0	0	*	2
87	3513	236	71	0	0	*	2
88	3553	237	73	0	0	*	2
89	3593	238	75	0	0	*	2
90	3633	239	77	0	0	*	2
91	3673	240	79	0	0	*	2
92	3713	241	80	0	0	*	2
93	3753	241	83	0	0	*	2
94	3793	242	86	0	0	*	2
95	3833	243	89	0	0	*	2
96	3873	244	92	0	0	*	2
97	3913	245	93	0	0	*	2
98	3953	246	97	0	0	*	2
99	3993	247	99	0	0	*	2
100	4033	247	102	0	0	*	2
101	4073	248	105	0	0	*	2
102	4113	249	108	0	0	*	2
103	4153	249	111	0	0	*	2
104	4193	249	115	0	0	*	2
105	4233	249	118	0	0	*	2
106	4273	250	121	0	0	*	2
107	4313	250	124	0	0	*	2
108	4353	250	128	0	0	*	2
109	4393	250	131	0	0	*	2
110	4433	250	134	0	0	*	2
111	4473	249	138	0	0	*	2
112	4513	249	140	0	0	*	2
113	4553	249	144	0	0	*	2
114	4593	248	147	0	0	*	2
115	4633	247	150	0	0	*	2
116	4673	247	155	0	0	*	2
117	4713	246	157	0	0	*	2
118	4753	245	160	0	0	*	2
119	4793	244	163	0	0	*	2
120	4833	243	166	0	0	*	2
121	4873	242	170	0	0	*	2
122	4913	241	173	0	0	*	2
123	4953	240	175	0	0	*	2
124	4993	238	178	0	0	*	2
125	5033	236	181	0	0	*	2
126	5073	235	185	0	0	*	2
127	5113	233	187	0	0	*	2
128	5153	232	189	0	0	*	2
129	5193	230	192	0	0	*	2
130	5233	228	195	0	0	*	2
131	5273	226	198	0	0	*	2
132	5313	224	201	0	0	*	2
133	5353	222	203	0	0	*	2
134	5393	220	205	0	0	*	2
135	5433	218	208	0	0	*	2
136	5473	215	210	0	0	*	2
137	5513	213	213	0	0	*	2
138	5553	211	215	0	0	*	2
139	5593	208	217	0	0	*	2
140	5633	206	219	0	0	*	2
141	5673	204	221	0	0	*	2
142	5713	201	223	0	0	*	2
143	5753	198	226	0	0	*	2
144	5793	196	227	0	0	*	2
145	5833	194	229	0	0	*	2
146	5873	190	231	0	0	*	2
147	5913	188	232	0	0	*	2
148	5953	184	233	0	0	*	2
149	5993	182	235	0	0	*	2
150	6033	179	236	0	0	*	2
151	6073	176	238	0	0	*	2
152	6113	173	239	0	0	*	2
153	6153	170	240	0	0	*	2
154	6193	167	241	0	0	*	2
155	6233	164	242	0	0	*	2
156	6273	161	242	0	0	*	2
157	6313	158	243	0	0	*	2
158	6353	155	244	0	0	*	2
159	6393	152	245	0	0	*	2
160	6433	148	245	0	0	*	2
161	6473	145	246	0	0	*	2
162	6513	142	246	0	0	*	2
163	6553	138	247	0	0	*	2
164	6593	135	247	0	0	*	2
165	6633	133	247	0	0	*	2
166	6673	129	247	0	0	*	2
167	6713	126	247	0	0	*	2
168	6753	122	247	0	0	*	2
169	6793	119	247	0	0	*	2
170	6833	116	246	0	0	*	2
171	6873	109	246	0	0	*	2
172	6913	106	246	0	0	*	2
173	6953	103	245	0	0	*	2
174	6993	102	245	0	0	*	2
175	7033	100	244	0	0	*	2
176	7073	97	243	0	0	*	2
177	7113	93	243	0	0	*	2
178	7153	90	242	0	0	*	2
179	7193	87	241	0	0	*	2
180	7233	85	240	0	0	*	2
181	7273	82	239	0	0	*	2
182	7313	79	237	0	0	*	2
183	7353	76	236	0	0	*	2
184	7393	74	235	0	0	*	2
185	7433	71	233	0	0	*	2
186	7473	68	232	0	0	*	2
187	7513	66	231	0	0	*	2
188	7553	62	229	0	0	*	2
189	7593	60	227	0	0	*	2
190	7633	58	226	0	0	*	2
191	7673	55	223	0	0	*	2
192	7713	52	221	0	0	*	2
193	7753	50	219	0	0	*	2
194	7793	48	217	0	0	*	2
195	7833	46	215	0	0	*	2
196	7873	43	213	0	0	*	2
197	7913	41	210	0	0	*	2
198	7953	38	209	0	0	*	2
199	7993	36	206	0	0	*	2
200	8033	34	204	0	0	*	2
201	8073	32	202	0	0	*	2
202	8113	29	199	0	0	*	2
203	8153	28	196	0	0	*	2
204	8193	26	194	0	0	*	2
205	8233	24	191	0	0	*	2
206	8273	23	188	0	0	*	2
207	8313	22	187	0	0	*	2
208	8353	20	184	0	0	*	2
209	8393	18	181	0	0	*	2
210	8433	17	178	0	0	*	2
211	8473	15	174	0	0	*	2
212	8513	14	173	0	0	*	2
213	8553	13	170	0	0	*	2
214	8593	12	167	0	0	*	2
215	8633	12	164	0	0	*	2
216	8673	11	162	0	0	*	2
217	8713	10	159	0	0	*	2
218	8753	9	157	0	0	*	2
219	8793	8	154	0	0	*	2
220	8833	8	151	0	0	*	2
221	8873	7	148	0	0	*	2
222	8913	6	145	0	0	*	2
223	8953	6	143	0	0	*	2
224	8993	6	139	0	0	*	2
225	9033	5	137	0	0	*	2
226	9073	5	131	0	0	*	2
227	9113	5	131	0	0	*	2
228	9153	5	129	0	0	*	2
229	9193	5	126	0	0	*	2
230	9233	5	123	0	0	*	2
231	9273	5	119	0	0	*	2
232	9313	6	115	0	0	*	2
233	9353	6	113	0	0	*	2
234	9393	6	111	0	0	*	2
235	9433	6	108	0	0	*	2
236	9473	6	106	0	0	*	2
237	9513	7	101	0	0	*	2
238	9553	8	99	0	0	*	2
239	9593	9	95	0	0	*	2
240	9633	9	93	0	0	*	2
241	9673	10	91	0	0	*	2
242	9713	11	89	0	0	*	2
243	9753	11	87	0	0	*	2
244	9793	12	84	0	0	*	2
245	9833	13	81	0	0	*	2
246	9873	14	78	0	0	*	2
247	9913	16	75	0	0	*	2
248	9953	17	72	0	0	*	2
249	9993	18	70	0	0	*	2
250	10033	19	68	0	0	*	2
251	10073	21	65	0	0	*	2
252	10113	22	63	0	0	*	2
253	10153	24	60	0	0	*	2
254	10193	25	57	0	0	*	2
255	10233	26	56	0	0	*	2
256	10273	28	53	0	0	*	2
257	10313	32	48	0	0	*	2
258	10353	32	48	0	0	*	2
259	10393	35	45	0	0	*	2
260	10433	36	44	0	0	*	2
261	10473	39	41	0	0	*	2
262	10513	41	39	0	0	*	2
263	10553	43	37	0	0	*	2
264	10593	45	35	0	0	*	2
265	10633	47	33	0	0	*	2
266	10673	49	31	0	0	*	2
267	10713	50	30	0	0	*	2
268	10753	53	28	0	0	*	2
269	10793	56	26	0	0	*	2
270	10833	59	24	0	0	*	2
271	10873	61	22	0	0	*	2
272	10913	63	21	0	0	*	2
273	10953	65	20	0	0	*	2
274	10993	69	18	0	0	*	2
275	11033	72	16	0	0	*	2
276	11073	74	15	0	0	*	2
277	11113	78	13	0	0	*	2
278	11153	80	13	0	0	*	2
279	11193	83	11	0	0	*	2
280	11233	86	10	0	0	*	2
281	11273	89	9	0	0	*	2
282	11313	92	8	0	0	*	2
283	11353	95	7	0	0	*	2
284	11393	98	6	0	0	*	2
285	11433	101	6	0	0	*	2
286	11473	104	5	0	0	*	2
287	11513	107	5	0	0	*	2
288	11553	110	4	0	0	*	2
289	11593	113	4	0	0	*	2
290	11633	116	3	0	0	*	2
291	11673	119	3	0	0	*	2
292	11713	122	3	0	0	*	2
293	11753	125	3	0	0	*	2
294	11793	128	3	0	0	*	2
295	11833	131	3	0	0	*	2
296	11873	134	3	0	0	*	2
297	11913	137	3	0	0	*	2
298	11953	140	4	0	0	*	2
299	11993	143	4	0	0	*	2
300	12033	146	4	0	0	*	2
301	12073	148	5	0	0	*	2
302	12113	151	5	0	0	*	2
303	12153	155	6	0	0	*	2
304	12193	157	7	0	0	*	2
305	12233	160	7	0	0	*	2
306	12273	163	8	0	0	*	2
307	12313	166	9	0	0	*	2
308	12353	169	10	0	0	*	2
309	12393	171	11	0	0	*	2
310	12433	174	12	0	0	*	2
311	12473	177	14	0	0	*	2
312	12513	179	15	0	0	*	2
313	12553	182	16	0	0	*	2
314	12593	185	18	0	0	*	2
315	12633	187	19	0	0	*	2
316	12673	190	20	0	0	*	2
317	12713	192	22	0	0	*	2
318	12753	194	23	0	0	*	2
319	12793	196	24	0	0	*	2
320	12833	199	26	0	0	*	2
321	12873	201	28	0	0	*	2
322	12913	203	29	0	0	*	2
323	12953	206	31	0	0	*	2
324	12993	208	33	0	0	*	2
325	13033	210	35	0	0	*	2
326	13073	213	38	0	0	*	2
327	13113	214	40	0	0	*	2
328	13153	216	42	0	0	*	2
329	13193	218	44	0	0	*	2
330	13233	219	46	0	0	*	2
331	13273	222	48	0	0	*	2
332	13313	224	51	0	0	*	2
333	13353	226	53	0	0	*	2
334	13393	228	55	0	0	*	2
335	13433	230	58	0	0	*	2
336	13473	231	60	0	0	*	2
337	13513	232	63	0	0	*	2
338	13553	234	65	0	0	*	2
339	13593	235	68	0	0	*	2
340	13633	237	70	0	0	*	2
341	13673	238	73	0	0	*	2
342	13713	240	75	0	0	*	2
343	13753	241	78	0	0	*	2
344	13793	242	81	0	0	*	2
345	13833	243	83	0	0	*	2
346	13873	243	86	0	0	*	2
347	13913	244	88	0	0	*	2
348	13953	245	91	0	0	*	2
349	13993	246	94	0	0	*	2
350	14033	247	96	0	0	*	2
351	14073	248	99	0	0	*	2
352	14113	248	102	0	0	*	2
353	14153	249	104	0	0	*	2
354	14193	249	107	0	0	*	2
355	14233	249	110	0	0	*	2
356	14273	250	113	0	0	*	2
357	14313	250	116	0	0	*	2
358	14353	250	118	0	0	*	2
359	14393	250	121	0	0	*	2
360	14433	250	124	0	0	*	2
361	14473	250	128	0	0	*	2
362	14513	250	130	0	0	*	2
363	14553	250	133	0	0	*	2
364	14593	250	136	0	0	*	2
365	14633	249	139	0	0	*	2
366	14673	249	141	0	0	*	2
367	14713	249	144	0	0	*	2
368	14753	248	147	0	0	*	2
369	14793	248	150	0	0	*	2
370	14833	247	152	0	0	*	2
371	14873	247	155	0	0	*	2
372	14913	246	158	0	0	*	2
373	14953	245	161	0	0	*	2
374	14993	244	163	0	0	*	2
375	15033	243	165	0	0	*	2
376	15073	243	168	0	0	*	2
377	15113	242	171	0	0	*	2
378	15153	241	173	0	0	*	2
379	15193	239	176	0	0	*	2
380	15233	238	178	0	0	*	2
381	15273	237	181	0	0	*	2
382	15313	236	183	0	0	*	2
383	15353	235	185	0	0	*	2
384	15393	233	187	0	0	*	2
385	15433	231	190	0	0	*	2
386	15473	230	192	0	0	*	2
387	15513	229	194	0	0	*	2
388	15553	227	197	0	0	*	2
389	15593	225	199	0	0	*	2
390	15633	224	201	0	0	*	2
391	15673	221	204	0	0	*	2
392	15713	220	206	0	0	*	2
393	15753	218	208	0	0	*	2
394	15793	216	209	0	0	*	2
395	15833	214	211	0	0	*	2
396	15873	212	213	0	0	*	2
397	15913	210	216	0	0	*	2
398	15953	208	217	0	0	*	2
399	15993	206	219	0	0	*	2
400	16033	204	221	0	0	*	2
401	16073	202	223	0	0	*	2
402	16113	199	225	0	0	*	2
403	16153	196	227	0	0	*	2
404	16193	194	228	0	0	*	2
405	16233	192	230	0	0	*	2
406	16273	189	232	0	0	*	2
407	16313	187	232	0	0	*	2
408	16353	184	234	0	0	*	2
409	16393	181	235	0	0	*	2
410	16433	179	236	0	0	*	2
411	16473	176	238	0	0	*	2
412	16513	173	239	0	0	*	2
413	16553	170	240	0	0	*	2
414	16593	168	241	0	0	*	2
415	16633	165	242	0	0	*	2
416	16673	162	242	0	0	*	2
417	16713	159	243	0	0	*	2
418	16753	157	244	0	0	*	2
419	16793	154	245	0	0	*	2
420	16833	151	245	0	0	*	2
421	16873	148	246	0	0	*	2
422	16913	146	246	0	0	*	2
423	16953	142	246	0	0	*	2
424	16993	140	247	0	0	*	2
425	17033	137	247	0	0	*	2
426	17073	134	247	0	0	*	2
427	17113	131	247	0	0	*	2
428	17153	128	247	0	0	*	2
429	17193	124	247	0	0	*	2
430	17233	121	247	0	0	*	2
431	17273	118	247	0	0	*	2
432	17313	115	246	0	0	*	2
433	17353	112	246	0	0	*	2
434	17393	110	246	0	0	*	2
435	17433	107	245	0	0	*	2
436	17473	104	245	0	0	*	2
437	17513	100	244	0	0	*	2
438	17553	97	244	0	0	*	2
439	17593	95	243	0	0	*	2
440	17633	91	242	0	0	*	2
441	17673	88	241	0	0	*	2
442	17713	86	240	0	0	*	2
443	17753	83	239	0	0	*	2
444	17793	80	238	0	0	*	2
445	17833	78	237	0	0	*	2
446	17873	74	235	0	0	*	2
447	17913	72	234	0	0	*	2
448	17953	69	233	0	0	*	2
449	17993	66	231	0	0	*	2
450	18033	63	230	0	0	*	2
451	18073	61	228	0	0	*	2
452	18113	58	226	0	0	*	2
453	18153	56	224	0	0	*	2
454	18193	54	223	0	0	*	2
455	18233	51	220	0	0	*	2
456	18273	49	218	0	0	*	2
457	18313	46	216	0	0	*	2
458	18353	44	214	0	0	*	2
459	18393	41	212	0	0	*	2
460	18433	40	210	0	0	*	2
461	18473	37	208	0	0	*	2
462	18513	35	205	0	0	*	2
463	18553	33	203	0	0	*	2
464	18593	30	200	0	0	*	2
465	18633	29	198	0	0	*	2
466	18673	27	196	0	0	*	2
467	18713	25	193	0	0	*	2
468	18753	24	191	0	0	*	2
469	18793	22	188	0	0	*	2
470	18833	21	185	0	0	*	2
471	18873	20	184	0	0	*	2
472	18913	18	181	0	0	*	2
473	18953	17	178	0	0	*	2
474	18993	16	175	0	0	*	2
475	19033	15	174	0	0	*	2
476	19073	14	171	0	0	*	2
477	19113	13	169	0	0	*	2
478	19153	12	166	0	0	*	2
479	19193	11	163	0	0	*	2
480	19233	10	160	0	0	*	2
481	19273	9	157	0	0	*	2
482	19313	9	155	0	0	*	2
483	19353	8	152	0	0	*	2
484	19393	7	149	0	0	*	2
485	19433	7	147	0	0	*	2
486	19473	6	145	0	0	*	2
487	19513	5	140	0	0	*	2
488	19553	5	138	0	0	*	2
489	19593	5	136	0	0	*	2
490	19633	5	133	0	0	*	2
491	19673	5	131	0	0	*	2
492	19713	5	127	0	0	*	2
493	19753	5	123	0	0	*	2
494	19793	5	120	0	0	*	2
495	19833	5	117	0	0	*	2
496	19873	5	116	0	0	*	2
497	19913	6	112	0	0	*	2
498	19953	6	108	0	0	*	2
499	19993	6	106	0	0	*	2
500	20033	7	102	0	0	*	2
501	20073	7	100	0	0	*	2
502	20113	8	97	0	0	*	2
503	20153	9	93	0	0	*	2
504	20193	10	91	0	0	*	2
505	20233	11	88	0	0	*	2
506	20273	12	86	0	0	*	2
507	20313	12	84	0	0	*	2
508	20353	13	81	0	0	*	2
509	20393	14	77	0	0	*	2
510	20433	15	75	0	0	*	2
511	20473	17	73	0	0	*	2
512	20513	18	70	0	0	*	2
513	20553	19	68	0	0	*	2
514	20593	20	66	0	0	*	2
515	20633	22	63	0	0	*	2
516	20673	24	59	0	0	*	2
517	20713	26	57	0	0	*	2
518	20753	28	54	0	0	*	2
519	20793	29	52	0	0	*	2
520	20833	31	50	0	0	*	2
521	20873	33	47	0	0	*	2
522	20913	35	45	0	0	*	2
523	20953	37	43	0	0	*	2
524	20993	39	40	0	0	*	2
525	21033	41	38	0	0	*	2
526	21073	44	35	0	0	*	2
527	21113	47	33	0	0	*	2
528	21153	50	30	0	0	*	2
529	21193	51	29	0	0	*	2
530	21233	54	27	0	0	*	2
531	21273	56	25	0	0	*	2
532	21313	59	23	0	0	*	2
533	21353	61	22	0	0	*	2
534	21393	65	20	0	0	*	2
535	21433	67	19	0	0	*	2
536	21473	70	17	0	0	*	2
537	21513	73	16	0	0	*	2
538	21553	75	14	0	0	*	2
539	21593	77	14	0	0	*	2
540	21633	81	12	0	0	*	2
541	21673	84	11	0	0	*	2
542	21713	87	10	0	0	*	2
543	21753	90	9	0	0	*	2
544	21793	93	8	0	0	*	2
545	21833	95	7	0	0	*	2
546	21873	98	7	0	0	*	2
547	21913	101	6	0	0	*	2
548	21953	104	5	0	0	*	2
549	21993	107	5	0	0	*	2
550	22033	109	4	0	0	*	2
551	22073	112	4	0	0	*	2
552	22113	115	3	0	0	*	2
553	22153	118	3	0	0	*	2
554	22193	121	3	0	0	*	2
555	22233	123	3	0	0	*	2
556	22273	126	3	0	0	*	2
557	22313	129	3	0	0	*	2
558	22353	132	3	0	0	*	2
559	22393	134	3	0	0	*	2
560	22433	137	3	0	0	*	2
561	22473	140	3	0	0	*	2
562	22513	143	4	0	0	*	2
563	22553	146	4	0	0	*	2
564	22593	148	5	0	0	*	2
565	22633	151	5	0	0	*	2
566	22673	154	6	0	0	*	2
567	22713	156	6	0	0	*	2
568	22753	159	7	0	0	*	2
569	22793	161	8	0	0	*	2
570	22833	164	9	0	0	*	2
571	22873	167	10	0	0	*	2
572	22913	170	10	0	0	*	2
573	22953	172	11	0	0	*	2
574	22993	175	13	0	0	*	2
575	23033	178	14	0	0	*	2
576	23073	180	15	0	0	*	2
577	23113	183	16	0	0	*	2
578	23153	185	17	0	0	*	2
579	23193	187	19	0	0	*	2
580	23233	190	20	0	0	*	2
581	23273	192	22	0	0	*	2
582	23313	194	23	0	0	*	2
583	23353	196	24	0	0	*	2
584	23393	198	25	0	0	*	2
585	23433	200	27	0	0	*	2
586	23473	202	28	0	0	*	2
587	23513	204	30	0	0	*	2
588	23553	205	31	0	0	*	2
589	23593	208	34	0	0	*	2
590	23633	210	36	0	0	*	2
591	23673	212	38	0	0	*	2
592	23713	214	39	0	0	*	2
593	23753	216	41	0	0	*	2
594	23793	218	43	0	0	*	2
595	23833	219	45	0	0	*	2
596	23873	221	47	0	0	*	2
597	23913	223	49	0	0	*	2
598	23953	225	52	0	0	*	2
599	23993	227	54	0	0	*	2
600	24033	228	56	0	0	*	2
601	24073	230	58	0	0	*	2
602	24113	231	61	0	0	*	2
603	24153	233	63	0	0	*	2
604	24193	234	65	0	0	*	2
605	24233	235	68	0	0	*	2
606	24273	237	70	0	0	*	2
607	24313	238	73	0	0	*	2
608	24353	239	75	0	0	*	2
609	24393	241	77	0	0	*	2
610	24433	241	79	0	0	*	2
611	24473	242	82	0	0	*	2
612	24513	243	84	0	0	*	2
613	24553	244	86	0	0	*	2
614	24593	245	90	0	0	*	2
615	24633	246	92	0	0	*	2
616	24673	247	94	0	0	*	2
617	24713	247	98	0	0	*	2
618	24753	248	100	0	0	*	2
619	24793	248	102	0	0	*	2
620	24833	249	106	0	0	*	2
621	24873	249	108	0	0	*	2
622	24913	250	111	0	0	*	2
623	24953	250	114	0	0	*	2
624	24993	250	117	0	0	*	2
625	25033	251	119	0	0	*	2
626	25073	251	122	0	0	*	2
627	25113	250	126	0	0	*	2
628	25153	251	128	0	0	*	2
629	25193	250	131	0	0	*	2
630	25233	250	134	0	0	*	2
631	25273	250	137	0	0	*	2
632	25313	250	139	0	0	*	2
633	25353	249	142	0	0	*	2
634	25393	249	145	0	0	*	2
635	25433	248	147	0	0	*	2
636	25473	248	150	0	0	*	2
637	25513	247	153	0	0	*	2
638	25553	246	155	0	0	*	2
639	25593	246	158	0	0	*	2
640	25633	245	160	0	0	*	2
641	25673	244	162	0	0	*	2
642	25713	243	165	0	0	*	2
643	25753	243	168	0	0	*	2
644	25793	242	170	0	0	*	2
645	25833	241	173	0	0	*	2
646	25873	240	175	0	0	*	2
647	25913	239	177	0	0	*	2
648	25953	238	180	0	0	*	2
649	25993	236	183	0	0	*	2
650	26033	235	185	0	0	*	2
651	26073	234	186	0	0	*	2
652	26113	232	189	0	0	*	2
653	26153	231	192	0	0	*	2
654	26193	229	194	0	0	*	2
655	26233	228	197	0	0	*	2
656	26273	226	199	0	0	*	2
657	26313	225	200	0	0	*	2
658	26353	222	203	0	0	*	2
659	26393	220	205	0	0	*	2
660	26433	219	207	0	0	*	2
661	26473	217	209	0	0	*	2
662	26513	215	211	0	0	*	2
663	26553	213	213	0	0	*	2
664	26593	211	214	0	0	*	2
665	26633	209	216	0	0	*	2
666	26673	207	218	0	0	*	2
667	26713	206	220	0	0	*	2
668	26753	203	222	0	0	*	2
669	26793	202	223	0	0	*	2
670	26833	200	224	0	0	*	2
671	26873	197	226	0	0	*	2
672	26913	195	227	0	0	*	2
673	26953	194	228	0	0	*	2
674	26993	191	230	0	0	*	2
675	27033	189	231	0	0	*	2
676	27073	187	232	0	0	*	2
677	27113	184	234	0	0	*	2
678	27153	182	235	0	0	*	2
679	27193	180	236	0	0	*	2
680	27233	177	237	0	0	*	2
681	27273	175	238	0	0	*	2
682	27313	173	239	0	0	*	2
683	27353	170	240	0	0	*	2
684	27393	168	241	0	0	*	2
685	27433	166	241	0	0	*	2
686	27473	163	242	0	0	*	2
687	27513	160	243	0	0	*	2
688	27553	158	244	0	0	*	2
689	27593	155	244	0	0	*	2
690	27633	152	245	0	0	*	2
691	27673	150	245	0	0	*	2
692	27713	147	246	0	0	*	2
693	27753	144	246	0	0	*	2
694	27793	142	247	0	0	*	2
695	27833	139	247	0	0	*	2
696	27873	136	247	0	0	*	2
697	27913	134	247	0	0	*	2
698	27953	131	247	0	0	*	2
699	27993	127	248	0	0	*	2
700	28033	124	247	0	0	*	2
701	28073	122	247	0	0	*	2
702	28113	118	247	0	0	*	2
703	28153	115	247	0	0	*	2
704	28193	113	246	0	0	*	2
705	28233	110	246	0	0	*	2
706	28273	107	245	0	0	*	2
707	28313	104	245	0	0	*	2
708	28353	101	244	0	0	*	2
709	28393	98	244	0	0	*	2
710	28433	96	243	0	0	*	2
711	28473	92	243	0	0	*	2
712	28513	90	242	0	0	*	2
713	28553	87	241	0	0	*	2
714	28593	85	240	0	0	*	2
715	28633	82	239	0	0	*	2
716	28673	79	238	0	0	*	2
717	28713	77	237	0	0	*	2
718	28753	74	235	0	0	*	2
719	28793	73	234	0	0	*	2
720	28833	70	233	0	0	*	2
721	28873	67	232	0	0	*	2
722	28913	65	230	0	0	*	2
723	28953	63	229	0	0	*	2
724	28993	60	227	0	0	*	2
725	29033	58	226	0	0	*	2
726	29073	56	224	0	0	*	2
727	29113	53	222	0	0	*	2
728	29153	51	220	0	0	*	2
729	29193	49	219	0	0	*	2
730	29233	47	217	0	0	*	2
731	29273	45	215	0	0	*	2
732	29313	43	213	0	0	*	2
733	29353	40	211	0	0	*	2
734	29393	38	209	0	0	*	2
735	29433	37	207	0	0	*	2
736	29473	34	205	0	0	*	2
737	29513	33	203	0	0	*	2
738	29553	31	201	0	0	*	2
739	29593	29	198	0	0	*	2
740	29633	27	196	0	0	*	2
741	29673	25	193	0	0	*	2
742	29713	24	191	0	0	*	2
743	29753	23	189	0	0	*	2
744	29793	22	187	0	0	*	2
745	29833	20	185	0	0	*	2
746	29873	18	182	0	0	*	2
747	29913	17	179	0	0	*	2
748	29953	16	177	0	0	*	2
749	29993	15	175	0	0	*	2
750	30033	14	173	0	0	*	2
751	30073	13	170	0	0	*	2
752	30113	12	168	0	0	*	2
753	30153	12	166	0	0	*	2
754	30193	11	163	0	0	*	2
755	30233	10	160	0	0	*	2
756	30273	9	158	0	0	*	2
757	30313	9	156	0	0	*	2
758	30353	8	153	0	0	*	2
759	30393	8	151	0	0	*	2
760	30433	7	148	0	0	*	2
761	30473	6	145	0	0	*	2
762	30513	6	143	0	0	*	2
763	30553	6	140	0	0	*	2
764	30593	5	139	0	0	*	2
765	30633	5	136	0	0	*	2
766	30673	5	133	0	0	*	2
767	30713	5	130	0	0	*	2
768	30753	5	127	0	0	*	2
769	30793	5	125	0	0	*	2
770	30833	5	122	0	0	*	2
771	30873	5	119	0	0	*	2
772	30913	5	117	0	0	*	2
773	30953	5	114	0	0	*	2
774	30993	6	111	0	0	*	2
775	31033	6	108	0	0	*	2
776	31073	6	106	0	0	*	2
777	31113	7	103	0	0	*	2
778	31153	7	101	0	0	*	2
779	31193	8	98	0	0	*	2
780	31233	8	96	0	0	*	2
781	31273	9	93	0	0	*	2
782	31313	10	92	0	0	*	2
783	31353	11	89	0	0	*	2
784	31393	11	86	0	0	*	2
785	31433	12	84	0	0	*	2
786	31473	13	82	0	0	*	2
787	31513	14	79	0	0	*	2
788	31553	15	76	0	0	*	2
789	31593	16	74	0	0	*	2
790	31633	17	72	0	0	*	2
791	31673	17	71	0	0	*	2
792	31713	19	68	0	0	*	2
793	31753	20	66	0	0	*	2
794	31793	22	63	0	0	*	2
795	31833	24	60	0	0	*	2
796	31873	24	58	0	0	*	2
797	31913	26	56	0	0	*	2
798	31953	28	54	0	0	*	2
799	31993	29	52	0	0	*	2
800	32033	31	49	0	0	*	2
801	32073	34	46	0	0	*	2
802	32113	35	45	0	0	*	2
803	32153	36	43	0	0	*	2
804	32193	40	40	0	0	*	2
805	32233	40	40	0	0	*	2
806	32273	41	38	0	0	*	2
807	32313	44	35	0	0	*	2
808	32353	46	34	0	0	*	2
809	32393	48	32	0	0	*	2
810	32433	50	30	0	0	*	2
811	32473	53	28	0	0	*	2
812	32513	54	27	0	0	*	2
813	32553	57	25	0	0	*	2
814	32593	59	24	0	0	*	2
815	32633	61	23	0	0	*	2
816	32673	62	22	0	0	*	2
817	32713	65	20	0	0	*	2
818	32753	67	19	0	0	*	2
819	32793	70	18	0	0	*	2
820	32833	72	16	0	0	*	2
821	32873	75	15	0	0	*	2
822	32913	77	14	0	0	*	2
823	32953	78	13	0	0	*	2
824	32993	82	12	0	0	*	2
825	33033	84	11	0	0	*	2
826	33073	86	10	0	0	*	2
827	33113	88	9	0	0	*	2
828	33153	91	8	0	0	*	2
829	33193	93	8	0	0	*	2
830	33233	95	7	0	0	*	2
831	33273	97	6	0	0	*	2
832	33313	99	6	0	0	*	2
833	33353	102	6	0	0	*	2
834	33393	105	5	0	0	*	2
835	33433	107	5	0	0	*	2
836	33473	109	4	0	0	*	2
837	33513	110	4	0	0	*	2
838	33553	113	4	0	0	*	2
839	33593	115	4	0	0	*	2
840	33633	117	4	0	0	*	2
841	33673	119	4	0	0	*	2
842	33713	121	3	0	0	*	2
843	33753	124	3	0	0	*	2
844	33793	126	3	0	0	*	2
845	33833	128	3	0	0	*	2
846	33873	130	3	0	0	*	2
847	33913	132	3	0	0	*	2
848	33953	134	3	0	0	*	2
849	33993	136	3	0	0	*	2
850	34033	138	4	0	0	*	2
851	34073	140	4	0	0	*	2
852	34113	142	4	0	0	*	2
853	34153	144	4	0	0	*	2
854	34193	146	5	0	0	*	2
855	34233	148	5	0	0	*	2
856	34273	151	5	0	0	*	2
857	34313	153	6	0	0	*	2
858	34353	156	6	0	0	*	2
859	34393	157	7	0	0	*	2
860	34433	159	7	0	0	*	2
861	34473	161	8	0	0	*	2
862	34513	163	8	0	0	*	2
863	34553	165	9	0	0	*	2
864	34593	167	10	0	0	*	2
865	34633	169	11	0	0	*	2
866	34673	170	11	0	0	*	2
867	34713	172	12	0	0	*	2
868	34753	175	13	0	0	*	2
869	34793	177	14	0	0	*	2
870	34833	179	15	0	0	*	2
871	34873	182	16	0	0	*	2
872	34913	183	17	0	0	*	2
873	34953	185	18	0	0	*	2
874	34993	186	18	0	0	*	2
875	35033	189	20	0	0	*	2
876	35073	190	20	0	0	*	2
877	35113	192	22	0	0	*	2
878	35153	194	23	0	0	*	2
879	35193	196	24	0	0	*	2
880	35233	198	25	0	0	*	2
881	35273	199	26	0	0	*	2
882	35313	202	28	0	0	*	2
883	35353	203	28	0	0	*	2
884	35393	205	30	0	0	*	2
885	35433	206	31	0	0	*	2
886	35473	208	33	0	0	*	2
887	35513	209	34	0	0	*	2
888	35553	211	36	0	0	*	2
889	35593	213	37	0	0	*	2
890	35633	214	39	0	0	*	2
891	35673	216	41	0	0	*	2
892	35713	218	43	0	0	*	2
893	35753	219	44	0	0	*	2
894	35793	220	46	0	0	*	2
895	35833	222	48	0	0	*	2
896	35873	224	50	0	0	*	2
897	35913	225	52	0	0	*	2
898	35953	227	54	0	0	*	2
899	35993	228	56	0	0	*	2
900	36033	230	58	0	0	*	2
901	36073	231	60	0	0	*	2
902	36113	232	62	0	0	*	2
903	36153	233	64	0	0	*	2
904	36193	235	66	0	0	*	2
905	36233	235	68	0	0	*	2
906	36273	237	70	0	0	*	2
907	36313	238	72	0	0	*	2
908	36353	239	74	0	0	*	2
909	36393	240	76	0	0	*	2
910	36433	241	78	0	0	*	2
911	36473	242	81	0	0	*	2
912	36513	243	82	0	0	*	2
913	36553	243	84	0	0	*	2
914	36593	244	86	0	0	*	2
915	36633	244	88	0	0	*	2
916	36673	245	91	0	0	*	2
917	36713	246	93	0	0	*	2
918	36753	246	95	0	0	*	2
919	36793	247	97	0	0	*	2
920	36833	247	99	0	0	*	2
921	36873	248	101	0	0	*	2
922	36913	248	103	0	0	*	2
923	36953	248	105	0	0	*	2
924	36993	249	108	0	0	*	2
925	37033	249	111	0	0	*	2
926	37073	250	113	0	0	*	2
927	37113	250	114	0	0	*	2
928	37153	250	116	0	0	*	2
929	37193	250	117	0	0	*	2
930	37233	250	120	0	0	*	2
931	37273	250	121	0	0	*	2
932	37313	250	123	0	0	*	2
933	37353	250	125	0	0	*	2
934	37393	250	127	0	0	*	2
935	37433	250	128	0	0	*	2
936	37473	250	130	0	0	*	2
937	37513	250	131	0	0	*	2
938	37553	250	132	0	0	*	2
939	37593	249	134	0	0	*	2
940	37633	250	135	0	0	*	2
941	37673	250	137	0	0	*	2
942	37713	250	139	0	0	*	2
943	37753	249	139	0	0	*	2
944	37793	249	140	0	0	*	2
945	37833	249	141	0	0	*	2
946	37873	248	143	0	0	*	2
947	37913	248	144	0	0	*	2
948	37953	248	146	0	0	*	2
949	37993	248	147	0	0	*	2
950	38033	247	148	0	0	*	2
951	38073	247	149	0	0	*	2
952	38113	247	150	0	0	*	2
953	38153	246	152	0	0	*	2
954	38193	246	154	0	0	*	2
955	38233	246	155	0	0	*	2
956	38273	246	156	0	0	*	2
957	38313	245	156	0	0	*	2
958	38353	245	158	0	0	*	2
959	38393	244	159	0	0	*	2
960	38433	244	161	0	0	*	2
961	38473	244	163	0	0	*	2
962	38513	243	163	0	0	*	2
963	38553	243	165	0	0	*	2
964	38593	243	169	0	0	*	2
965	38633	242	168	0	0	*	2
966	38673	241	170	0	0	*	2
967	38713	241	172	0	0	*	2
968	38753	240	174	0	0	*	2
969	38793	239	176	0	0	*	2
970	38833	238	178	0	0	*	2
971	38873	238	180	0	0	*	2
972	38913	237	182	0	0	*	2
973	38953	236	184	0	0	*	2
974	38993	235	185	0	0	*	2
975	39033	234	187	0	0	*	2
976	39073	233	189	0	0	*	2
977	39113	231	191	0	0	*	2
978	39153	230	194	0	0	*	2
979	39193	229	196	0	0	*	2
980	39233	228	197	0	0	*	2
981	39273	226	199	0	0	*	2
982	39313	224	202	0	0	*	2
983	39353	222	203	0	0	*	2
984	39393	220	206	0	0	*	2
985	39433	219	208	0	0	*	2
986	39473	217	209	0	0	*	2
987	39513	215	212	0	0	*	2
988	39553	213	213	0	0	*	2
989	39593	211	215	0	0	*	2
990	39633	209	217	0	0	*	2
991	39673	207	219	0	0	*	2
992	39713	205	220	0	0	*	2
993	39753	203	222	0	0	*	2
994	39793	201	224	0	0	*	2
995	39833	199	225	0	0	*	2
996	39873	196	227	0	0	*	2
997	39913	194	228	0	0	*	2
998	39953	192	230	0	0	*	2
999	39993	189	231	0	0	*	2
1000	40033	187	232	0	0	*	2
1001	40073	185	233	0	0	*	2
1002	40113	182	234	0	0	*	2
1003	40153	180	235	0	0	*	2
1004	40193	178	236	0	0	*	2
1005	40233	175	238	0	0	*	2
1006	40273	173	238	0	0	*	2
1007	40313	171	239	0	0	*	2
1008	40353	168	241	0	0	*	2
1009	40393	166	241	0	0	*	2
1010	40433	164	242	0	0	*	2
1011	40473	161	243	0	0	*	2
1012	40513	158	243	0	0	*	2
1013	40553	157	244	0	0	*	2
1014	40593	154	245	0	0	*	2
1015	40633	151	245	0	0	*	2
1016	40673	149	245	0	0	*	2
1017	40713	146	246	0	0	*	2
1018	40753	144	246	0	0	*	2
1019	40793	142	246	0	0	*	2
1020	40833	139	247	0	0	*	2
1021	40873	136	247	0	0	*	2
1022	40913	134	247	0	0	*	2
1023	40953	131	247	0	0	*	2
1024	40993	129	247	0	0	*	2
1025	41033	126	247	0	0	*	2
1026	41073	123	247	0	0	*	2
1027	41113	121	247	0	0	*	2
1028	41153	118	246	0	0	*	2
1029	41193	115	246	0	0	*	2
1030	41233	113	246	0	0	*	2
1031	41273	111	245	0	0	*	2
1032	41313	108	245	0	0	*	2
1033	41353	105	245	0	0	*	2
1034	41393	103	244	0	0	*	2
1035	41433	100	244	0	0	*	2
1036	41473	97	243	0	0	*	2
1037	41513	96	243	0	0	*	2
1038	41553	93	242	0	0	*	2
1039	41593	91	242	0	0	*	2
1040	41633	89	241	0	0	*	2
1041	41673	86	240	0	0	*	2
1042	41713	84	239	0	0	*	2
1043	41753	82	238	0	0	*	2
1044	41793	80	237	0	0	*	2
1045	41833	77	236	0	0	*	2
1046	41873	75	235	0	0	*	2
1047	41913	73	234	0	0	*	2
1048	41953	71	233	0	0	*	2
1049	41993	69	232	0	0	*	2
1050	42033	67	231	0	0	*	2
1051	42073	64	230	0	0	*	2
1052	42113	62	229	0	0	*	2
1053	42153	61	228	0	0	*	2
1054	42193	59	226	0	0	*	2
1055	42233	57	224	0	0	*	2
1056	42273	55	223	0	0	*	2
1057	42313	53	222	0	0	*	2
1058	42353	50	220	0	0	*	2
1059	42393	49	219	0	0	*	2
1060	42433	47	217	0	0	*	2
1061	42473	45	215	0	0	*	2
1062	42513	43	213	0	0	*	2
1063	42553	41	211	0	0	*	2
1064	42593	39	209	0	0	*	2
1065	42633	37	208	0	0	*	2
1066	42673	36	207	0	0	*	2
1067	42713	33	204	0	0	*	2
1068	42753	32	202	0	0	*	2
1069	42793	30	200	0	0	*	2
1070	42833	29	198	0	0	*	2
1071	42873	27	196	0	0	*	2
1072	42913	26	194	0	0	*	2
1073	42953	24	192	0	0	*	2
1074	42993	24	190	0	0	*	2
1075	43033	22	188	0	0	*	2
1076	43073	21	185	0	0	*	2
1077	43113	20	184	0	0	*	2
1078	43153	20	183	0	0	*	2
1079	43193	18	179	0	0	*	2
1080	43233	16	177	0	0	*	2
1081	43273	16	174	0	0	*	2
1082	43313	14	173	0	0	*	2
1083	43353	13	170	0	0	*	2
1084	43393	13	169	0	0	*	2
1085	43433	12	166	0	0	*	2
1086	43473	11	164	0	0	*	2
1087	43513	11	162	0	0	*	2
1088	43553	10	159	0	0	*	2
1089	43593	9	157	0	0	*	2
1090	43633	8	155	0	0	*	2
1091	43673	8	151	0	0	*	2
1092	43713	7	150	0	0	*	2
1093	43753	7	147	0	0	*	2
1094	43793	6	145	0	0	*	2
1095	43833	6	143	0	0	*	2
1096	43873	5	140	0	0	*	2
1097	43913	5	138	0	0	*	2
1098	43953	5	136	0	0	*	2
1099	43993	5	133	0	0	*	2
1100	44033	5	131	0	0	*	2
1101	44073	5	129	0	0	*	2
1102	44113	5	126	0	0	*	2
1103	44153	4	123	0	0	*	2
1104	44193	5	122	0	0	*	2
1105	44233	5	119	0	0	*	2
1106	44273	5	117	0	0	*	2
1107	44313	5	114	0	0	*	2
1108	44353	5	111	0	0	*	2
1109	44393	6	109	0	0	*	2
1110	44433	6	106	0	0	*	2
1111	44473	6	104	0	0	*	2
1112	44513	7	101	0	0	*	2
1113	44553	7	99	0	0	*	2
1114	44593	8	97	0	0	*	2
1115	44633	9	94	0	0	*	2
1116	44673	9	93	0	0	*	2
1117	44713	10	91	0	0	*	2
1118	44753	11	89	0	0	*	2
1119	44793	11	87	0	0	*	2
1120	44833	12	84	0	0	*	2
1121	44873	13	82	0	0	*	2
1122	44913	13	80	0	0	*	2
1123	44953	14	77	0	0	*	2
1124	44993	15	76	0	0	*	2
1125	45033	16	74	0	0	*	2
1126	45073	17	71	0	0	*	2
1127	45113	18	70	0	0	*	2
1128	45153	20	67	0	0	*	2
1129	45193	20	66	0	0	*	2
1130	45233	22	64	0	0	*	2
1131	45273	23	62	0	0	*	2
1132	45313	24	59	0	0	*	2
1133	45353	25	57	0	0	*	2
1134	45393	26	56	0	0	*	2
1135	45433	28	53	0	0	*	2
1136	45473	30	52	0	0	*	2
1137	45513	32	49	0	0	*	2
1138	45553	33	47	0	0	*	2
1139	45593	36	45	0	0	*	2
1140	45633	37	43	0	0	*	2
1141	45673	37	42	0	0	*	2
1142	45713	39	41	0	0	*	2
1143	45753	42	38	0	0	*	2
1144	45793	43	36	0	0	*	2
1145	45833	45	35	0	0	*	2
1146	45873	46	34	0	0	*	2
1147	45913	48	32	0	0	*	2
1148	45953	49	32	0	0	*	2
1149	45993	51	30	0	0	*	2
1150	46033	53	28	0	0	*	2
1151	46073	54	27	0	0	*	2
1152	46113	56	25	0	0	*	2
1153	46153	58	24	0	0	*	2
1154	46193	60	23	0	0	*	2
1155	46233	61	23	0	0	*	2
1156	46273	64	21	0	0	*	2
1157	46313	66	20	0	0	*	2
1158	46353	68	19	0	0	*	2
1159	46393	70	18	0	0	*	2
1160	46433	71	17	0	0	*	2
1161	46473	73	16	0	0	*	2
1162	46513	75	15	0	0	*	2
1163	46553	78	14	0	0	*	2
1164	46593	79	13	0	0	*	2
1165	46633	82	12	0	0	*	2
1166	46673	84	11	0	0	*	2
1167	46713	85	11	0	0	*	2
1168	46753	88	10	0	0	*	2
1169	46793	90	9	0	0	*	2
1170	46833	93	8	0	0	*	2
1171	46873	95	7	0	0	*	2
1172	46913	97	7	0	0	*	2
1173	46953	99	6	0	0	*	2
1174	46993	101	6	0	0	*	2
1175	47033	104	5	0	0	*	2
1176	47073	106	5	0	0	*	2
1177	47113	109	4	0	0	*	2
1178	47153	111	4	0	0	*	2
1179	47193	113	4	0	0	*	2
1180	47233	115	4	0	0	*	2
1181	47273	118	3	0	0	*	2
1182	47313	120	3	0	0	*	2
1183	47353	121	3	0	0	*	2
1184	47393	124	3	0	0	*	2
1185	47433	127	3	0	0	*	2
1186	47473	129	3	0	0	*	2
1187	47513	131	3	0	0	*	2
1188	47553	134	3	0	0	*	2
1189	47593	135	3	0	0	*	2
1190	47633	137	3	0	0	*	2
1191	47673	140	4	0	0	*	2
1192	47713	142	4	0	0	*	2
1193	47753	144	4	0	0	*	2
1194	47793	146	5	0	0	*	2
1195	47833	148	5	0	0	*	2
1196	47873	150	5	0	0	*	2
1197	47913	152	6	0	0	*	2
1198	47953	154	6	0	0	*	2
1199	47993	156	7	0	0	*	2
1200	48033	157	7	0	0	*	2
1201	48073	160	8	0	0	*	2
1202	48113	162	8	0	0	*	2
1203	48153	164	9	0	0	*	2
1204	48193	166	9	0	0	*	2
1205	48233	168	10	0	0	*	2
1206	48273	170	11	0	0	*	2
1207	48313	172	11	0	0	*	2
1208	48353	174	12	0	0	*	2
1209	48393	176	13	0	0	*	2
1210	48433	178	14	0	0	*	2
1211	48473	181	15	0	0	*	2
1212	48513	183	16	0	0	*	2
1213	48553	184	17	0	0	*	2
1214	48593	187	19	0	0	*	2
1215	48633	189	20	0	0	*	2
1216	48673	191	21	0	0	*	2
1217	48713	193	22	0	0	*	2
1218	48753	194	23	0	0	*	2
1219	48793	196	24	0	0	*	2
1220	48833	197	25	0	0	*	2
1221	48873	199	26	0	0	*	2
1222	48913	201	28	0	0	*	2
1223	48953	202	29	0	0	*	2
1224	48993	204	30	0	0	*	2
1225	49033	205	32	0	0	*	2
1226	49073	207	33	0	0	*	2
1227	49113	209	35	0	0	*	2
1228	49153	211	37	0	0	*	2
1229	49193	213	39	0	0	*	2
1230	49233	215	40	0	0	*	2
1231	49273	216	41	0	0	*	2
1232	49313	218	43	0	0	*	2
1233	49353	219	44	0	0	*	2
1234	49393	220	46	0	0	*	2
1235	49433	222	48	0	0	*	2
1236	49473	223	49	0	0	*	2
1237	49513	225	51	0	0	*	2
1238	49553	226	53	0	0	*	2
1239	49593	227	54	0	0	*	2
1240	49633	229	56	0	0	*	2
1241	49673	230	58	0	0	*	2
1242	49713	231	60	0	0	*	2
1243	49753	232	62	0	0	*	2
1244	49793	233	64	0	0	*	2
1245	49833	234	66	0	0	*	2
1246	49873	236	68	0	0	*	2
1247	49913	237	70	0	0	*	2
1248	49953	238	72	0	0	*	2
1249	49993	239	74	0	0	*	2
1250	50033	240	76	0	0	*	2
1251	50073	241	78	0	0	*	2
1252	50113	241	80	0	0	*	2
1253	50153	242	82	0	0	*	2
1254	50193	243	84	0	0	*	2
1255	50233	244	86	0	0	*	2
1256	50273	244	89	0	0	*	2
1257	50313	245	91	0	0	*	2
1258	50353	245	93	0	0	*	2
1259	50393	246	95	0	0	*	2
1260	50433	247	97	0	0	*	2
1261	50473	247	99	0	0	*	2
1262	50513	248	102	0	0	*	2
1263	50553	248	104	0	0	*	2
1264	50593	248	106	0	0	*	2
1265	50633	249	108	0	0	*	2
1266	50673	249	111	0	0	*	2
1267	50713	249	113	0	0	*	2
1268	50753	250	115	0	0	*	2
1269	50793	250	116	0	0	*	2
1270	50833	250	119	0	0	*	2
1271	50873	250	120	0	0	*	2
1272	50913	250	122	0	0	*	2
1273	50953	250	125	0	0	*	2
1274	50993	250	127	0	0	*	2
1275	51033	250	129	0	0	*	2
1276	51073	250	131	0	0	*	2
1277	51113	250	133	0	0	*	2
1278	51153	250	135	0	0	*	2
1279	51193	250	137	0	0	*	2
1280	51233	249	139	0	0	*	2
1281	51273	249	141	0	0	*	2
1282	51313	249	143	0	0	*	2
1283	51353	249	144	0	0	*	2
1284	51393	248	146	0	0	*	2
1285	51433	248	148	0	0	*	2
1286	51473	248	150	0	0	*	2
1287	51513	247	153	0	0	*	2
1288	51553	247	155	0	0	*	2
1289	51593	246	157	0	0	*	2
1290	51633	246	158	0	0	*	2
1291	51673	245	160	0	0	*	2
1292	51713	244	162	0	0	*	2
1293	51753	244	164	0	0	*	2
1294	51793	243	166	0	0	*	2
1295	51833	243	168	0	0	*	2
1296	51873	242	170	0	0	*	2
1297	51913	241	172	0	0	*	2
1298	51953	240	173	0	0	*	2
1299	51993	239	175	0	0	*	2
1300	52033	238	177	0	0	*	2
1301	52073	238	179	0	0	*	2
1302	52113	237	181	0	0	*	2
1303	52153	236	182	0	0	*	2
1304	52193	235	184	0	0	*	2
1305	52233	234	185	0	0	*	2
1306	52273	233	187	0	0	*	2
1307	52313	232	188	0	0	*	2
1308	52353	231	190	0	0	*	2
1309	52393	230	192	0	0	*	2
1310	52433	229	194	0	0	*	2
1311	52473	228	195	0	0	*	2
1312	52513	227	196	0	0	*	2
1313	52553	226	198	0	0	*	2
1314	52593	225	199	0	0	*	2
1315	52633	224	201	0	0	*	2
1316	52673	223	202	0	0	*	2
1317	52713	221	203	0	0	*	2
1318	52753	220	204	0	0	*	2
1319	52793	219	205	0	0	*	2
1320	52833	218	207	0	0	*	2
1321	52873	217	209	0	0	*	2
1322	52913	216	210	0	0	*	2
1323	52953	215	211	0	0	*	2
1324	52993	213	212	0	0	*	2
1325	53033	212	213	0	0	*	2
1326	53073	211	214	0	0	*	2
1327	53113	209	216	0	0	*	2
1328	53153	208	217	0	0	*	2
1329	53193	206	218	0	0	*	2
1330	53233	205	219	0	0	*	2
1331	53273	204	221	0	0	*	2
1332	53313	203	222	0	0	*	2
1333	53353	201	223	0	0	*	2
1334	53393	199	224	0	0	*	2
1335	53433	198	225	0	0	*	2
1336	53473	196	226	0	0	*	2
1337	53513	195	228	0	0	*	2
1338	53553	193	229	0	0	*	2
1339	53593	192	230	0	0	*	2
1340	53633	190	231	0	0	*	2
1341	53673	188	232	0	0	*	2
1342	53713	186	232	0	0	*	2
1343	53753	185	233	0	0	*	2
1344	53793	183	234	0	0	*	2
1345	53833	181	235	0	0	*	2
1346	53873	180	236	0	0	*	2
1347	53913	177	237	0	0	*	2
1348	53953	175	238	0	0	*	2
1349	53993	174	238	0	0	*	2
1350	54033	172	239	0	0	*	2
1351	54073	170	240	0	0	*	2
1352	54113	169	240	0	0	*	2
1353	54153	166	241	0	0	*	2
1354	54193	165	242	0	0	*	2
1355	54233	163	242	0	0	*	2
1356	54273	160	243	0	0	*	2
1357	54313	158	243	0	0	*	2
1358	54353	157	244	0	0	*	2
1359	54393	155	244	0	0	*	2
1360	54433	152	245	0	0	*	2
1361	54473	150	245	0	0	*	2
1362	54513	148	245	0	0	*	2
1363	54553	146	246	0	0	*	2
1364	54593	144	246	0	0	*	2
1365	54633	142	247	0	0	*	2
1366	54673	139	247	0	0	*	2
1367	54713	137	247	0	0	*	2
1368	54753	134	247	0	0	*	2
1369	54793	132	248	0	0	*	2
1370	54833	130	247	0	0	*	2
1371	54873	128	247	0	0	*	2
1372	54913	125	247	0	0	*	2
1373	54953	122	247	0	0	*	2
1374	54993	121	247	0	0	*	2
1375	55033	118	247	0	0	*	2
1376	55073	116	247	0	0	*	2
1377	55113	114	246	0	0	*	2
1378	55153	111	246	0	0	*	2
1379	55193	109	246	0	0	*	2
1380	55233	107	245	0	0	*	2
1381	55273	105	245	0	0	*	2
1382	55313	102	245	0	0	*	2
1383	55353	101	244	0	0	*	2
1384	55393	98	244	0	0	*	2
1385	55433	96	243	0	0	*	2
1386	55473	94	243	0	0	*	2
1387	55513	92	242	0	0	*	2
1388	55553	89	241	0	0	*	2
1389	55593	87	241	0	0	*	2
1390	55633	85	240	0	0	*	2
1391	55673	82	239	0	0	*	2
1392	55713	81	238	0	0	*	2
1393	55753	79	237	0	0	*	2
1394	55793	76	236	0	0	*	2
1395	55833	74	235	0	0	*	2
1396	55873	73	234	0	0	*	2
1397	55913	70	233	0	0	*	2
1398	55953	68	232	0	0	*	2
1399	55993	66	231	0	0	*	2
1400	56033	63	230	0	0	*	2
1401	56073	62	228	0	0	*	2
1402	56113	61	227	0	0	*	2
1403	56153	58	225	0	0	*	2
1404	56193	56	224	0	0	*	2
1405	56233	54	223	0	0	*	2
1406	56273	52	221	0	0	*	2
1407	56313	50	220	0	0	*	2
1408	56353	49	218	0	0	*	2
1409	56393	46	216	0	0	*	2
1410	56433	45	215	0	0	*	2
1411	56473	43	213	0	0	*	2
1412	56513	41	211	0	0	*	2
1413	56553	39	210	0	0	*	2
1414	56593	38	209	0	0	*	2
1415	56633	36	206	0	0	*	2
1416	56673	35	205	0	0	*	2
1417	56713	33	203	0	0	*	2
1418	56753	31	201	0	0	*	2
1419	56793	30	199	0	0	*	2
1420	56833	29	198	0	0	*	2
1421	56873	27	195	0	0	*	2
1422	56913	26	194	0	0	*	2
1423	56953	25	192	0	0	*	2
1424	56993	24	190	0	0	*	2
1425	57033	22	188	0	0	*	2
1426	57073	21	186	0	0	*	2
1427	57113	20	184	0	0	*	2
1428	57153	19	182	0	0	*	2
1429	57193	18	180	0	0	*	2
1430	57233	17	178	0	0	*	2
1431	57273	16	176	0	0	*	2
1432	57313	15	174	0	0	*	2
1433	57353	14	172	0	0	*	2
1434	57393	13	169	0	0	*	2
1435	57433	13	168	0	0	*	2
1436	57473	12	166	0	0	*	2
1437	57513	12	164	0	0	*	2
1438	57553	11	162	0	0	*	2
1439	57593	11	161	0	0	*	2
1440	57633	10	158	0	0	*	2
1441	57673	9	156	0	0	*	2
1442	57713	8	152	0	0	*	2
1443	57753	7	151	0	0	*	2
1444	57793	7	148	0	0	*	2
1445	57833	7	146	0	0	*	2
1446	57873	6	144	0	0	*	2
1447	57913	6	142	0	0	*	2
1448	57953	5	140	0	0	*	2
1449	57993	5	138	0	0	*	2
1450	58033	5	136	0	0	*	2
1451	58073	5	134	0	0	*	2
1452	58113	5	131	0	0	*	2
1453	58153	5	129	0	0	*	2
1454	58193	5	127	0	0	*	2
1455	58233	5	123	0	0	*	2
1456	58273	5	121	0	0	*	2
1457	58313	5	120	0	0	*	2
1458	58353	5	116	0	0	*	2
1459	58393	5	115	0	0	*	2
1460	58433	6	112	0	0	*	2
1461	58473	6	110	0	0	*	2
1462	58513	6	108	0	0	*	2
1463	58553	7	106	0	0	*	2
1464	58593	7	103	0	0	*	2
1465	58633	8	101	0	0	*	2
1466	58673	8	99	0	0	*	2
1467	58713	8	97	0	0	*	2
1468	58753	9	95	0	0	*	2
1469	58793	9	93	0	0	*	2
1470	58833	10	91	0	0	*	2
1471	58873	11	89	0	0	*	2
1472	58913	11	87	0	0	*	2
1473	58953	12	85	0	0	*	2
1474	58993	12	83	0	0	*	2
1475	59033	13	81	0	0	*	2
1476	59073	14	79	0	0	*	2
1477	59113	14	78	0	0	*	2
1478	59153	16	75	0	0	*	2
1479	59193	17	72	0	0	*	2
1480	59233	18	70	0	0	*	2
1481	59273	19	68	0	0	*	2
1482	59313	20	66	0	0	*	2
1483	59353	22	63	0	0	*	2
1484	59393	23	62	0	0	*	2
1485	59433	23	61	0	0	*	2
1486	59473	24	59	0	0	*	2
1487	59513	26	57	0	0	*	2
1488	59553	28	54	0	0	*	2
1489	59593	29	52	0	0	*	2
1490	59633	30	50	0	0	*	2
1491	59673	32	48	0	0	*	2
1492	59713	34	46	0	0	*	2
1493	59753	35	45	0	0	*	2
1494	59793	37	43	0	0	*	2
1495	59833	39	41	0	0	*	2
1496	59873	40	39	0	0	*	2
1497	59913	42	38	0	0	*	2
1498	59953	45	35	0	0	*	2
1499	59993	45	35	0	0	*	2
1500	60033	48	33	0	0	*	2
1501	60073	50	31	0	0	*	2
1502	60113	51	29	0	0	*	2
1503	60153	53	28	0	0	*	2
1504	60193	55	26	0	0	*	2
1505	60233	56	26	0	0	*	2
1506	60273	58	25	0	0	*	2
1507	60313	60	23	0	0	*	2
1508	60353	61	23	0	0	*	2
1509	60393	64	21	0	0	*	2
1510	60433	65	20	0	0	*	2
1511	60473	67	19	0	0	*	2
