%%BEGIN_HEADER
	%%BEGIN DATABASE_INFORMATION
		%Date.0 ( 30.9.2019 )
		%Time.0 ( 12:20 )
	%%END DATABASE_INFORMATION
	%%BEGIN SETUP_INFORMATION
		%TrackerVersion.0 ( Tracker version 2.38 release 12.8.2012 )
		%ElapsedTime_ms.0 ( 60353 )
		%Paradigm.0 ( PlacePreference )
		%FeederParameters.0 ( 1500 0 )
			// %FeederParameters.0 ( ENTRANCE_LATENCY EXIT_LATENCY )
		%ElapsedPath_m.0 ( 0.00 )
		%ArenaDiameter_m.0 ( 1.80 )
		%TrackerResolution_PixPerCM.0 ( 1.4222 )
		%ArenaCenterXY.0 ( 127.5 127.5 )
		%Frame.0 ( RoomFrame )
		%ReinforcedSector.0 ( 64.3907 190.6093 7 )
			//%ReinforcedSector.0 ( CENTER_X CENTER_Y RADIUS )
		%RoomTrackReinforcedSector.0 ( 64.3907 190.6093 7 )
			//%RoomTrackReinforcedSector.0 ( CENTER_X CENTER_Y RADIUS )
	%%END SETUP_INFORMATION
	%%BEGIN RECORD_FORMAT
		%Sample.0 ( FrameCount 1msTimeStamp RoomX RoomY Sectors State Flags FrameInfo )
			//Sectors indicate if the object is in a target. Number is binary coded. Sectors = 0: no target, Sectors = 1: room target, Sectors: = 2 arena target, Sectors: = 3 room and arena target
			////State indicates the Watermaze State: OutsideTarget = 0, EntranceLatency = 1, InsideTarget = 3, OutsideRefractory = 4, BadSpot = 5
			//FrameInfo indicates succesfuly tracked spots: ReferencePoint * 2^0 + Spot0 * 2^(1+0) + Spot1 * 2^(1+1) + Spot2 * 2^(1+2) .... 
	%%END RECORD_FORMAT
%%END_HEADER
1	73	42	40	0	0	*	2
2	113	42	41	0	0	*	2
3	153	42	42	0	0	*	2
4	193	43	42	0	0	*	2
5	233	45	42	0	0	*	2
6	273	45	44	0	0	*	2
7	313	44	41	0	0	*	2
8	353	44	42	0	0	*	2
9	393	47	45	0	0	*	2
10	433	48	45	0	0	*	2
11	473	49	46	0	0	*	2
12	513	49	48	0	0	*	2
13	553	51	49	0	0	*	2
14	593	51	49	0	0	*	2
15	633	53	51	0	0	*	2
16	673	55	53	0	0	*	2
17	713	57	55	0	0	*	2
18	753	60	56	0	0	*	2
19	793	61	57	0	0	*	2
20	833	63	59	0	0	*	2
21	873	66	60	0	0	*	2
22	913	69	62	0	0	*	2
23	953	72	63	0	0	*	2
24	993	74	64	0	0	*	2
25	1033	77	65	0	0	*	2
26	1073	79	65	0	0	*	2
27	1113	83	66	0	0	*	2
28	1153	86	67	0	0	*	2
29	1193	89	68	0	0	*	2
30	1233	92	68	0	0	*	2
31	1273	95	69	0	0	*	2
32	1313	98	70	0	0	*	2
33	1353	102	70	0	0	*	2
34	1393	106	70	0	0	*	2
35	1433	109	71	0	0	*	2
36	1473	112	72	0	0	*	2
37	1513	116	73	0	0	*	2
38	1553	119	73	0	0	*	2
39	1593	122	74	0	0	*	2
40	1633	126	75	0	0	*	2
41	1673	130	76	0	0	*	2
42	1713	134	76	0	0	*	2
43	1753	137	77	0	0	*	2
44	1793	140	78	0	0	*	2
45	1833	144	78	0	0	*	2
46	1873	147	79	0	0	*	2
47	1913	151	80	0	0	*	2
48	1953	154	81	0	0	*	2
49	1993	158	81	0	0	*	2
50	2033	162	82	0	0	*	2
51	2073	165	82	0	0	*	2
52	2113	169	82	0	0	*	2
53	2153	172	83	0	0	*	2
54	2193	175	83	0	0	*	2
55	2233	180	83	0	0	*	2
56	2273	183	83	0	0	*	2
57	2313	186	82	0	0	*	2
58	2353	190	82	0	0	*	2
59	2393	193	82	0	0	*	2
60	2433	196	81	0	0	*	2
61	2473	200	80	0	0	*	2
62	2513	203	80	0	0	*	2
63	2553	206	79	0	0	*	2
64	2593	209	78	0	0	*	2
65	2633	213	77	0	0	*	2
66	2673	216	76	0	0	*	2
67	2713	219	74	0	0	*	2
68	2753	222	73	0	0	*	2
69	2793	225	72	0	0	*	2
70	2833	228	71	0	0	*	2
71	2873	230	70	0	0	*	2
72	2913	231	70	0	0	*	2
73	2953	232	69	0	0	*	2
74	2993	233	68	0	0	*	2
75	3033	233	68	0	0	*	2
76	3073	233	67	0	0	*	2
77	3113	232	65	0	0	*	2
78	3153	231	64	0	0	*	2
79	3193	231	63	0	0	*	2
80	3233	230	62	0	0	*	2
81	3273	229	61	0	0	*	2
82	3313	228	60	0	0	*	2
83	3353	226	58	0	0	*	2
84	3393	225	58	0	0	*	2
85	3433	225	57	0	0	*	2
86	3473	224	56	0	0	*	2
87	3513	223	54	0	0	*	2
88	3553	222	53	0	0	*	2
89	3593	221	51	0	0	*	2
90	3633	220	50	0	0	*	2
91	3673	219	49	0	0	*	2
92	3713	219	47	0	0	*	2
93	3753	218	46	0	0	*	2
94	3793	217	45	0	0	*	2
95	3833	215	42	0	0	*	2
96	3873	213	41	0	0	*	2
97	3913	212	39	0	0	*	2
98	3953	210	37	0	0	*	2
99	3993	208	35	0	0	*	2
100	4033	206	33	0	0	*	2
101	4073	204	31	0	0	*	2
102	4113	202	28	0	0	*	2
103	4153	199	26	0	0	*	2
104	4193	197	24	0	0	*	2
105	4233	195	23	0	0	*	2
106	4273	194	22	0	0	*	2
107	4313	192	21	0	0	*	2
108	4353	190	20	0	0	*	2
109	4393	188	19	0	0	*	2
110	4433	186	17	0	0	*	2
111	4473	183	16	0	0	*	2
112	4513	181	15	0	0	*	2
113	4553	178	14	0	0	*	2
114	4593	175	12	0	0	*	2
115	4633	174	12	0	0	*	2
116	4673	171	11	0	0	*	2
117	4713	168	10	0	0	*	2
118	4753	165	9	0	0	*	2
119	4793	162	8	0	0	*	2
120	4833	159	7	0	0	*	2
121	4873	157	6	0	0	*	2
122	4913	154	6	0	0	*	2
123	4953	150	5	0	0	*	2
124	4993	148	4	0	0	*	2
125	5033	145	4	0	0	*	2
126	5073	142	3	0	0	*	2
127	5113	140	3	0	0	*	2
128	5153	136	3	0	0	*	2
129	5193	133	3	0	0	*	2
130	5233	130	2	0	0	*	2
131	5273	127	2	0	0	*	2
132	5313	125	2	0	0	*	2
133	5353	121	3	0	0	*	2
134	5393	118	3	0	0	*	2
135	5433	115	3	0	0	*	2
136	5473	112	3	0	0	*	2
137	5513	109	4	0	0	*	2
138	5553	107	4	0	0	*	2
139	5593	104	5	0	0	*	2
140	5633	101	6	0	0	*	2
141	5673	97	6	0	0	*	2
142	5713	95	7	0	0	*	2
143	5753	91	8	0	0	*	2
144	5793	90	9	0	0	*	2
145	5833	87	10	0	0	*	2
146	5873	84	11	0	0	*	2
147	5913	81	12	0	0	*	2
148	5953	78	13	0	0	*	2
149	5993	75	15	0	0	*	2
150	6033	73	16	0	0	*	2
151	6073	71	17	0	0	*	2
152	6113	68	19	0	0	*	2
153	6153	66	20	0	0	*	2
154	6193	63	22	0	0	*	2
155	6233	61	23	0	0	*	2
156	6273	59	24	0	0	*	2
157	6313	57	26	0	0	*	2
158	6353	54	28	0	0	*	2
159	6393	52	29	0	0	*	2
160	6433	49	31	0	0	*	2
161	6473	48	33	0	0	*	2
162	6513	46	34	0	0	*	2
163	6553	44	36	0	0	*	2
164	6593	41	38	0	0	*	2
165	6633	39	41	0	0	*	2
166	6673	38	42	0	0	*	2
167	6713	36	45	0	0	*	2
168	6753	35	46	0	0	*	2
169	6793	33	47	0	0	*	2
170	6833	31	50	0	0	*	2
171	6873	29	53	0	0	*	2
172	6913	28	55	0	0	*	2
173	6953	26	58	0	0	*	2
174	6993	24	60	0	0	*	2
175	7033	24	62	0	0	*	2
176	7073	22	64	0	0	*	2
177	7113	20	67	0	0	*	2
178	7153	19	69	0	0	*	2
179	7193	17	72	0	0	*	2
180	7233	16	74	0	0	*	2
181	7273	16	75	0	0	*	2
182	7313	14	78	0	0	*	2
183	7353	13	81	0	0	*	2
184	7393	12	83	0	0	*	2
185	7433	12	86	0	0	*	2
186	7473	11	89	0	0	*	2
187	7513	10	91	0	0	*	2
188	7553	9	93	0	0	*	2
189	7593	9	96	0	0	*	2
190	7633	8	98	0	0	*	2
191	7673	7	102	0	0	*	2
192	7713	7	104	0	0	*	2
193	7753	6	107	0	0	*	2
194	7793	6	109	0	0	*	2
195	7833	5	112	0	0	*	2
196	7873	5	116	0	0	*	2
197	7913	5	118	0	0	*	2
198	7953	5	120	0	0	*	2
199	7993	5	123	0	0	*	2
200	8033	5	126	0	0	*	2
201	8073	5	128	0	0	*	2
202	8113	5	132	0	0	*	2
203	8153	5	136	0	0	*	2
204	8193	6	138	0	0	*	2
205	8233	6	139	0	0	*	2
206	8273	6	142	0	0	*	2
207	8313	7	145	0	0	*	2
208	8353	8	148	0	0	*	2
209	8393	8	151	0	0	*	2
210	8433	8	153	0	0	*	2
211	8473	9	155	0	0	*	2
212	8513	10	157	0	0	*	2
213	8553	11	161	0	0	*	2
214	8593	12	164	0	0	*	2
215	8633	12	166	0	0	*	2
216	8673	13	168	0	0	*	2
217	8713	14	171	0	0	*	2
218	8753	15	173	0	0	*	2
219	8793	17	176	0	0	*	2
220	8833	18	178	0	0	*	2
221	8873	19	181	0	0	*	2
222	8913	20	182	0	0	*	2
223	8953	21	185	0	0	*	2
224	8993	24	188	0	0	*	2
225	9033	25	191	0	0	*	2
226	9073	26	193	0	0	*	2
227	9113	28	195	0	0	*	2
228	9153	29	197	0	0	*	2
229	9193	32	200	0	0	*	2
230	9233	34	202	0	0	*	2
231	9273	36	205	0	0	*	2
232	9313	38	207	0	0	*	2
233	9353	39	209	0	0	*	2
234	9393	42	211	0	0	*	2
235	9433	44	213	0	0	*	2
236	9473	46	214	0	0	*	2
237	9513	48	216	0	0	*	2
238	9553	50	218	0	0	*	2
239	9593	51	219	0	0	*	2
240	9633	54	221	0	0	*	2
241	9673	57	222	0	0	*	2
242	9713	59	224	0	0	*	2
243	9753	61	226	0	0	*	2
244	9793	63	228	0	0	*	2
245	9833	66	229	0	0	*	2
246	9873	68	231	0	0	*	2
247	9913	71	232	0	0	*	2
248	9953	73	233	0	0	*	2
249	9993	76	234	0	0	*	2
250	10033	78	236	0	0	*	2
251	10073	80	237	0	0	*	2
252	10113	83	237	0	0	*	2
253	10153	86	239	0	0	*	2
254	10193	88	240	0	0	*	2
255	10233	91	241	0	0	*	2
256	10273	93	241	0	0	*	2
257	10313	96	242	0	0	*	2
258	10353	99	243	0	0	*	2
259	10393	102	244	0	0	*	2
260	10433	104	244	0	0	*	2
261	10473	108	245	0	0	*	2
262	10513	110	245	0	0	*	2
263	10553	112	245	0	0	*	2
264	10593	115	245	0	0	*	2
265	10633	118	245	0	0	*	2
266	10673	121	245	0	0	*	2
267	10713	124	245	0	0	*	2
268	10753	126	245	0	0	*	2
269	10793	130	245	0	0	*	2
270	10833	133	244	0	0	*	2
271	10873	135	244	0	0	*	2
272	10913	138	243	0	0	*	2
273	10953	140	243	0	0	*	2
274	10993	143	242	0	0	*	2
275	11033	145	241	0	0	*	2
276	11073	148	240	0	0	*	2
277	11113	149	240	0	0	*	2
278	11153	152	239	0	0	*	2
279	11193	155	238	0	0	*	2
280	11233	157	238	0	0	*	2
281	11273	159	236	0	0	*	2
282	11313	161	235	0	0	*	2
283	11353	164	235	0	0	*	2
284	11393	167	233	0	0	*	2
285	11433	169	232	0	0	*	2
286	11473	171	232	0	0	*	2
287	11513	173	230	0	0	*	2
288	11553	176	229	0	0	*	2
289	11593	178	227	0	0	*	2
290	11633	181	226	0	0	*	2
291	11673	183	224	0	0	*	2
292	11713	185	223	0	0	*	2
293	11753	188	221	0	0	*	2
294	11793	191	219	0	0	*	2
295	11833	192	218	0	0	*	2
296	11873	195	217	0	0	*	2
297	11913	197	215	0	0	*	2
298	11953	199	214	0	0	*	2
299	11993	202	212	0	0	*	2
300	12033	205	211	0	0	*	2
301	12073	207	210	0	0	*	2
302	12113	209	210	0	0	*	2
303	12153	212	209	0	0	*	2
304	12193	214	208	0	0	*	2
305	12233	217	207	0	0	*	2
306	12273	219	206	0	0	*	2
307	12313	220	204	0	0	*	2
308	12353	222	203	0	0	*	2
309	12393	223	201	0	0	*	2
310	12433	225	200	0	0	*	2
311	12473	226	198	0	0	*	2
312	12513	228	195	0	0	*	2
313	12553	229	194	0	0	*	2
314	12593	231	192	0	0	*	2
315	12633	231	190	0	0	*	2
316	12673	232	188	0	0	*	2
317	12713	233	185	0	0	*	2
318	12753	234	183	0	0	*	2
319	12793	235	182	0	0	*	2
320	12833	236	179	0	0	*	2
321	12873	237	177	0	0	*	2
322	12913	238	175	0	0	*	2
323	12953	239	172	0	0	*	2
324	12993	240	169	0	0	*	2
325	13033	241	167	0	0	*	2
326	13073	241	164	0	0	*	2
327	13113	242	162	0	0	*	2
328	13153	242	160	0	0	*	2
329	13193	242	157	0	0	*	2
330	13233	243	154	0	0	*	2
331	13273	244	152	0	0	*	2
332	13313	244	149	0	0	*	2
333	13353	244	146	0	0	*	2
334	13393	245	143	0	0	*	2
335	13433	245	140	0	0	*	2
336	13473	246	138	0	0	*	2
337	13513	246	136	0	0	*	2
338	13553	248	133	0	0	*	2
339	13593	248	130	0	0	*	2
340	13633	248	127	0	0	*	2
341	13673	249	124	0	0	*	2
342	13713	249	122	0	0	*	2
343	13753	249	119	0	0	*	2
344	13793	249	117	0	0	*	2
345	13833	249	115	0	0	*	2
346	13873	249	112	0	0	*	2
347	13913	249	110	0	0	*	2
348	13953	248	107	0	0	*	2
349	13993	248	105	0	0	*	2
350	14033	248	102	0	0	*	2
351	14073	247	100	0	0	*	2
352	14113	246	98	0	0	*	2
353	14153	245	95	0	0	*	2
354	14193	245	93	0	0	*	2
355	14233	243	91	0	0	*	2
356	14273	242	88	0	0	*	2
357	14313	241	85	0	0	*	2
358	14353	239	83	0	0	*	2
359	14393	238	80	0	0	*	2
360	14433	237	78	0	0	*	2
361	14473	235	75	0	0	*	2
362	14513	233	73	0	0	*	2
363	14553	232	71	0	0	*	2
364	14593	231	69	0	0	*	2
365	14633	229	66	0	0	*	2
366	14673	228	64	0	0	*	2
367	14713	226	62	0	0	*	2
368	14753	224	59	0	0	*	2
369	14793	223	58	0	0	*	2
370	14833	221	55	0	0	*	2
371	14873	220	53	0	0	*	2
372	14913	218	50	0	0	*	2
373	14953	216	48	0	0	*	2
374	14993	214	46	0	0	*	2
375	15033	213	44	0	0	*	2
376	15073	211	42	0	0	*	2
377	15113	209	40	0	0	*	2
378	15153	207	37	0	0	*	2
379	15193	205	35	0	0	*	2
380	15233	204	33	0	0	*	2
381	15273	202	31	0	0	*	2
382	15313	199	28	0	0	*	2
383	15353	198	26	0	0	*	2
384	15393	196	25	0	0	*	2
385	15433	194	23	0	0	*	2
386	15473	192	22	0	0	*	2
387	15513	190	21	0	0	*	2
388	15553	188	20	0	0	*	2
389	15593	186	18	0	0	*	2
390	15633	184	17	0	0	*	2
391	15673	182	16	0	0	*	2
392	15713	180	15	0	0	*	2
393	15753	178	14	0	0	*	2
394	15793	175	13	0	0	*	2
395	15833	173	12	0	0	*	2
396	15873	170	11	0	0	*	2
397	15913	167	10	0	0	*	2
398	15953	164	9	0	0	*	2
399	15993	162	8	0	0	*	2
400	16033	158	7	0	0	*	2
401	16073	156	7	0	0	*	2
402	16113	154	6	0	0	*	2
403	16153	151	5	0	0	*	2
404	16193	149	5	0	0	*	2
405	16233	147	5	0	0	*	2
406	16273	144	4	0	0	*	2
407	16313	141	4	0	0	*	2
408	16353	138	3	0	0	*	2
409	16393	135	3	0	0	*	2
410	16433	133	3	0	0	*	2
411	16473	131	3	0	0	*	2
412	16513	127	3	0	0	*	2
413	16553	125	3	0	0	*	2
414	16593	122	3	0	0	*	2
415	16633	119	4	0	0	*	2
416	16673	117	4	0	0	*	2
417	16713	114	4	0	0	*	2
418	16753	110	4	0	0	*	2
419	16793	107	5	0	0	*	2
420	16833	104	6	0	0	*	2
421	16873	101	6	0	0	*	2
422	16913	99	7	0	0	*	2
423	16953	97	7	0	0	*	2
424	16993	94	8	0	0	*	2
425	17033	91	9	0	0	*	2
426	17073	88	10	0	0	*	2
427	17113	85	11	0	0	*	2
428	17153	83	12	0	0	*	2
429	17193	80	13	0	0	*	2
430	17233	77	14	0	0	*	2
431	17273	74	15	0	0	*	2
432	17313	72	17	0	0	*	2
433	17353	69	18	0	0	*	2
434	17393	67	19	0	0	*	2
435	17433	65	20	0	0	*	2
436	17473	62	22	0	0	*	2
437	17513	60	23	0	0	*	2
438	17553	57	25	0	0	*	2
439	17593	54	27	0	0	*	2
440	17633	53	28	0	0	*	2
441	17673	51	29	0	0	*	2
442	17713	49	31	0	0	*	2
443	17753	47	33	0	0	*	2
444	17793	44	36	0	0	*	2
445	17833	42	38	0	0	*	2
446	17873	40	40	0	0	*	2
447	17913	39	41	0	0	*	2
448	17953	36	44	0	0	*	2
449	17993	35	46	0	0	*	2
450	18033	33	47	0	0	*	2
451	18073	31	50	0	0	*	2
452	18113	30	52	0	0	*	2
453	18153	28	54	0	0	*	2
454	18193	27	56	0	0	*	2
455	18233	25	58	0	0	*	2
456	18273	24	61	0	0	*	2
457	18313	22	64	0	0	*	2
458	18353	21	66	0	0	*	2
459	18393	20	67	0	0	*	2
460	18433	18	70	0	0	*	2
461	18473	17	73	0	0	*	2
462	18513	16	75	0	0	*	2
463	18553	14	77	0	0	*	2
464	18593	14	79	0	0	*	2
465	18633	13	82	0	0	*	2
466	18673	12	85	0	0	*	2
467	18713	11	87	0	0	*	2
468	18753	10	90	0	0	*	2
469	18793	9	93	0	0	*	2
470	18833	9	95	0	0	*	2
471	18873	8	97	0	0	*	2
472	18913	7	99	0	0	*	2
473	18953	7	102	0	0	*	2
474	18993	6	106	0	0	*	2
475	19033	6	109	0	0	*	2
476	19073	6	111	0	0	*	2
477	19113	5	113	0	0	*	2
478	19153	5	115	0	0	*	2
479	19193	5	118	0	0	*	2
480	19233	5	122	0	0	*	2
481	19273	5	125	0	0	*	2
482	19313	5	127	0	0	*	2
483	19353	5	130	0	0	*	2
484	19393	5	133	0	0	*	2
485	19433	6	136	0	0	*	2
486	19473	6	139	0	0	*	2
487	19513	6	142	0	0	*	2
488	19553	7	144	0	0	*	2
489	19593	7	147	0	0	*	2
490	19633	7	149	0	0	*	2
491	19673	8	152	0	0	*	2
492	19713	8	154	0	0	*	2
493	19753	9	157	0	0	*	2
494	19793	10	159	0	0	*	2
495	19833	10	162	0	0	*	2
496	19873	11	164	0	0	*	2
497	19913	12	166	0	0	*	2
498	19953	13	169	0	0	*	2
499	19993	14	172	0	0	*	2
500	20033	15	174	0	0	*	2
501	20073	16	177	0	0	*	2
502	20113	18	179	0	0	*	2
503	20153	19	181	0	0	*	2
504	20193	21	185	0	0	*	2
505	20233	22	187	0	0	*	2
506	20273	24	189	0	0	*	2
507	20313	24	190	0	0	*	2
508	20353	26	193	0	0	*	2
509	20393	27	194	0	0	*	2
510	20433	29	197	0	0	*	2
511	20473	32	200	0	0	*	2
512	20513	33	202	0	0	*	2
513	20553	34	203	0	0	*	2
514	20593	36	205	0	0	*	2
515	20633	38	208	0	0	*	2
516	20673	41	210	0	0	*	2
517	20713	44	212	0	0	*	2
518	20753	45	214	0	0	*	2
519	20793	47	216	0	0	*	2
520	20833	50	218	0	0	*	2
521	20873	52	220	0	0	*	2
522	20913	54	222	0	0	*	2
523	20953	57	224	0	0	*	2
524	20993	59	225	0	0	*	2
525	21033	61	226	0	0	*	2
526	21073	63	228	0	0	*	2
527	21113	65	229	0	0	*	2
528	21153	68	231	0	0	*	2
529	21193	70	232	0	0	*	2
530	21233	72	233	0	0	*	2
531	21273	74	234	0	0	*	2
532	21313	77	235	0	0	*	2
533	21353	80	236	0	0	*	2
534	21393	82	237	0	0	*	2
535	21433	85	239	0	0	*	2
536	21473	87	239	0	0	*	2
537	21513	89	240	0	0	*	2
538	21553	92	241	0	0	*	2
539	21593	95	242	0	0	*	2
540	21633	97	242	0	0	*	2
541	21673	101	243	0	0	*	2
542	21713	102	244	0	0	*	2
543	21753	105	244	0	0	*	2
544	21793	108	244	0	0	*	2
545	21833	110	245	0	0	*	2
546	21873	113	245	0	0	*	2
547	21913	118	246	0	0	*	2
548	21953	121	246	0	0	*	2
549	21993	121	246	0	0	*	2
550	22033	125	246	0	0	*	2
551	22073	127	246	0	0	*	2
552	22113	131	245	0	0	*	2
553	22153	134	245	0	0	*	2
554	22193	137	245	0	0	*	2
555	22233	139	245	0	0	*	2
556	22273	142	244	0	0	*	2
557	22313	145	244	0	0	*	2
558	22353	147	244	0	0	*	2
559	22393	150	243	0	0	*	2
560	22433	153	243	0	0	*	2
561	22473	155	243	0	0	*	2
562	22513	158	242	0	0	*	2
563	22553	160	242	0	0	*	2
564	22593	162	241	0	0	*	2
565	22633	165	241	0	0	*	2
566	22673	168	240	0	0	*	2
567	22713	170	239	0	0	*	2
568	22753	173	238	0	0	*	2
569	22793	175	237	0	0	*	2
570	22833	177	236	0	0	*	2
571	22873	180	235	0	0	*	2
572	22913	182	234	0	0	*	2
573	22953	184	233	0	0	*	2
574	22993	187	231	0	0	*	2
575	23033	189	230	0	0	*	2
576	23073	192	229	0	0	*	2
577	23113	194	227	0	0	*	2
578	23153	195	226	0	0	*	2
579	23193	197	225	0	0	*	2
580	23233	199	222	0	0	*	2
581	23273	201	220	0	0	*	2
582	23313	203	219	0	0	*	2
583	23353	205	217	0	0	*	2
584	23393	206	215	0	0	*	2
585	23433	208	213	0	0	*	2
586	23473	210	210	0	0	*	2
587	23513	212	209	0	0	*	2
588	23553	213	206	0	0	*	2
589	23593	215	204	0	0	*	2
590	23633	216	202	0	0	*	2
591	23673	218	199	0	0	*	2
592	23713	219	196	0	0	*	2
593	23753	220	194	0	0	*	2
594	23793	222	192	0	0	*	2
595	23833	223	189	0	0	*	2
596	23873	224	187	0	0	*	2
597	23913	225	185	0	0	*	2
598	23953	227	182	0	0	*	2
599	23993	228	179	0	0	*	2
600	24033	230	176	0	0	*	2
601	24073	231	173	0	0	*	2
602	24113	232	171	0	0	*	2
603	24153	233	169	0	0	*	2
604	24193	234	165	0	0	*	2
605	24233	235	162	0	0	*	2
606	24273	237	160	0	0	*	2
607	24313	238	158	0	0	*	2
608	24353	238	155	0	0	*	2
609	24393	239	153	0	0	*	2
610	24433	241	149	0	0	*	2
611	24473	242	147	0	0	*	2
612	24513	243	144	0	0	*	2
613	24553	244	141	0	0	*	2
614	24593	244	139	0	0	*	2
615	24633	246	136	0	0	*	2
616	24673	248	133	0	0	*	2
617	24713	248	131	0	0	*	2
618	24753	249	129	0	0	*	2
619	24793	249	126	0	0	*	2
620	24833	250	124	0	0	*	2
621	24873	250	121	0	0	*	2
622	24913	250	118	0	0	*	2
623	24953	250	116	0	0	*	2
624	24993	250	114	0	0	*	2
625	25033	250	112	0	0	*	2
626	25073	249	109	0	0	*	2
627	25113	249	107	0	0	*	2
628	25153	248	104	0	0	*	2
629	25193	248	102	0	0	*	2
630	25233	247	99	0	0	*	2
631	25273	247	96	0	0	*	2
632	25313	246	94	0	0	*	2
633	25353	245	93	0	0	*	2
634	25393	245	90	0	0	*	2
635	25433	244	87	0	0	*	2
636	25473	243	84	0	0	*	2
637	25513	242	82	0	0	*	2
638	25553	241	80	0	0	*	2
639	25593	240	78	0	0	*	2
640	25633	238	75	0	0	*	2
641	25673	237	72	0	0	*	2
642	25713	236	70	0	0	*	2
643	25753	234	69	0	0	*	2
644	25793	233	66	0	0	*	2
645	25833	231	64	0	0	*	2
646	25873	230	61	0	0	*	2
647	25913	229	59	0	0	*	2
648	25953	227	56	0	0	*	2
649	25993	224	53	0	0	*	2
650	26033	223	51	0	0	*	2
651	26073	221	48	0	0	*	2
652	26113	219	46	0	0	*	2
653	26153	218	45	0	0	*	2
654	26193	215	42	0	0	*	2
655	26233	214	41	0	0	*	2
656	26273	213	39	0	0	*	2
657	26313	210	37	0	0	*	2
658	26353	208	35	0	0	*	2
659	26393	206	33	0	0	*	2
660	26433	204	31	0	0	*	2
661	26473	202	29	0	0	*	2
662	26513	200	27	0	0	*	2
663	26553	198	25	0	0	*	2
664	26593	196	24	0	0	*	2
665	26633	194	23	0	0	*	2
666	26673	191	21	0	0	*	2
667	26713	190	20	0	0	*	2
668	26753	188	19	0	0	*	2
669	26793	185	18	0	0	*	2
670	26833	183	16	0	0	*	2
671	26873	180	15	0	0	*	2
672	26913	177	13	0	0	*	2
673	26953	175	13	0	0	*	2
674	26993	173	12	0	0	*	2
675	27033	170	11	0	0	*	2
676	27073	168	10	0	0	*	2
677	27113	164	8	0	0	*	2
678	27153	161	8	0	0	*	2
679	27193	159	7	0	0	*	2
680	27233	157	6	0	0	*	2
681	27273	154	6	0	0	*	2
682	27313	150	5	0	0	*	2
683	27353	146	4	0	0	*	2
684	27393	144	4	0	0	*	2
685	27433	143	4	0	0	*	2
686	27473	139	3	0	0	*	2
687	27513	136	3	0	0	*	2
688	27553	133	3	0	0	*	2
689	27593	130	3	0	0	*	2
690	27633	127	3	0	0	*	2
691	27673	125	3	0	0	*	2
692	27713	122	3	0	0	*	2
693	27753	119	3	0	0	*	2
694	27793	116	3	0	0	*	2
695	27833	112	4	0	0	*	2
696	27873	110	4	0	0	*	2
697	27913	108	4	0	0	*	2
698	27953	105	5	0	0	*	2
699	27993	101	6	0	0	*	2
700	28033	98	6	0	0	*	2
701	28073	95	7	0	0	*	2
702	28113	93	8	0	0	*	2
703	28153	91	9	0	0	*	2
704	28193	88	10	0	0	*	2
705	28233	85	11	0	0	*	2
706	28273	82	12	0	0	*	2
707	28313	79	13	0	0	*	2
708	28353	77	14	0	0	*	2
709	28393	75	14	0	0	*	2
710	28433	72	16	0	0	*	2
711	28473	69	17	0	0	*	2
712	28513	67	18	0	0	*	2
713	28553	64	20	0	0	*	2
714	28593	62	21	0	0	*	2
715	28633	60	23	0	0	*	2
716	28673	58	24	0	0	*	2
717	28713	55	25	0	0	*	2
718	28753	53	27	0	0	*	2
719	28793	50	29	0	0	*	2
720	28833	49	31	0	0	*	2
721	28873	47	32	0	0	*	2
722	28913	45	34	0	0	*	2
723	28953	43	36	0	0	*	2
724	28993	40	38	0	0	*	2
725	29033	38	40	0	0	*	2
726	29073	36	42	0	0	*	2
727	29113	35	44	0	0	*	2
728	29153	33	46	0	0	*	2
729	29193	31	48	0	0	*	2
730	29233	29	51	0	0	*	2
731	29273	27	53	0	0	*	2
732	29313	26	56	0	0	*	2
733	29353	25	57	0	0	*	2
734	29393	24	59	0	0	*	2
735	29433	22	62	0	0	*	2
736	29473	21	64	0	0	*	2
737	29513	19	68	0	0	*	2
738	29553	18	69	0	0	*	2
739	29593	17	71	0	0	*	2
740	29633	16	73	0	0	*	2
741	29673	15	76	0	0	*	2
742	29713	13	79	0	0	*	2
743	29753	12	82	0	0	*	2
744	29793	12	84	0	0	*	2
745	29833	11	86	0	0	*	2
746	29873	10	88	0	0	*	2
747	29913	9	91	0	0	*	2
748	29953	9	93	0	0	*	2
749	29993	8	97	0	0	*	2
750	30033	7	99	0	0	*	2
751	30073	6	101	0	0	*	2
752	30113	6	104	0	0	*	2
753	30153	6	106	0	0	*	2
754	30193	5	109	0	0	*	2
755	30233	4	113	0	0	*	2
756	30273	4	115	0	0	*	2
757	30313	4	117	0	0	*	2
758	30353	4	119	0	0	*	2
759	30393	4	121	0	0	*	2
760	30433	4	124	0	0	*	2
761	30473	4	128	0	0	*	2
762	30513	4	131	0	0	*	2
763	30553	4	133	0	0	*	2
764	30593	4	136	0	0	*	2
765	30633	5	138	0	0	*	2
766	30673	5	140	0	0	*	2
767	30713	6	144	0	0	*	2
768	30753	6	147	0	0	*	2
769	30793	7	149	0	0	*	2
770	30833	7	151	0	0	*	2
771	30873	7	153	0	0	*	2
772	30913	8	156	0	0	*	2
773	30953	9	160	0	0	*	2
774	30993	10	162	0	0	*	2
775	31033	11	164	0	0	*	2
776	31073	12	167	0	0	*	2
777	31113	12	169	0	0	*	2
778	31153	13	171	0	0	*	2
779	31193	15	175	0	0	*	2
780	31233	16	178	0	0	*	2
781	31273	17	179	0	0	*	2
782	31313	18	182	0	0	*	2
783	31353	19	183	0	0	*	2
784	31393	20	185	0	0	*	2
785	31433	22	188	0	0	*	2
786	31473	24	191	0	0	*	2
787	31513	24	193	0	0	*	2
788	31553	26	194	0	0	*	2
789	31593	27	197	0	0	*	2
790	31633	29	200	0	0	*	2
791	31673	32	202	0	0	*	2
792	31713	33	204	0	0	*	2
793	31753	34	205	0	0	*	2
794	31793	36	207	0	0	*	2
795	31833	38	209	0	0	*	2
796	31873	40	211	0	0	*	2
797	31913	42	213	0	0	*	2
798	31953	44	215	0	0	*	2
799	31993	46	216	0	0	*	2
800	32033	48	218	0	0	*	2
801	32073	50	220	0	0	*	2
802	32113	52	221	0	0	*	2
803	32153	54	223	0	0	*	2
804	32193	57	225	0	0	*	2
805	32233	59	226	0	0	*	2
806	32273	60	227	0	0	*	2
807	32313	62	228	0	0	*	2
808	32353	65	230	0	0	*	2
809	32393	68	232	0	0	*	2
810	32433	71	233	0	0	*	2
811	32473	72	233	0	0	*	2
812	32513	74	235	0	0	*	2
813	32553	78	236	0	0	*	2
814	32593	80	237	0	0	*	2
815	32633	83	239	0	0	*	2
816	32673	85	239	0	0	*	2
817	32713	87	240	0	0	*	2
818	32753	89	241	0	0	*	2
819	32793	92	242	0	0	*	2
820	32833	95	242	0	0	*	2
821	32873	97	243	0	0	*	2
822	32913	101	244	0	0	*	2
823	32953	102	244	0	0	*	2
824	32993	105	245	0	0	*	2
825	33033	108	245	0	0	*	2
826	33073	111	245	0	0	*	2
827	33113	115	246	0	0	*	2
828	33153	118	246	0	0	*	2
829	33193	120	246	0	0	*	2
830	33233	123	247	0	0	*	2
831	33273	126	247	0	0	*	2
832	33313	129	247	0	0	*	2
833	33353	132	248	0	0	*	2
834	33393	134	247	0	0	*	2
835	33433	135	247	0	0	*	2
836	33473	139	247	0	0	*	2
837	33513	141	247	0	0	*	2
838	33553	143	246	0	0	*	2
839	33593	146	246	0	0	*	2
840	33633	149	246	0	0	*	2
841	33673	151	245	0	0	*	2
842	33713	154	245	0	0	*	2
843	33753	157	244	0	0	*	2
844	33793	159	244	0	0	*	2
845	33833	162	243	0	0	*	2
846	33873	164	242	0	0	*	2
847	33913	166	242	0	0	*	2
848	33953	169	240	0	0	*	2
849	33993	170	240	0	0	*	2
850	34033	174	239	0	0	*	2
851	34073	177	237	0	0	*	2
852	34113	178	237	0	0	*	2
853	34153	180	236	0	0	*	2
854	34193	183	234	0	0	*	2
855	34233	185	233	0	0	*	2
856	34273	188	232	0	0	*	2
857	34313	191	230	0	0	*	2
858	34353	192	229	0	0	*	2
859	34393	194	228	0	0	*	2
860	34433	196	226	0	0	*	2
861	34473	199	225	0	0	*	2
862	34513	202	223	0	0	*	2
863	34553	205	221	0	0	*	2
864	34593	206	220	0	0	*	2
865	34633	208	218	0	0	*	2
866	34673	210	216	0	0	*	2
867	34713	212	214	0	0	*	2
868	34753	214	212	0	0	*	2
869	34793	217	210	0	0	*	2
870	34833	217	209	0	0	*	2
871	34873	219	207	0	0	*	2
872	34913	221	205	0	0	*	2
873	34953	222	203	0	0	*	2
874	34993	224	200	0	0	*	2
875	35033	226	197	0	0	*	2
876	35073	227	196	0	0	*	2
877	35113	229	194	0	0	*	2
878	35153	230	192	0	0	*	2
879	35193	232	189	0	0	*	2
880	35233	233	186	0	0	*	2
881	35273	235	184	0	0	*	2
882	35313	236	183	0	0	*	2
883	35353	237	181	0	0	*	2
884	35393	238	178	0	0	*	2
885	35433	240	175	0	0	*	2
886	35473	241	172	0	0	*	2
887	35513	242	169	0	0	*	2
888	35553	243	167	0	0	*	2
889	35593	243	164	0	0	*	2
890	35633	245	162	0	0	*	2
891	35673	245	159	0	0	*	2
892	35713	246	156	0	0	*	2
893	35753	247	154	0	0	*	2
894	35793	247	152	0	0	*	2
895	35833	248	149	0	0	*	2
896	35873	249	146	0	0	*	2
897	35913	249	143	0	0	*	2
898	35953	250	140	0	0	*	2
899	35993	250	138	0	0	*	2
900	36033	250	136	0	0	*	2
901	36073	251	132	0	0	*	2
902	36113	251	129	0	0	*	2
903	36153	251	126	0	0	*	2
904	36193	251	123	0	0	*	2
905	36233	251	121	0	0	*	2
906	36273	251	118	0	0	*	2
907	36313	250	116	0	0	*	2
908	36353	250	113	0	0	*	2
909	36393	250	109	0	0	*	2
910	36433	249	106	0	0	*	2
911	36473	249	104	0	0	*	2
912	36513	248	102	0	0	*	2
913	36553	248	99	0	0	*	2
914	36593	247	96	0	0	*	2
915	36633	246	93	0	0	*	2
916	36673	246	90	0	0	*	2
917	36713	245	89	0	0	*	2
918	36753	244	86	0	0	*	2
919	36793	243	84	0	0	*	2
920	36833	242	80	0	0	*	2
921	36873	241	78	0	0	*	2
922	36913	240	75	0	0	*	2
923	36953	239	74	0	0	*	2
924	36993	238	71	0	0	*	2
925	37033	236	69	0	0	*	2
926	37073	234	66	0	0	*	2
927	37113	232	63	0	0	*	2
928	37153	231	61	0	0	*	2
929	37193	230	58	0	0	*	2
930	37233	227	55	0	0	*	2
931	37273	226	53	0	0	*	2
932	37313	225	51	0	0	*	2
933	37353	222	48	0	0	*	2
934	37393	221	46	0	0	*	2
935	37433	219	44	0	0	*	2
936	37473	218	42	0	0	*	2
937	37513	216	41	0	0	*	2
938	37553	214	39	0	0	*	2
939	37593	212	36	0	0	*	2
940	37633	210	35	0	0	*	2
941	37673	208	33	0	0	*	2
942	37713	206	32	0	0	*	2
943	37753	205	30	0	0	*	2
944	37793	203	28	0	0	*	2
945	37833	200	26	0	0	*	2
946	37873	198	25	0	0	*	2
947	37913	196	23	0	0	*	2
948	37953	195	23	0	0	*	2
949	37993	193	21	0	0	*	2
950	38033	191	20	0	0	*	2
951	38073	188	19	0	0	*	2
952	38113	187	18	0	0	*	2
953	38153	184	17	0	0	*	2
954	38193	182	15	0	0	*	2
955	38233	180	14	0	0	*	2
956	38273	176	12	0	0	*	2
957	38313	174	12	0	0	*	2
958	38353	172	11	0	0	*	2
959	38393	170	10	0	0	*	2
960	38433	168	9	0	0	*	2
961	38473	165	8	0	0	*	2
962	38513	161	7	0	0	*	2
963	38553	158	6	0	0	*	2
964	38593	157	6	0	0	*	2
965	38633	154	5	0	0	*	2
966	38673	151	4	0	0	*	2
967	38713	148	4	0	0	*	2
968	38753	145	3	0	0	*	2
969	38793	142	3	0	0	*	2
970	38833	140	3	0	0	*	2
971	38873	137	3	0	0	*	2
972	38913	134	2	0	0	*	2
973	38953	132	2	0	0	*	2
974	38993	127	2	0	0	*	2
975	39033	125	2	0	0	*	2
976	39073	123	2	0	0	*	2
977	39113	121	2	0	0	*	2
978	39153	117	2	0	0	*	2
979	39193	114	3	0	0	*	2
980	39233	110	3	0	0	*	2
981	39273	108	4	0	0	*	2
982	39313	106	4	0	0	*	2
983	39353	103	4	0	0	*	2
984	39393	100	5	0	0	*	2
985	39433	97	6	0	0	*	2
986	39473	93	7	0	0	*	2
987	39513	91	7	0	0	*	2
988	39553	89	8	0	0	*	2
989	39593	86	9	0	0	*	2
990	39633	84	10	0	0	*	2
991	39673	81	12	0	0	*	2
992	39713	77	13	0	0	*	2
993	39753	76	13	0	0	*	2
994	39793	73	15	0	0	*	2
995	39833	71	16	0	0	*	2
996	39873	68	17	0	0	*	2
997	39913	65	19	0	0	*	2
998	39953	62	20	0	0	*	2
999	39993	61	22	0	0	*	2
1000	40033	59	23	0	0	*	2
1001	40073	57	24	0	0	*	2
1002	40113	54	25	0	0	*	2
1003	40153	52	27	0	0	*	2
1004	40193	49	29	0	0	*	2
1005	40233	47	31	0	0	*	2
1006	40273	46	33	0	0	*	2
1007	40313	44	34	0	0	*	2
1008	40353	42	36	0	0	*	2
1009	40393	39	39	0	0	*	2
1010	40433	37	41	0	0	*	2
1011	40473	36	43	0	0	*	2
1012	40513	34	44	0	0	*	2
1013	40553	33	46	0	0	*	2
1014	40593	31	48	0	0	*	2
1015	40633	29	50	0	0	*	2
1016	40673	27	53	0	0	*	2
1017	40713	25	56	0	0	*	2
1018	40753	24	57	0	0	*	2
1019	40793	23	59	0	0	*	2
1020	40833	22	62	0	0	*	2
1021	40873	21	64	0	0	*	2
1022	40913	19	67	0	0	*	2
1023	40953	17	70	0	0	*	2
1024	40993	16	71	0	0	*	2
1025	41033	15	74	0	0	*	2
1026	41073	14	76	0	0	*	2
1027	41113	13	78	0	0	*	2
1028	41153	12	81	0	0	*	2
1029	41193	11	84	0	0	*	2
1030	41233	11	86	0	0	*	2
1031	41273	10	89	0	0	*	2
1032	41313	9	91	0	0	*	2
1033	41353	8	93	0	0	*	2
1034	41393	8	96	0	0	*	2
1035	41433	7	99	0	0	*	2
1036	41473	6	102	0	0	*	2
1037	41513	6	104	0	0	*	2
1038	41553	6	107	0	0	*	2
1039	41593	5	109	0	0	*	2
1040	41633	5	113	0	0	*	2
1041	41673	4	115	0	0	*	2
1042	41713	4	117	0	0	*	2
1043	41753	4	120	0	0	*	2
1044	41793	4	122	0	0	*	2
1045	41833	4	125	0	0	*	2
1046	41873	4	128	0	0	*	2
1047	41913	4	132	0	0	*	2
1048	41953	4	134	0	0	*	2
1049	41993	4	137	0	0	*	2
1050	42033	5	139	0	0	*	2
1051	42073	5	142	0	0	*	2
1052	42113	6	144	0	0	*	2
1053	42153	6	149	0	0	*	2
1054	42193	7	151	0	0	*	2
1055	42233	7	153	0	0	*	2
1056	42273	8	156	0	0	*	2
1057	42313	9	158	0	0	*	2
1058	42353	9	160	0	0	*	2
1059	42393	10	163	0	0	*	2
1060	42433	11	165	0	0	*	2
1061	42473	12	167	0	0	*	2
1062	42513	13	170	0	0	*	2
1063	42553	14	173	0	0	*	2
1064	42593	15	175	0	0	*	2
1065	42633	16	178	0	0	*	2
1066	42673	17	181	0	0	*	2
1067	42713	18	183	0	0	*	2
1068	42753	20	185	0	0	*	2
1069	42793	21	187	0	0	*	2
1070	42833	23	189	0	0	*	2
1071	42873	24	193	0	0	*	2
1072	42913	26	195	0	0	*	2
1073	42953	27	197	0	0	*	2
1074	42993	29	198	0	0	*	2
1075	43033	30	200	0	0	*	2
1076	43073	32	203	0	0	*	2
1077	43113	34	205	0	0	*	2
1078	43153	36	207	0	0	*	2
1079	43193	38	209	0	0	*	2
1080	43233	40	211	0	0	*	2
1081	43273	41	213	0	0	*	2
1082	43313	44	215	0	0	*	2
1083	43353	47	218	0	0	*	2
1084	43393	49	219	0	0	*	2
1085	43433	50	221	0	0	*	2
1086	43473	52	223	0	0	*	2
1087	43513	55	224	0	0	*	2
1088	43553	57	226	0	0	*	2
1089	43593	60	228	0	0	*	2
1090	43633	62	229	0	0	*	2
1091	43673	64	231	0	0	*	2
1092	43713	66	232	0	0	*	2
1093	43753	69	233	0	0	*	2
1094	43793	72	234	0	0	*	2
1095	43833	74	236	0	0	*	2
1096	43873	76	237	0	0	*	2
1097	43913	78	238	0	0	*	2
1098	43953	81	239	0	0	*	2
1099	43993	83	240	0	0	*	2
1100	44033	85	241	0	0	*	2
1101	44073	88	242	0	0	*	2
1102	44113	91	243	0	0	*	2
1103	44153	93	243	0	0	*	2
1104	44193	95	244	0	0	*	2
1105	44233	97	244	0	0	*	2
1106	44273	100	245	0	0	*	2
1107	44313	103	245	0	0	*	2
1108	44353	108	246	0	0	*	2
1109	44393	109	246	0	0	*	2
1110	44433	112	247	0	0	*	2
1111	44473	115	247	0	0	*	2
1112	44513	118	247	0	0	*	2
1113	44553	121	248	0	0	*	2
1114	44593	124	248	0	0	*	2
1115	44633	126	248	0	0	*	2
1116	44673	128	248	0	0	*	2
1117	44713	132	248	0	0	*	2
1118	44753	134	248	0	0	*	2
1119	44793	137	248	0	0	*	2
1120	44833	140	248	0	0	*	2
1121	44873	142	247	0	0	*	2
1122	44913	145	247	0	0	*	2
1123	44953	147	247	0	0	*	2
1124	44993	149	246	0	0	*	2
1125	45033	152	246	0	0	*	2
1126	45073	156	245	0	0	*	2
1127	45113	157	245	0	0	*	2
1128	45153	159	244	0	0	*	2
1129	45193	162	243	0	0	*	2
1130	45233	164	243	0	0	*	2
1131	45273	167	242	0	0	*	2
1132	45313	170	241	0	0	*	2
1133	45353	171	240	0	0	*	2
1134	45393	174	239	0	0	*	2
1135	45433	177	238	0	0	*	2
1136	45473	179	237	0	0	*	2
1137	45513	182	236	0	0	*	2
1138	45553	184	234	0	0	*	2
1139	45593	186	233	0	0	*	2
1140	45633	189	232	0	0	*	2
1141	45673	191	231	0	0	*	2
1142	45713	194	230	0	0	*	2
1143	45753	196	227	0	0	*	2
1144	45793	199	226	0	0	*	2
1145	45833	200	224	0	0	*	2
1146	45873	202	223	0	0	*	2
1147	45913	205	221	0	0	*	2
1148	45953	207	219	0	0	*	2
1149	45993	209	216	0	0	*	2
1150	46033	211	214	0	0	*	2
1151	46073	212	213	0	0	*	2
1152	46113	215	210	0	0	*	2
1153	46153	217	209	0	0	*	2
1154	46193	219	206	0	0	*	2
1155	46233	221	204	0	0	*	2
1156	46273	222	202	0	0	*	2
1157	46313	223	200	0	0	*	2
1158	46353	226	197	0	0	*	2
1159	46393	227	195	0	0	*	2
1160	46433	229	192	0	0	*	2
1161	46473	231	189	0	0	*	2
1162	46513	231	188	0	0	*	2
1163	46553	233	186	0	0	*	2
1164	46593	234	184	0	0	*	2
1165	46633	236	181	0	0	*	2
1166	46673	238	178	0	0	*	2
1167	46713	239	175	0	0	*	2
1168	46753	240	174	0	0	*	2
1169	46793	241	172	0	0	*	2
1170	46833	242	169	0	0	*	2
1171	46873	243	166	0	0	*	2
1172	46913	244	163	0	0	*	2
1173	46953	245	161	0	0	*	2
1174	46993	246	159	0	0	*	2
1175	47033	246	157	0	0	*	2
1176	47073	247	154	0	0	*	2
1177	47113	248	151	0	0	*	2
1178	47153	249	148	0	0	*	2
1179	47193	249	145	0	0	*	2
1180	47233	249	143	0	0	*	2
1181	47273	250	141	0	0	*	2
1182	47313	250	139	0	0	*	2
1183	47353	251	136	0	0	*	2
1184	47393	251	133	0	0	*	2
1185	47433	251	130	0	0	*	2
1186	47473	251	128	0	0	*	2
1187	47513	251	125	0	0	*	2
1188	47553	251	122	0	0	*	2
1189	47593	251	120	0	0	*	2
1190	47633	251	117	0	0	*	2
1191	47673	250	114	0	0	*	2
1192	47713	250	112	0	0	*	2
1193	47753	250	110	0	0	*	2
1194	47793	250	107	0	0	*	2
1195	47833	249	104	0	0	*	2
1196	47873	249	100	0	0	*	2
1197	47913	248	98	0	0	*	2
1198	47953	248	96	0	0	*	2
1199	47993	247	93	0	0	*	2
1200	48033	246	91	0	0	*	2
1201	48073	245	88	0	0	*	2
1202	48113	244	85	0	0	*	2
1203	48153	243	83	0	0	*	2
1204	48193	243	81	0	0	*	2
1205	48233	242	79	0	0	*	2
1206	48273	241	76	0	0	*	2
1207	48313	239	73	0	0	*	2
1208	48353	238	70	0	0	*	2
1209	48393	237	68	0	0	*	2
1210	48433	235	66	0	0	*	2
1211	48473	234	64	0	0	*	2
1212	48513	232	61	0	0	*	2
1213	48553	231	58	0	0	*	2
1214	48593	227	54	0	0	*	2
1215	48633	226	52	0	0	*	2
1216	48673	224	50	0	0	*	2
1217	48713	222	47	0	0	*	2
1218	48753	220	45	0	0	*	2
1219	48793	219	43	0	0	*	2
1220	48833	217	41	0	0	*	2
1221	48873	215	39	0	0	*	2
1222	48913	213	37	0	0	*	2
1223	48953	211	35	0	0	*	2
1224	48993	210	34	0	0	*	2
1225	49033	207	31	0	0	*	2
1226	49073	205	29	0	0	*	2
1227	49113	204	29	0	0	*	2
1228	49153	202	27	0	0	*	2
1229	49193	199	25	0	0	*	2
1230	49233	198	24	0	0	*	2
1231	49273	195	23	0	0	*	2
1232	49313	193	21	0	0	*	2
1233	49353	191	20	0	0	*	2
1234	49393	189	19	0	0	*	2
1235	49433	187	18	0	0	*	2
1236	49473	184	16	0	0	*	2
1237	49513	182	15	0	0	*	2
1238	49553	179	13	0	0	*	2
1239	49593	177	13	0	0	*	2
1240	49633	174	12	0	0	*	2
1241	49673	172	10	0	0	*	2
1242	49713	169	9	0	0	*	2
1243	49753	166	8	0	0	*	2
1244	49793	163	7	0	0	*	2
1245	49833	161	7	0	0	*	2
1246	49873	158	6	0	0	*	2
1247	49913	156	5	0	0	*	2
1248	49953	153	5	0	0	*	2
1249	49993	149	4	0	0	*	2
1250	50033	147	4	0	0	*	2
1251	50073	145	3	0	0	*	2
1252	50113	143	3	0	0	*	2
1253	50153	140	3	0	0	*	2
1254	50193	137	2	0	0	*	2
1255	50233	133	2	0	0	*	2
1256	50273	131	2	0	0	*	2
1257	50313	128	2	0	0	*	2
1258	50353	125	2	0	0	*	2
1259	50393	122	2	0	0	*	2
1260	50433	119	2	0	0	*	2
1261	50473	116	2	0	0	*	2
1262	50513	113	3	0	0	*	2
1263	50553	111	3	0	0	*	2
1264	50593	108	3	0	0	*	2
1265	50633	105	4	0	0	*	2
1266	50673	101	5	0	0	*	2
1267	50713	98	5	0	0	*	2
1268	50753	97	6	0	0	*	2
1269	50793	94	7	0	0	*	2
1270	50833	91	7	0	0	*	2
1271	50873	88	8	0	0	*	2
1272	50913	85	9	0	0	*	2
1273	50953	82	11	0	0	*	2
1274	50993	80	11	0	0	*	2
1275	51033	78	13	0	0	*	2
1276	51073	75	14	0	0	*	2
1277	51113	73	15	0	0	*	2
1278	51153	70	16	0	0	*	2
1279	51193	67	18	0	0	*	2
1280	51233	66	19	0	0	*	2
1281	51273	63	21	0	0	*	2
1282	51313	61	22	0	0	*	2
1283	51353	58	23	0	0	*	2
1284	51393	56	25	0	0	*	2
1285	51433	53	27	0	0	*	2
1286	51473	51	28	0	0	*	2
1287	51513	50	29	0	0	*	2
1288	51553	48	31	0	0	*	2
1289	51593	46	33	0	0	*	2
1290	51633	43	35	0	0	*	2
1291	51673	41	37	0	0	*	2
1292	51713	40	38	0	0	*	2
1293	51753	38	40	0	0	*	2
1294	51793	37	42	0	0	*	2
1295	51833	35	44	0	0	*	2
1296	51873	33	46	0	0	*	2
1297	51913	31	48	0	0	*	2
1298	51953	30	50	0	0	*	2
1299	51993	28	52	0	0	*	2
1300	52033	27	53	0	0	*	2
1301	52073	25	56	0	0	*	2
1302	52113	24	58	0	0	*	2
1303	52153	22	61	0	0	*	2
1304	52193	21	63	0	0	*	2
1305	52233	20	65	0	0	*	2
1306	52273	19	67	0	0	*	2
1307	52313	18	69	0	0	*	2
1308	52353	16	71	0	0	*	2
1309	52393	15	75	0	0	*	2
1310	52433	14	76	0	0	*	2
1311	52473	13	78	0	0	*	2
1312	52513	12	81	0	0	*	2
1313	52553	12	83	0	0	*	2
1314	52593	11	86	0	0	*	2
1315	52633	10	89	0	0	*	2
1316	52673	9	91	0	0	*	2
1317	52713	9	93	0	0	*	2
1318	52753	8	95	0	0	*	2
1319	52793	7	97	0	0	*	2
1320	52833	7	100	0	0	*	2
1321	52873	6	103	0	0	*	2
1322	52913	6	106	0	0	*	2
1323	52953	5	109	0	0	*	2
1324	52993	5	111	0	0	*	2
1325	53033	4	113	0	0	*	2
1326	53073	4	116	0	0	*	2
1327	53113	4	119	0	0	*	2
1328	53153	4	121	0	0	*	2
1329	53193	4	124	0	0	*	2
1330	53233	4	127	0	0	*	2
1331	53273	4	129	0	0	*	2
1332	53313	4	132	0	0	*	2
1333	53353	4	135	0	0	*	2
1334	53393	5	138	0	0	*	2
1335	53433	5	139	0	0	*	2
1336	53473	5	142	0	0	*	2
1337	53513	5	144	0	0	*	2
1338	53553	6	147	0	0	*	2
1339	53593	6	150	0	0	*	2
1340	53633	7	153	0	0	*	2
1341	53673	8	156	0	0	*	2
1342	53713	9	158	0	0	*	2
1343	53753	9	160	0	0	*	2
1344	53793	10	162	0	0	*	2
1345	53833	11	165	0	0	*	2
1346	53873	12	168	0	0	*	2
1347	53913	12	170	0	0	*	2
1348	53953	13	172	0	0	*	2
1349	53993	14	175	0	0	*	2
1350	54033	16	177	0	0	*	2
1351	54073	17	181	0	0	*	2
1352	54113	18	183	0	0	*	2
1353	54153	19	185	0	0	*	2
1354	54193	21	187	0	0	*	2
1355	54233	22	189	0	0	*	2
1356	54273	23	191	0	0	*	2
1357	54313	25	194	0	0	*	2
1358	54353	27	196	0	0	*	2
1359	54393	28	198	0	0	*	2
1360	54433	29	200	0	0	*	2
1361	54473	31	202	0	0	*	2
1362	54513	33	204	0	0	*	2
1363	54553	36	207	0	0	*	2
1364	54593	37	209	0	0	*	2
1365	54633	39	210	0	0	*	2
1366	54673	40	212	0	0	*	2
1367	54713	42	213	0	0	*	2
1368	54753	45	216	0	0	*	2
1369	54793	48	218	0	0	*	2
1370	54833	49	220	0	0	*	2
1371	54873	51	221	0	0	*	2
1372	54913	53	223	0	0	*	2
1373	54953	56	225	0	0	*	2
1374	54993	58	227	0	0	*	2
1375	55033	61	229	0	0	*	2
1376	55073	62	229	0	0	*	2
1377	55113	65	231	0	0	*	2
1378	55153	67	232	0	0	*	2
1379	55193	70	233	0	0	*	2
1380	55233	73	235	0	0	*	2
1381	55273	75	236	0	0	*	2
1382	55313	77	237	0	0	*	2
1383	55353	79	238	0	0	*	2
1384	55393	82	239	0	0	*	2
1385	55433	84	241	0	0	*	2
1386	55473	87	242	0	0	*	2
1387	55513	91	243	0	0	*	2
1388	55553	92	243	0	0	*	2
1389	55593	95	244	0	0	*	2
1390	55633	97	244	0	0	*	2
1391	55673	99	245	0	0	*	2
1392	55713	103	245	0	0	*	2
1393	55753	107	246	0	0	*	2
1394	55793	109	246	0	0	*	2
1395	55833	111	247	0	0	*	2
1396	55873	115	247	0	0	*	2
1397	55913	118	248	0	0	*	2
1398	55953	121	248	0	0	*	2
1399	55993	124	248	0	0	*	2
1400	56033	126	248	0	0	*	2
1401	56073	128	248	0	0	*	2
1402	56113	132	248	0	0	*	2
1403	56153	134	248	0	0	*	2
1404	56193	138	248	0	0	*	2
1405	56233	141	248	0	0	*	2
1406	56273	143	247	0	0	*	2
1407	56313	144	247	0	0	*	2
1408	56353	147	247	0	0	*	2
1409	56393	149	246	0	0	*	2
1410	56433	152	246	0	0	*	2
1411	56473	156	245	0	0	*	2
1412	56513	157	245	0	0	*	2
1413	56553	159	244	0	0	*	2
1414	56593	162	243	0	0	*	2
1415	56633	164	243	0	0	*	2
1416	56673	167	242	0	0	*	2
1417	56713	170	241	0	0	*	2
1418	56753	171	240	0	0	*	2
1419	56793	173	239	0	0	*	2
1420	56833	176	238	0	0	*	2
1421	56873	178	237	0	0	*	2
1422	56913	182	236	0	0	*	2
1423	56953	184	235	0	0	*	2
1424	56993	185	234	0	0	*	2
1425	57033	188	232	0	0	*	2
1426	57073	190	231	0	0	*	2
1427	57113	193	230	0	0	*	2
1428	57153	195	228	0	0	*	2
1429	57193	198	226	0	0	*	2
1430	57233	199	225	0	0	*	2
1431	57273	202	224	0	0	*	2
1432	57313	204	222	0	0	*	2
1433	57353	206	220	0	0	*	2
1434	57393	209	218	0	0	*	2
1435	57433	210	216	0	0	*	2
1436	57473	212	215	0	0	*	2
1437	57513	214	213	0	0	*	2
1438	57553	217	210	0	0	*	2
1439	57593	219	209	0	0	*	2
1440	57633	220	206	0	0	*	2
1441	57673	222	205	0	0	*	2
1442	57713	223	203	0	0	*	2
1443	57753	225	201	0	0	*	2
1444	57793	227	198	0	0	*	2
1445	57833	229	196	0	0	*	2
1446	57873	231	193	0	0	*	2
1447	57913	232	191	0	0	*	2
1448	57953	233	189	0	0	*	2
1449	57993	234	186	0	0	*	2
1450	58033	236	185	0	0	*	2
1451	58073	237	182	0	0	*	2
1452	58113	239	179	0	0	*	2
1453	58153	240	177	0	0	*	2
1454	58193	241	175	0	0	*	2
1455	58233	242	172	0	0	*	2
1456	58273	243	170	0	0	*	2
1457	58313	243	167	0	0	*	2
1458	58353	244	164	0	0	*	2
1459	58393	245	162	0	0	*	2
1460	58433	246	160	0	0	*	2
1461	58473	247	157	0	0	*	2
1462	58513	247	155	0	0	*	2
1463	58553	248	151	0	0	*	2
1464	58593	249	148	0	0	*	2
1465	58633	249	146	0	0	*	2
1466	58673	249	144	0	0	*	2
1467	58713	250	141	0	0	*	2
1468	58753	250	139	0	0	*	2
1469	58793	251	135	0	0	*	2
1470	58833	251	132	0	0	*	2
1471	58873	251	130	0	0	*	2
1472	58913	251	127	0	0	*	2
1473	58953	251	124	0	0	*	2
1474	58993	251	121	0	0	*	2
1475	59033	251	117	0	0	*	2
1476	59073	251	116	0	0	*	2
1477	59113	251	113	0	0	*	2
1478	59153	250	111	0	0	*	2
1479	59193	250	108	0	0	*	2
1480	59233	249	105	0	0	*	2
1481	59273	249	102	0	0	*	2
1482	59313	248	99	0	0	*	2
1483	59353	248	97	0	0	*	2
1484	59393	247	94	0	0	*	2
1485	59433	246	92	0	0	*	2
1486	59473	245	89	0	0	*	2
1487	59513	245	86	0	0	*	2
1488	59553	244	84	0	0	*	2
1489	59593	243	82	0	0	*	2
1490	59633	242	79	0	0	*	2
1491	59673	241	76	0	0	*	2
1492	59713	239	73	0	0	*	2
1493	59753	238	71	0	0	*	2
1494	59793	237	69	0	0	*	2
1495	59833	235	66	0	0	*	2
1496	59873	234	64	0	0	*	2
1497	59913	232	61	0	0	*	2
1498	59953	229	56	0	0	*	2
1499	59993	228	54	0	0	*	2
1500	60033	227	53	0	0	*	2
1501	60073	224	49	0	0	*	2
1502	60113	223	47	0	0	*	2
1503	60153	221	45	0	0	*	2
1504	60193	220	44	0	0	*	2
1505	60233	218	43	0	0	*	2
1506	60273	216	40	0	0	*	2
1507	60313	214	38	0	0	*	2
1508	60353	207	32	0	0	*	2
