%%BEGIN_HEADER
	%%BEGIN DATABASE_INFORMATION
		%Date.0 ( 13.9.2019 )
		%Time.0 ( 16:53 )
	%%END DATABASE_INFORMATION
	%%BEGIN SETUP_INFORMATION
		%TrackerVersion.0 ( Tracker version 2.38 release 12.8.2012 )
		%ElapsedTime_ms.0 ( 60403 )
		%Paradigm.0 ( PlacePreference )
		%FeederParameters.0 ( 1500 0 )
			// %FeederParameters.0 ( ENTRANCE_LATENCY EXIT_LATENCY )
		%ElapsedPath_m.0 ( 0.00 )
		%ArenaDiameter_m.0 ( 1.80 )
		%TrackerResolution_PixPerCM.0 ( 1.4222 )
		%ArenaCenterXY.0 ( 127.5 127.5 )
		%Frame.0 ( RoomFrame )
		%ReinforcedSector.0 ( 64.3907 64.3907 7 )
			//%ReinforcedSector.0 ( CENTER_X CENTER_Y RADIUS )
		%RoomTrackReinforcedSector.0 ( 64.3907 64.3907 7 )
			//%RoomTrackReinforcedSector.0 ( CENTER_X CENTER_Y RADIUS )
	%%END SETUP_INFORMATION
	%%BEGIN RECORD_FORMAT
		%Sample.0 ( FrameCount 1msTimeStamp RoomX RoomY Sectors State Flags FrameInfo )
			//Sectors indicate if the object is in a target. Number is binary coded. Sectors = 0: no target, Sectors = 1: room target, Sectors: = 2 arena target, Sectors: = 3 room and arena target
			////State indicates the Watermaze State: OutsideTarget = 0, EntranceLatency = 1, InsideTarget = 3, OutsideRefractory = 4, BadSpot = 5
			//FrameInfo indicates succesfuly tracked spots: ReferencePoint * 2^0 + Spot0 * 2^(1+0) + Spot1 * 2^(1+1) + Spot2 * 2^(1+2) .... 
	%%END RECORD_FORMAT
%%END_HEADER
1	43	203	214	0	0	*	2
2	83	204	213	0	0	*	2
3	123	203	212	0	0	*	2
4	163	202	210	0	0	*	2
5	203	202	210	0	0	*	2
6	243	201	210	0	0	*	2
7	283	200	209	0	0	*	2
8	323	199	209	0	0	*	2
9	363	199	209	0	0	*	2
10	403	198	209	0	0	*	2
11	443	198	209	0	0	*	2
12	483	197	208	0	0	*	2
13	523	196	208	0	0	*	2
14	563	196	208	0	0	*	2
15	603	195	208	0	0	*	2
16	643	194	208	0	0	*	2
17	683	194	207	0	0	*	2
18	723	194	208	0	0	*	2
19	763	193	208	0	0	*	2
20	803	192	208	0	0	*	2
21	843	190	206	0	0	*	2
22	883	189	205	0	0	*	2
23	923	188	205	0	0	*	2
24	963	189	206	0	0	*	2
25	1003	186	203	0	0	*	2
26	1043	185	202	0	0	*	2
27	1083	184	201	0	0	*	2
28	1123	183	200	0	0	*	2
29	1163	182	199	0	0	*	2
30	1203	182	198	0	0	*	2
31	1243	183	200	0	0	*	2
32	1283	179	194	0	0	*	2
33	1323	178	193	0	0	*	2
34	1363	176	192	0	0	*	2
35	1403	175	191	0	0	*	2
36	1443	174	190	0	0	*	2
37	1483	174	189	0	0	*	2
38	1523	174	187	0	0	*	2
39	1563	174	186	0	0	*	2
40	1603	174	185	0	0	*	2
41	1643	175	184	0	0	*	2
42	1683	175	182	0	0	*	2
43	1723	176	182	0	0	*	2
44	1763	177	181	0	0	*	2
45	1803	179	181	0	0	*	2
46	1843	180	180	0	0	*	2
47	1883	181	180	0	0	*	2
48	1923	182	180	0	0	*	2
49	1963	182	180	0	0	*	2
50	2003	183	180	0	0	*	2
51	2043	184	180	0	0	*	2
52	2083	185	180	0	0	*	2
53	2123	186	181	0	0	*	2
54	2163	187	181	0	0	*	2
55	2203	188	182	0	0	*	2
56	2243	190	182	0	0	*	2
57	2283	190	182	0	0	*	2
58	2323	191	183	0	0	*	2
59	2363	193	184	0	0	*	2
60	2403	193	185	0	0	*	2
61	2443	194	185	0	0	*	2
62	2483	194	186	0	0	*	2
63	2523	195	187	0	0	*	2
64	2563	195	188	0	0	*	2
65	2603	195	190	0	0	*	2
66	2643	195	192	0	0	*	2
67	2683	195	193	0	0	*	2
68	2723	195	195	0	0	*	2
69	2763	195	195	0	0	*	2
70	2803	194	191	0	0	*	2
71	2843	196	199	0	0	*	2
72	2883	196	200	0	0	*	2
73	2923	195	202	0	0	*	2
74	2963	195	203	0	0	*	2
75	3003	195	205	0	0	*	2
76	3043	195	207	0	0	*	2
77	3083	195	208	0	0	*	2
78	3123	194	209	0	0	*	2
79	3163	194	211	0	0	*	2
80	3203	194	212	0	0	*	2
81	3243	193	214	0	0	*	2
82	3283	192	215	0	0	*	2
83	3323	191	216	0	0	*	2
84	3363	190	218	0	0	*	2
85	3403	189	219	0	0	*	2
86	3443	187	220	0	0	*	2
87	3483	187	222	0	0	*	2
88	3523	186	224	0	0	*	2
89	3563	185	225	0	0	*	2
90	3603	185	227	0	0	*	2
91	3643	188	221	0	0	*	2
92	3683	187	223	0	0	*	2
93	3723	187	224	0	0	*	2
94	3763	186	225	0	0	*	2
95	3803	186	227	0	0	*	2
96	3843	185	228	0	0	*	2
97	3883	184	228	0	0	*	2
98	3923	182	233	0	0	*	2
99	3963	183	228	0	0	*	2
100	4003	182	230	0	0	*	2
101	4043	180	231	0	0	*	2
102	4083	178	233	0	0	*	2
103	4123	178	231	0	0	*	2
104	4163	175	234	0	0	*	2
105	4203	173	233	0	0	*	2
106	4243	171	232	0	0	*	2
107	4283	170	232	0	0	*	2
108	4323	170	231	0	0	*	2
109	4363	166	232	0	0	*	2
110	4403	164	232	0	0	*	2
111	4443	163	232	0	0	*	2
112	4483	161	232	0	0	*	2
113	4523	159	232	0	0	*	2
114	4563	157	232	0	0	*	2
115	4603	155	233	0	0	*	2
116	4643	153	233	0	0	*	2
117	4683	151	233	0	0	*	2
118	4723	149	233	0	0	*	2
119	4763	147	233	0	0	*	2
120	4803	145	233	0	0	*	2
121	4843	143	233	0	0	*	2
122	4883	141	234	0	0	*	2
123	4923	138	234	0	0	*	2
124	4963	136	235	0	0	*	2
125	5003	134	235	0	0	*	2
126	5043	132	235	0	0	*	2
127	5083	130	236	0	0	*	2
128	5123	128	236	0	0	*	2
129	5163	125	237	0	0	*	2
130	5203	123	237	0	0	*	2
131	5243	121	238	0	0	*	2
132	5283	118	238	0	0	*	2
133	5323	115	238	0	0	*	2
134	5363	113	239	0	0	*	2
135	5403	110	239	0	0	*	2
136	5443	108	240	0	0	*	2
137	5483	106	241	0	0	*	2
138	5523	104	241	0	0	*	2
139	5563	102	242	0	0	*	2
140	5603	99	242	0	0	*	2
141	5643	97	243	0	0	*	2
142	5683	96	243	0	0	*	2
143	5723	94	243	0	0	*	2
144	5763	92	243	0	0	*	2
145	5803	90	242	0	0	*	2
146	5843	88	241	0	0	*	2
147	5883	87	240	0	0	*	2
148	5923	86	239	0	0	*	2
149	5963	85	238	0	0	*	2
150	6003	83	237	0	0	*	2
151	6043	82	236	0	0	*	2
152	6083	80	236	0	0	*	2
153	6123	79	234	0	0	*	2
154	6163	78	233	0	0	*	2
155	6203	77	232	0	0	*	2
156	6243	75	231	0	0	*	2
157	6283	73	229	0	0	*	2
158	6323	71	228	0	0	*	2
159	6363	69	227	0	0	*	2
160	6403	68	227	0	0	*	2
161	6443	66	226	0	0	*	2
162	6483	70	228	0	0	*	2
163	6523	62	224	0	0	*	2
164	6563	61	223	0	0	*	2
165	6603	58	222	0	0	*	2
166	6643	56	221	0	0	*	2
167	6683	55	220	0	0	*	2
168	6723	53	219	0	0	*	2
169	6763	51	217	0	0	*	2
170	6803	49	216	0	0	*	2
171	6843	48	215	0	0	*	2
172	6883	46	213	0	0	*	2
173	6923	45	211	0	0	*	2
174	6963	43	210	0	0	*	2
175	7003	42	208	0	0	*	2
176	7043	40	206	0	0	*	2
177	7083	38	204	0	0	*	2
178	7123	36	203	0	0	*	2
179	7163	34	201	0	0	*	2
180	7203	32	200	0	0	*	2
181	7243	36	204	0	0	*	2
182	7283	34	202	0	0	*	2
183	7323	33	200	0	0	*	2
184	7363	31	198	0	0	*	2
185	7403	30	197	0	0	*	2
186	7443	28	195	0	0	*	2
187	7483	27	193	0	0	*	2
188	7523	26	192	0	0	*	2
189	7563	24	189	0	0	*	2
190	7603	24	187	0	0	*	2
191	7643	22	186	0	0	*	2
192	7683	21	184	0	0	*	2
193	7723	20	182	0	0	*	2
194	7763	19	180	0	0	*	2
195	7803	18	179	0	0	*	2
196	7843	17	177	0	0	*	2
197	7883	16	174	0	0	*	2
198	7923	15	173	0	0	*	2
199	7963	14	170	0	0	*	2
200	8003	13	169	0	0	*	2
201	8043	13	166	0	0	*	2
202	8083	12	165	0	0	*	2
203	8123	12	163	0	0	*	2
204	8163	11	160	0	0	*	2
205	8203	11	158	0	0	*	2
206	8243	10	156	0	0	*	2
207	8283	10	154	0	0	*	2
208	8323	9	154	0	0	*	2
209	8363	9	152	0	0	*	2
210	8403	9	150	0	0	*	2
211	8443	8	147	0	0	*	2
212	8483	8	144	0	0	*	2
213	8523	8	142	0	0	*	2
214	8563	8	140	0	0	*	2
215	8603	7	138	0	0	*	2
216	8643	7	136	0	0	*	2
217	8683	7	135	0	0	*	2
218	8723	7	131	0	0	*	2
219	8763	7	129	0	0	*	2
220	8803	7	127	0	0	*	2
221	8843	7	124	0	0	*	2
222	8883	6	123	0	0	*	2
223	8923	6	120	0	0	*	2
224	8963	6	118	0	0	*	2
225	9003	6	117	0	0	*	2
226	9043	6	115	0	0	*	2
227	9083	7	112	0	0	*	2
228	9123	7	111	0	0	*	2
229	9163	7	109	0	0	*	2
230	9203	8	107	0	0	*	2
231	9243	8	104	0	0	*	2
232	9283	8	103	0	0	*	2
233	9323	9	101	0	0	*	2
234	9363	9	98	0	0	*	2
235	9403	10	96	0	0	*	2
236	9443	10	94	0	0	*	2
237	9483	12	90	0	0	*	2
238	9523	12	88	0	0	*	2
239	9563	12	87	0	0	*	2
240	9603	13	86	0	0	*	2
241	9643	15	81	0	0	*	2
242	9683	15	79	0	0	*	2
243	9723	16	78	0	0	*	2
244	9763	17	76	0	0	*	2
245	9803	18	73	0	0	*	2
246	9843	18	72	0	0	*	2
247	9883	19	70	0	0	*	2
248	9923	20	69	0	0	*	2
249	9963	21	67	0	0	*	2
250	10003	21	66	0	0	*	2
251	10043	23	64	0	0	*	2
252	10083	24	61	0	0	*	2
253	10123	25	59	0	0	*	2
254	10163	26	57	0	0	*	2
255	10203	27	55	0	0	*	2
256	10243	29	53	0	0	*	2
257	10283	30	51	0	0	*	2
258	10323	32	49	0	0	*	2
259	10363	34	47	0	0	*	2
260	10403	34	46	0	0	*	2
261	10443	35	45	0	0	*	2
262	10483	36	44	0	0	*	2
263	10523	38	42	0	0	*	2
264	10563	39	40	0	0	*	2
265	10603	48	32	0	0	*	2
266	10643	49	30	0	0	*	2
267	10683	45	36	0	0	*	2
268	10723	46	35	0	0	*	2
269	10763	47	34	0	0	*	2
270	10803	49	32	0	0	*	2
271	10843	51	30	0	0	*	2
272	10883	59	23	0	0	*	2
273	10923	54	28	0	0	*	2
274	10963	63	21	0	0	*	2
275	11003	58	25	0	0	*	2
276	11043	59	24	0	0	*	2
277	11083	61	23	0	0	*	2
278	11123	63	22	0	0	*	2
279	11163	73	16	0	0	*	2
280	11203	74	15	0	0	*	2
281	11243	76	14	0	0	*	2
282	11283	79	13	0	0	*	2
283	11323	80	13	0	0	*	2
284	11363	83	12	0	0	*	2
285	11403	85	11	0	0	*	2
286	11443	87	11	0	0	*	2
287	11483	89	10	0	0	*	2
288	11523	91	9	0	0	*	2
289	11563	93	8	0	0	*	2
290	11603	86	11	0	0	*	2
291	11643	89	10	0	0	*	2
292	11683	100	6	0	0	*	2
293	11723	102	6	0	0	*	2
294	11763	104	5	0	0	*	2
295	11803	106	5	0	0	*	2
296	11843	109	4	0	0	*	2
297	11883	102	6	0	0	*	2
298	11923	105	6	0	0	*	2
299	11963	116	3	0	0	*	2
300	12003	118	3	0	0	*	2
301	12043	120	3	0	0	*	2
302	12083	122	2	0	0	*	2
303	12123	125	2	0	0	*	2
304	12163	119	3	0	0	*	2
305	12203	129	3	0	0	*	2
306	12243	132	3	0	0	*	2
307	12283	134	3	0	0	*	2
308	12323	136	3	0	0	*	2
309	12363	138	3	0	0	*	2
310	12403	133	3	0	0	*	2
311	12443	134	3	0	0	*	2
312	12483	136	3	0	0	*	2
313	12523	139	4	0	0	*	2
314	12563	150	5	0	0	*	2
315	12603	152	5	0	0	*	2
316	12643	154	5	0	0	*	2
317	12683	148	5	0	0	*	2
318	12723	150	5	0	0	*	2
319	12763	152	6	0	0	*	2
320	12803	155	6	0	0	*	2
321	12843	165	8	0	0	*	2
322	12883	158	7	0	0	*	2
323	12923	169	10	0	0	*	2
324	12963	164	8	0	0	*	2
325	13003	173	11	0	0	*	2
326	13043	166	9	0	0	*	2
327	13083	169	10	0	0	*	2
328	13123	171	11	0	0	*	2
329	13163	173	12	0	0	*	2
330	13203	183	16	0	0	*	2
331	13243	185	17	0	0	*	2
332	13283	179	14	0	0	*	2
333	13323	181	15	0	0	*	2
334	13363	183	16	0	0	*	2
335	13403	185	18	0	0	*	2
336	13443	187	19	0	0	*	2
337	13483	189	20	0	0	*	2
338	13523	192	21	0	0	*	2
339	13563	193	22	0	0	*	2
340	13603	195	23	0	0	*	2
341	13643	205	30	0	0	*	2
342	13683	199	25	0	0	*	2
343	13723	200	27	0	0	*	2
344	13763	210	34	0	0	*	2
345	13803	205	30	0	0	*	2
346	13843	206	31	0	0	*	2
347	13883	207	32	0	0	*	2
348	13923	216	41	0	0	*	2
349	13963	211	37	0	0	*	2
350	14003	212	38	0	0	*	2
351	14043	220	46	0	0	*	2
352	14083	216	42	0	0	*	2
353	14123	217	43	0	0	*	2
354	14163	219	45	0	0	*	2
355	14203	226	53	0	0	*	2
356	14243	222	49	0	0	*	2
357	14283	228	57	0	0	*	2
358	14323	230	59	0	0	*	2
359	14363	231	61	0	0	*	2
360	14403	228	57	0	0	*	2
361	14443	229	59	0	0	*	2
362	14483	230	61	0	0	*	2
363	14523	231	63	0	0	*	2
364	14563	233	65	0	0	*	2
365	14603	234	67	0	0	*	2
366	14643	240	76	0	0	*	2
367	14683	237	71	0	0	*	2
368	14723	238	73	0	0	*	2
369	14763	239	75	0	0	*	2
370	14803	240	77	0	0	*	2
371	14843	241	79	0	0	*	2
372	14883	242	82	0	0	*	2
373	14923	243	84	0	0	*	2
374	14963	243	86	0	0	*	2
375	15003	244	89	0	0	*	2
376	15043	245	91	0	0	*	2
377	15083	246	93	0	0	*	2
378	15123	247	96	0	0	*	2
379	15163	247	98	0	0	*	2
380	15203	248	100	0	0	*	2
381	15243	248	103	0	0	*	2
382	15283	250	114	0	0	*	2
383	15323	249	107	0	0	*	2
384	15363	250	118	0	0	*	2
385	15403	250	113	0	0	*	2
386	15443	250	115	0	0	*	2
387	15483	250	116	0	0	*	2
388	15523	250	120	0	0	*	2
389	15563	250	122	0	0	*	2
390	15603	250	125	0	0	*	2
391	15643	250	128	0	0	*	2
392	15683	250	131	0	0	*	2
393	15723	250	133	0	0	*	2
394	15763	249	135	0	0	*	2
395	15803	249	138	0	0	*	2
396	15843	249	140	0	0	*	2
397	15883	248	143	0	0	*	2
398	15923	248	145	0	0	*	2
399	15963	248	147	0	0	*	2
400	16003	247	149	0	0	*	2
401	16043	247	152	0	0	*	2
402	16083	246	155	0	0	*	2
403	16123	246	157	0	0	*	2
404	16163	245	159	0	0	*	2
405	16203	244	161	0	0	*	2
406	16243	244	163	0	0	*	2
407	16283	243	165	0	0	*	2
408	16323	243	167	0	0	*	2
409	16363	242	170	0	0	*	2
410	16403	237	180	0	0	*	2
411	16443	240	174	0	0	*	2
412	16483	239	177	0	0	*	2
413	16523	238	179	0	0	*	2
414	16563	237	181	0	0	*	2
415	16603	235	183	0	0	*	2
416	16643	230	193	0	0	*	2
417	16683	233	187	0	0	*	2
418	16723	232	189	0	0	*	2
419	16763	230	191	0	0	*	2
420	16803	229	193	0	0	*	2
421	16843	228	195	0	0	*	2
422	16883	226	198	0	0	*	2
423	16923	225	200	0	0	*	2
424	16963	223	201	0	0	*	2
425	17003	222	203	0	0	*	2
426	17043	220	205	0	0	*	2
427	17083	219	207	0	0	*	2
428	17123	218	208	0	0	*	2
429	17163	216	210	0	0	*	2
430	17203	208	218	0	0	*	2
431	17243	213	213	0	0	*	2
432	17283	205	221	0	0	*	2
433	17323	203	223	0	0	*	2
434	17363	207	218	0	0	*	2
435	17403	206	219	0	0	*	2
436	17443	197	226	0	0	*	2
437	17483	195	228	0	0	*	2
438	17523	194	229	0	0	*	2
439	17563	199	225	0	0	*	2
440	17603	191	232	0	0	*	2
441	17643	195	227	0	0	*	2
442	17683	194	228	0	0	*	2
443	17723	191	230	0	0	*	2
444	17763	189	231	0	0	*	2
445	17803	187	232	0	0	*	2
446	17843	186	232	0	0	*	2
447	17883	184	233	0	0	*	2
448	17923	182	235	0	0	*	2
449	17963	180	235	0	0	*	2
450	18003	178	236	0	0	*	2
451	18043	176	237	0	0	*	2
452	18083	174	238	0	0	*	2
453	18123	172	239	0	0	*	2
454	18163	170	239	0	0	*	2
455	18203	168	240	0	0	*	2
456	18243	167	240	0	0	*	2
457	18283	165	241	0	0	*	2
458	18323	162	242	0	0	*	2
459	18363	160	242	0	0	*	2
460	18403	159	243	0	0	*	2
461	18443	158	243	0	0	*	2
462	18483	148	246	0	0	*	2
463	18523	155	244	0	0	*	2
464	18563	146	247	0	0	*	2
465	18603	144	246	0	0	*	2
466	18643	143	246	0	0	*	2
467	18683	141	246	0	0	*	2
468	18723	139	246	0	0	*	2
469	18763	138	246	0	0	*	2
470	18803	137	246	0	0	*	2
471	18843	135	246	0	0	*	2
472	18883	134	247	0	0	*	2
473	18923	133	247	0	0	*	2
474	18963	131	247	0	0	*	2
475	19003	129	246	0	0	*	2
476	19043	128	246	0	0	*	2
477	19083	126	246	0	0	*	2
478	19123	124	247	0	0	*	2
479	19163	122	247	0	0	*	2
480	19203	121	247	0	0	*	2
481	19243	119	246	0	0	*	2
482	19283	117	246	0	0	*	2
483	19323	115	246	0	0	*	2
484	19363	114	246	0	0	*	2
485	19403	112	246	0	0	*	2
486	19443	110	246	0	0	*	2
487	19483	109	246	0	0	*	2
488	19523	108	246	0	0	*	2
489	19563	106	245	0	0	*	2
490	19603	104	245	0	0	*	2
491	19643	103	245	0	0	*	2
492	19683	101	245	0	0	*	2
493	19723	99	245	0	0	*	2
494	19763	97	244	0	0	*	2
495	19803	96	244	0	0	*	2
496	19843	94	243	0	0	*	2
497	19883	92	243	0	0	*	2
498	19923	91	243	0	0	*	2
499	19963	89	242	0	0	*	2
500	20003	87	242	0	0	*	2
501	20043	86	241	0	0	*	2
502	20083	84	241	0	0	*	2
503	20123	83	240	0	0	*	2
504	20163	81	239	0	0	*	2
505	20203	79	238	0	0	*	2
506	20243	78	237	0	0	*	2
507	20283	76	237	0	0	*	2
508	20323	74	236	0	0	*	2
509	20363	73	235	0	0	*	2
510	20403	71	234	0	0	*	2
511	20443	76	236	0	0	*	2
512	20483	67	232	0	0	*	2
513	20523	66	231	0	0	*	2
514	20563	64	230	0	0	*	2
515	20603	62	229	0	0	*	2
516	20643	60	228	0	0	*	2
517	20683	59	227	0	0	*	2
518	20723	63	230	0	0	*	2
519	20763	55	224	0	0	*	2
520	20803	60	227	0	0	*	2
521	20843	51	222	0	0	*	2
522	20883	49	220	0	0	*	2
523	20923	48	219	0	0	*	2
524	20963	47	218	0	0	*	2
525	21003	51	221	0	0	*	2
526	21043	43	214	0	0	*	2
527	21083	41	213	0	0	*	2
528	21123	40	211	0	0	*	2
529	21163	38	209	0	0	*	2
530	21203	36	208	0	0	*	2
531	21243	41	212	0	0	*	2
532	21283	40	210	0	0	*	2
533	21323	38	209	0	0	*	2
534	21363	36	208	0	0	*	2
535	21403	36	206	0	0	*	2
536	21443	34	204	0	0	*	2
537	21483	33	203	0	0	*	2
538	21523	31	201	0	0	*	2
539	21563	30	200	0	0	*	2
540	21603	29	198	0	0	*	2
541	21643	28	196	0	0	*	2
542	21683	27	195	0	0	*	2
543	21723	26	193	0	0	*	2
544	21763	25	192	0	0	*	2
545	21803	24	190	0	0	*	2
546	21843	23	188	0	0	*	2
547	21883	22	187	0	0	*	2
548	21923	21	185	0	0	*	2
549	21963	21	184	0	0	*	2
550	22003	20	182	0	0	*	2
551	22043	19	181	0	0	*	2
552	22083	18	179	0	0	*	2
553	22123	17	177	0	0	*	2
554	22163	17	175	0	0	*	2
555	22203	16	173	0	0	*	2
556	22243	15	171	0	0	*	2
557	22283	14	169	0	0	*	2
558	22323	14	167	0	0	*	2
559	22363	13	165	0	0	*	2
560	22403	12	163	0	0	*	2
561	22443	12	163	0	0	*	2
562	22483	11	161	0	0	*	2
563	22523	11	158	0	0	*	2
564	22563	10	156	0	0	*	2
565	22603	10	155	0	0	*	2
566	22643	9	153	0	0	*	2
567	22683	8	151	0	0	*	2
568	22723	8	150	0	0	*	2
569	22763	8	149	0	0	*	2
570	22803	7	146	0	0	*	2
571	22843	6	144	0	0	*	2
572	22883	6	142	0	0	*	2
573	22923	6	141	0	0	*	2
574	22963	5	139	0	0	*	2
575	23003	5	137	0	0	*	2
576	23043	5	135	0	0	*	2
577	23083	5	132	0	0	*	2
578	23123	5	130	0	0	*	2
579	23163	5	128	0	0	*	2
580	23203	5	127	0	0	*	2
581	23243	5	125	0	0	*	2
582	23283	5	123	0	0	*	2
583	23323	5	121	0	0	*	2
584	23363	5	119	0	0	*	2
585	23403	5	117	0	0	*	2
586	23443	5	115	0	0	*	2
587	23483	6	113	0	0	*	2
588	23523	6	111	0	0	*	2
589	23563	7	109	0	0	*	2
590	23603	7	107	0	0	*	2
591	23643	7	106	0	0	*	2
592	23683	7	103	0	0	*	2
593	23723	8	101	0	0	*	2
594	23763	8	99	0	0	*	2
595	23803	8	97	0	0	*	2
596	23843	9	95	0	0	*	2
597	23883	9	93	0	0	*	2
598	23923	10	92	0	0	*	2
599	23963	10	90	0	0	*	2
600	24003	11	88	0	0	*	2
601	24043	12	86	0	0	*	2
602	24083	12	84	0	0	*	2
603	24123	13	82	0	0	*	2
604	24163	14	80	0	0	*	2
605	24203	14	78	0	0	*	2
606	24243	15	76	0	0	*	2
607	24283	16	74	0	0	*	2
608	24323	17	72	0	0	*	2
609	24363	18	70	0	0	*	2
610	24403	19	69	0	0	*	2
611	24443	20	66	0	0	*	2
612	24483	21	65	0	0	*	2
613	24523	22	63	0	0	*	2
614	24563	23	61	0	0	*	2
615	24603	24	59	0	0	*	2
616	24643	20	67	0	0	*	2
617	24683	26	55	0	0	*	2
618	24723	28	53	0	0	*	2
619	24763	29	52	0	0	*	2
620	24803	31	49	0	0	*	2
621	24843	32	47	0	0	*	2
622	24883	34	46	0	0	*	2
623	24923	35	45	0	0	*	2
624	24963	37	42	0	0	*	2
625	25003	39	40	0	0	*	2
626	25043	40	39	0	0	*	2
627	25083	42	37	0	0	*	2
628	25123	43	36	0	0	*	2
629	25163	45	35	0	0	*	2
630	25203	46	33	0	0	*	2
631	25243	48	31	0	0	*	2
632	25283	50	30	0	0	*	2
633	25323	51	29	0	0	*	2
634	25363	53	27	0	0	*	2
635	25403	55	26	0	0	*	2
636	25443	57	25	0	0	*	2
637	25483	67	18	0	0	*	2
638	25523	61	22	0	0	*	2
639	25563	63	21	0	0	*	2
640	25603	65	20	0	0	*	2
641	25643	67	19	0	0	*	2
642	25683	69	18	0	0	*	2
643	25723	72	17	0	0	*	2
644	25763	82	11	0	0	*	2
645	25803	84	10	0	0	*	2
646	25843	77	14	0	0	*	2
647	25883	79	13	0	0	*	2
648	25923	91	8	0	0	*	2
649	25963	85	11	0	0	*	2
650	26003	95	7	0	0	*	2
651	26043	97	6	0	0	*	2
652	26083	99	5	0	0	*	2
653	26123	94	8	0	0	*	2
654	26163	95	7	0	0	*	2
655	26203	107	4	0	0	*	2
656	26243	109	5	0	0	*	2
657	26283	111	4	0	0	*	2
658	26323	113	4	0	0	*	2
659	26363	116	4	0	0	*	2
660	26403	118	4	0	0	*	2
661	26443	120	4	0	0	*	2
662	26483	123	4	0	0	*	2
663	26523	125	4	0	0	*	2
664	26563	128	4	0	0	*	2
665	26603	130	4	0	0	*	2
666	26643	133	3	0	0	*	2
667	26683	127	4	0	0	*	2
668	26723	130	4	0	0	*	2
669	26763	132	4	0	0	*	2
670	26803	142	4	0	0	*	2
671	26843	145	4	0	0	*	2
672	26883	140	4	0	0	*	2
673	26923	142	4	0	0	*	2
674	26963	144	5	0	0	*	2
675	27003	147	5	0	0	*	2
676	27043	149	5	0	0	*	2
677	27083	151	6	0	0	*	2
678	27123	161	8	0	0	*	2
679	27163	155	6	0	0	*	2
680	27203	157	7	0	0	*	2
681	27243	160	7	0	0	*	2
682	27283	170	12	0	0	*	2
683	27323	172	13	0	0	*	2
684	27363	167	10	0	0	*	2
685	27403	177	14	0	0	*	2
686	27443	179	15	0	0	*	2
687	27483	181	16	0	0	*	2
688	27523	183	17	0	0	*	2
689	27563	185	19	0	0	*	2
690	27603	187	20	0	0	*	2
691	27643	190	21	0	0	*	2
692	27683	185	19	0	0	*	2
693	27723	187	20	0	0	*	2
694	27763	190	21	0	0	*	2
695	27803	198	25	0	0	*	2
696	27843	194	23	0	0	*	2
697	27883	195	24	0	0	*	2
698	27923	197	25	0	0	*	2
699	27963	199	26	0	0	*	2
700	28003	200	27	0	0	*	2
701	28043	202	28	0	0	*	2
702	28083	211	36	0	0	*	2
703	28123	206	31	0	0	*	2
704	28163	207	32	0	0	*	2
705	28203	209	34	0	0	*	2
706	28243	210	35	0	0	*	2
707	28283	212	37	0	0	*	2
708	28323	214	39	0	0	*	2
709	28363	215	40	0	0	*	2
710	28403	222	49	0	0	*	2
711	28443	218	44	0	0	*	2
712	28483	219	46	0	0	*	2
713	28523	221	47	0	0	*	2
714	28563	222	49	0	0	*	2
715	28603	224	51	0	0	*	2
716	28643	225	53	0	0	*	2
717	28683	227	55	0	0	*	2
718	28723	229	57	0	0	*	2
719	28763	230	59	0	0	*	2
720	28803	231	61	0	0	*	2
721	28843	232	63	0	0	*	2
722	28883	234	65	0	0	*	2
723	28923	235	67	0	0	*	2
724	28963	236	68	0	0	*	2
725	29003	237	70	0	0	*	2
726	29043	238	72	0	0	*	2
727	29083	239	74	0	0	*	2
728	29123	241	76	0	0	*	2
729	29163	242	79	0	0	*	2
730	29203	243	81	0	0	*	2
731	29243	243	83	0	0	*	2
732	29283	244	84	0	0	*	2
733	29323	245	87	0	0	*	2
734	29363	245	89	0	0	*	2
735	29403	246	92	0	0	*	2
736	29443	247	94	0	0	*	2
737	29483	247	96	0	0	*	2
738	29523	248	98	0	0	*	2
739	29563	248	101	0	0	*	2
740	29603	249	103	0	0	*	2
741	29643	249	105	0	0	*	2
742	29683	250	108	0	0	*	2
743	29723	250	111	0	0	*	2
744	29763	250	113	0	0	*	2
745	29803	250	115	0	0	*	2
746	29843	250	117	0	0	*	2
747	29883	250	120	0	0	*	2
748	29923	250	122	0	0	*	2
749	29963	250	124	0	0	*	2
750	30003	250	127	0	0	*	2
751	30043	250	130	0	0	*	2
752	30083	250	132	0	0	*	2
753	30123	250	135	0	0	*	2
754	30163	250	137	0	0	*	2
755	30203	250	139	0	0	*	2
756	30243	249	141	0	0	*	2
757	30283	249	144	0	0	*	2
758	30323	248	146	0	0	*	2
759	30363	248	148	0	0	*	2
760	30403	248	151	0	0	*	2
761	30443	247	153	0	0	*	2
762	30483	247	155	0	0	*	2
763	30523	246	158	0	0	*	2
764	30563	246	160	0	0	*	2
765	30603	245	162	0	0	*	2
766	30643	244	164	0	0	*	2
767	30683	243	166	0	0	*	2
768	30723	243	168	0	0	*	2
769	30763	242	170	0	0	*	2
770	30803	241	173	0	0	*	2
771	30843	240	175	0	0	*	2
772	30883	239	177	0	0	*	2
773	30923	238	179	0	0	*	2
774	30963	237	181	0	0	*	2
775	31003	236	183	0	0	*	2
776	31043	235	185	0	0	*	2
777	31083	233	187	0	0	*	2
778	31123	232	189	0	0	*	2
779	31163	231	191	0	0	*	2
780	31203	230	193	0	0	*	2
781	31243	224	203	0	0	*	2
782	31283	227	197	0	0	*	2
783	31323	226	198	0	0	*	2
784	31363	224	201	0	0	*	2
785	31403	223	202	0	0	*	2
786	31443	221	204	0	0	*	2
787	31483	219	206	0	0	*	2
788	31523	218	208	0	0	*	2
789	31563	217	209	0	0	*	2
790	31603	215	210	0	0	*	2
791	31643	213	212	0	0	*	2
792	31683	212	214	0	0	*	2
793	31723	210	215	0	0	*	2
794	31763	208	217	0	0	*	2
795	31803	206	219	0	0	*	2
796	31843	205	220	0	0	*	2
797	31883	203	222	0	0	*	2
798	31923	201	223	0	0	*	2
799	31963	193	230	0	0	*	2
800	32003	197	226	0	0	*	2
801	32043	189	232	0	0	*	2
802	32083	194	229	0	0	*	2
803	32123	192	230	0	0	*	2
804	32163	190	231	0	0	*	2
805	32203	181	236	0	0	*	2
806	32243	179	237	0	0	*	2
807	32283	183	234	0	0	*	2
808	32323	182	235	0	0	*	2
809	32363	180	236	0	0	*	2
810	32403	178	237	0	0	*	2
811	32443	175	238	0	0	*	2
812	32483	173	239	0	0	*	2
813	32523	171	239	0	0	*	2
814	32563	170	240	0	0	*	2
815	32603	167	241	0	0	*	2
816	32643	165	241	0	0	*	2
817	32683	163	242	0	0	*	2
818	32723	161	242	0	0	*	2
819	32763	158	243	0	0	*	2
820	32803	157	244	0	0	*	2
821	32843	155	244	0	0	*	2
822	32883	145	247	0	0	*	2
823	32923	142	248	0	0	*	2
824	32963	140	248	0	0	*	2
825	33003	146	246	0	0	*	2
826	33043	135	248	0	0	*	2
827	33083	134	248	0	0	*	2
828	33123	132	248	0	0	*	2
829	33163	129	248	0	0	*	2
830	33203	127	248	0	0	*	2
831	33243	125	248	0	0	*	2
832	33283	122	248	0	0	*	2
833	33323	120	248	0	0	*	2
834	33363	118	247	0	0	*	2
835	33403	116	247	0	0	*	2
836	33443	114	247	0	0	*	2
837	33483	112	247	0	0	*	2
838	33523	110	247	0	0	*	2
839	33563	108	246	0	0	*	2
840	33603	105	246	0	0	*	2
841	33643	104	245	0	0	*	2
842	33683	102	245	0	0	*	2
843	33723	100	245	0	0	*	2
844	33763	97	244	0	0	*	2
845	33803	96	244	0	0	*	2
846	33843	94	243	0	0	*	2
847	33883	91	243	0	0	*	2
848	33923	90	242	0	0	*	2
849	33963	88	242	0	0	*	2
850	34003	86	241	0	0	*	2
851	34043	84	241	0	0	*	2
852	34083	83	240	0	0	*	2
853	34123	81	239	0	0	*	2
854	34163	78	238	0	0	*	2
855	34203	77	237	0	0	*	2
856	34243	80	238	0	0	*	2
857	34283	73	235	0	0	*	2
858	34323	71	235	0	0	*	2
859	34363	69	233	0	0	*	2
860	34403	73	235	0	0	*	2
861	34443	72	234	0	0	*	2
862	34483	70	233	0	0	*	2
863	34523	68	232	0	0	*	2
864	34563	67	232	0	0	*	2
865	34603	65	230	0	0	*	2
866	34643	63	230	0	0	*	2
867	34683	62	229	0	0	*	2
868	34723	61	227	0	0	*	2
869	34763	58	226	0	0	*	2
870	34803	57	225	0	0	*	2
871	34843	55	224	0	0	*	2
872	34883	54	222	0	0	*	2
873	34923	52	221	0	0	*	2
874	34963	51	220	0	0	*	2
875	35003	49	218	0	0	*	2
876	35043	47	217	0	0	*	2
877	35083	46	215	0	0	*	2
878	35123	45	214	0	0	*	2
879	35163	43	213	0	0	*	2
880	35203	41	211	0	0	*	2
881	35243	40	210	0	0	*	2
882	35283	38	209	0	0	*	2
883	35323	36	207	0	0	*	2
884	35363	36	206	0	0	*	2
885	35403	34	204	0	0	*	2
886	35443	33	203	0	0	*	2
887	35483	31	201	0	0	*	2
888	35523	30	200	0	0	*	2
889	35563	29	198	0	0	*	2
890	35603	28	196	0	0	*	2
891	35643	26	194	0	0	*	2
892	35683	25	192	0	0	*	2
893	35723	24	191	0	0	*	2
894	35763	23	189	0	0	*	2
895	35803	22	187	0	0	*	2
896	35843	21	185	0	0	*	2
897	35883	20	184	0	0	*	2
898	35923	19	182	0	0	*	2
899	35963	14	173	0	0	*	2
900	36003	16	178	0	0	*	2
901	36043	16	176	0	0	*	2
902	36083	15	174	0	0	*	2
903	36123	14	172	0	0	*	2
904	36163	13	170	0	0	*	2
905	36203	13	168	0	0	*	2
906	36243	12	166	0	0	*	2
907	36283	12	163	0	0	*	2
908	36323	11	162	0	0	*	2
909	36363	10	160	0	0	*	2
910	36403	9	157	0	0	*	2
911	36443	9	156	0	0	*	2
912	36483	8	154	0	0	*	2
913	36523	8	151	0	0	*	2
914	36563	7	149	0	0	*	2
915	36603	7	147	0	0	*	2
916	36643	6	145	0	0	*	2
917	36683	6	142	0	0	*	2
918	36723	6	140	0	0	*	2
919	36763	5	139	0	0	*	2
920	36803	5	136	0	0	*	2
921	36843	5	134	0	0	*	2
922	36883	5	131	0	0	*	2
923	36923	5	128	0	0	*	2
924	36963	5	126	0	0	*	2
925	37003	5	123	0	0	*	2
926	37043	5	121	0	0	*	2
927	37083	5	118	0	0	*	2
928	37123	5	116	0	0	*	2
929	37163	5	114	0	0	*	2
930	37203	6	112	0	0	*	2
931	37243	6	110	0	0	*	2
932	37283	6	108	0	0	*	2
933	37323	7	105	0	0	*	2
934	37363	7	103	0	0	*	2
935	37403	8	100	0	0	*	2
936	37443	8	99	0	0	*	2
937	37483	8	97	0	0	*	2
938	37523	9	94	0	0	*	2
939	37563	10	93	0	0	*	2
940	37603	10	91	0	0	*	2
941	37643	11	88	0	0	*	2
942	37683	12	86	0	0	*	2
943	37723	12	84	0	0	*	2
944	37763	13	81	0	0	*	2
945	37803	14	79	0	0	*	2
946	37843	15	78	0	0	*	2
947	37883	16	76	0	0	*	2
948	37923	17	73	0	0	*	2
949	37963	18	70	0	0	*	2
950	38003	19	69	0	0	*	2
951	38043	21	67	0	0	*	2
952	38083	22	65	0	0	*	2
953	38123	23	63	0	0	*	2
954	38163	24	60	0	0	*	2
955	38203	26	58	0	0	*	2
956	38243	27	56	0	0	*	2
957	38283	29	54	0	0	*	2
958	38323	30	52	0	0	*	2
959	38363	32	50	0	0	*	2
960	38403	33	48	0	0	*	2
961	38443	34	46	0	0	*	2
962	38483	35	45	0	0	*	2
963	38523	36	44	0	0	*	2
964	38563	38	42	0	0	*	2
965	38603	39	40	0	0	*	2
966	38643	41	38	0	0	*	2
967	38683	42	37	0	0	*	2
968	38723	44	35	0	0	*	2
969	38763	46	33	0	0	*	2
970	38803	48	31	0	0	*	2
971	38843	50	30	0	0	*	2
972	38883	51	28	0	0	*	2
973	38923	53	27	0	0	*	2
974	38963	55	26	0	0	*	2
975	39003	57	24	0	0	*	2
976	39043	59	23	0	0	*	2
977	39083	61	22	0	0	*	2
978	39123	72	16	0	0	*	2
979	39163	74	15	0	0	*	2
980	39203	67	19	0	0	*	2
981	39243	78	13	0	0	*	2
982	39283	72	16	0	0	*	2
983	39323	73	15	0	0	*	2
984	39363	76	14	0	0	*	2
985	39403	87	10	0	0	*	2
986	39443	90	9	0	0	*	2
987	39483	83	12	0	0	*	2
988	39523	94	7	0	0	*	2
989	39563	89	9	0	0	*	2
990	39603	91	9	0	0	*	2
991	39643	101	5	0	0	*	2
992	39683	104	5	0	0	*	2
993	39723	106	4	0	0	*	2
994	39763	108	4	0	0	*	2
995	39803	110	3	0	0	*	2
996	39843	104	5	0	0	*	2
997	39883	106	5	0	0	*	2
998	39923	109	5	0	0	*	2
999	39963	111	4	0	0	*	2
1000	40003	113	4	0	0	*	2
1001	40043	115	4	0	0	*	2
1002	40083	126	2	0	0	*	2
1003	40123	120	3	0	0	*	2
1004	40163	122	3	0	0	*	2
1005	40203	124	3	0	0	*	2
1006	40243	127	3	0	0	*	2
1007	40283	129	3	0	0	*	2
1008	40323	132	3	0	0	*	2
1009	40363	134	3	0	0	*	2
1010	40403	136	3	0	0	*	2
1011	40443	138	3	0	0	*	2
1012	40483	141	4	0	0	*	2
1013	40523	143	4	0	0	*	2
1014	40563	144	4	0	0	*	2
1015	40603	147	5	0	0	*	2
1016	40643	148	5	0	0	*	2
1017	40683	151	5	0	0	*	2
1018	40723	153	6	0	0	*	2
1019	40763	156	7	0	0	*	2
1020	40803	158	7	0	0	*	2
1021	40843	159	7	0	0	*	2
1022	40883	162	8	0	0	*	2
1023	40923	164	9	0	0	*	2
1024	40963	166	9	0	0	*	2
1025	41003	168	10	0	0	*	2
1026	41043	179	15	0	0	*	2
1027	41083	181	15	0	0	*	2
1028	41123	175	13	0	0	*	2
1029	41163	185	17	0	0	*	2
1030	41203	179	15	0	0	*	2
1031	41243	182	16	0	0	*	2
1032	41283	183	17	0	0	*	2
1033	41323	193	22	0	0	*	2
1034	41363	195	23	0	0	*	2
1035	41403	190	21	0	0	*	2
1036	41443	192	22	0	0	*	2
1037	41483	193	23	0	0	*	2
1038	41523	195	24	0	0	*	2
1039	41563	197	25	0	0	*	2
1040	41603	199	26	0	0	*	2
1041	41643	201	27	0	0	*	2
1042	41683	202	28	0	0	*	2
1043	41723	204	29	0	0	*	2
1044	41763	205	31	0	0	*	2
1045	41803	207	32	0	0	*	2
1046	41843	209	34	0	0	*	2
1047	41883	211	35	0	0	*	2
1048	41923	212	37	0	0	*	2
1049	41963	214	38	0	0	*	2
1050	42003	216	40	0	0	*	2
1051	42043	217	41	0	0	*	2
1052	42083	219	43	0	0	*	2
1053	42123	220	45	0	0	*	2
1054	42163	221	46	0	0	*	2
1055	42203	223	48	0	0	*	2
1056	42243	224	50	0	0	*	2
1057	42283	226	52	0	0	*	2
1058	42323	227	54	0	0	*	2
1059	42363	228	56	0	0	*	2
1060	42403	230	58	0	0	*	2
1061	42443	231	59	0	0	*	2
1062	42483	237	68	0	0	*	2
1063	42523	233	63	0	0	*	2
1064	42563	234	65	0	0	*	2
1065	42603	236	68	0	0	*	2
1066	42643	236	69	0	0	*	2
1067	42683	237	70	0	0	*	2
1068	42723	238	72	0	0	*	2
1069	42763	240	75	0	0	*	2
1070	42803	240	77	0	0	*	2
1071	42843	241	79	0	0	*	2
1072	42883	242	81	0	0	*	2
1073	42923	243	82	0	0	*	2
1074	42963	243	84	0	0	*	2
1075	43003	244	87	0	0	*	2
1076	43043	245	89	0	0	*	2
1077	43083	245	91	0	0	*	2
1078	43123	246	93	0	0	*	2
1079	43163	247	95	0	0	*	2
1080	43203	247	97	0	0	*	2
1081	43243	248	100	0	0	*	2
1082	43283	248	102	0	0	*	2
1083	43323	249	104	0	0	*	2
1084	43363	249	106	0	0	*	2
1085	43403	249	109	0	0	*	2
1086	43443	249	111	0	0	*	2
1087	43483	250	113	0	0	*	2
1088	43523	250	116	0	0	*	2
1089	43563	250	117	0	0	*	2
1090	43603	250	120	0	0	*	2
1091	43643	250	122	0	0	*	2
1092	43683	250	124	0	0	*	2
1093	43723	250	127	0	0	*	2
1094	43763	250	129	0	0	*	2
1095	43803	250	132	0	0	*	2
1096	43843	250	134	0	0	*	2
1097	43883	250	136	0	0	*	2
1098	43923	249	138	0	0	*	2
1099	43963	249	140	0	0	*	2
1100	44003	249	142	0	0	*	2
1101	44043	249	144	0	0	*	2
1102	44083	248	147	0	0	*	2
1103	44123	248	149	0	0	*	2
1104	44163	248	151	0	0	*	2
1105	44203	247	153	0	0	*	2
1106	44243	246	155	0	0	*	2
1107	44283	246	157	0	0	*	2
1108	44323	245	159	0	0	*	2
1109	44363	245	162	0	0	*	2
1110	44403	244	163	0	0	*	2
1111	44443	243	165	0	0	*	2
1112	44483	243	168	0	0	*	2
1113	44523	242	170	0	0	*	2
1114	44563	241	172	0	0	*	2
1115	44603	241	173	0	0	*	2
1116	44643	240	175	0	0	*	2
1117	44683	239	177	0	0	*	2
1118	44723	238	179	0	0	*	2
1119	44763	236	182	0	0	*	2
1120	44803	235	184	0	0	*	2
1121	44843	234	185	0	0	*	2
1122	44883	233	187	0	0	*	2
1123	44923	232	189	0	0	*	2
1124	44963	231	191	0	0	*	2
1125	45003	230	192	0	0	*	2
1126	45043	229	195	0	0	*	2
1127	45083	228	196	0	0	*	2
1128	45123	226	198	0	0	*	2
1129	45163	225	200	0	0	*	2
1130	45203	219	209	0	0	*	2
1131	45243	222	203	0	0	*	2
1132	45283	221	205	0	0	*	2
1133	45323	219	207	0	0	*	2
1134	45363	218	208	0	0	*	2
1135	45403	216	209	0	0	*	2
1136	45443	215	211	0	0	*	2
1137	45483	207	219	0	0	*	2
1138	45523	211	214	0	0	*	2
1139	45563	210	215	0	0	*	2
1140	45603	208	217	0	0	*	2
1141	45643	207	218	0	0	*	2
1142	45683	205	219	0	0	*	2
1143	45723	204	221	0	0	*	2
1144	45763	202	222	0	0	*	2
1145	45803	200	223	0	0	*	2
1146	45843	199	224	0	0	*	2
1147	45883	197	225	0	0	*	2
1148	45923	196	226	0	0	*	2
1149	45963	194	227	0	0	*	2
1150	46003	193	228	0	0	*	2
1151	46043	192	228	0	0	*	2
1152	46083	190	229	0	0	*	2
1153	46123	188	229	0	0	*	2
1154	46163	187	230	0	0	*	2
1155	46203	185	230	0	0	*	2
1156	46243	183	231	0	0	*	2
1157	46283	182	233	0	0	*	2
1158	46323	180	233	0	0	*	2
1159	46363	179	234	0	0	*	2
1160	46403	178	235	0	0	*	2
1161	46443	177	235	0	0	*	2
1162	46483	176	235	0	0	*	2
1163	46523	175	237	0	0	*	2
1164	46563	174	236	0	0	*	2
1165	46603	173	237	0	0	*	2
1166	46643	172	237	0	0	*	2
1167	46683	170	238	0	0	*	2
1168	46723	170	238	0	0	*	2
1169	46763	169	239	0	0	*	2
1170	46803	169	239	0	0	*	2
1171	46843	168	239	0	0	*	2
1172	46883	167	239	0	0	*	2
1173	46923	166	240	0	0	*	2
1174	46963	166	240	0	0	*	2
1175	47003	165	240	0	0	*	2
1176	47043	165	240	0	0	*	2
1177	47083	164	241	0	0	*	2
1178	47123	163	241	0	0	*	2
1179	47163	163	242	0	0	*	2
1180	47203	162	242	0	0	*	2
1181	47243	162	242	0	0	*	2
1182	47283	161	242	0	0	*	2
1183	47323	160	242	0	0	*	2
1184	47363	159	242	0	0	*	2
1185	47403	158	242	0	0	*	2
1186	47443	156	243	0	0	*	2
1187	47483	155	242	0	0	*	2
1188	47523	153	242	0	0	*	2
1189	47563	150	242	0	0	*	2
1190	47603	149	242	0	0	*	2
1191	47643	148	241	0	0	*	2
1192	47683	146	242	0	0	*	2
1193	47723	144	242	0	0	*	2
1194	47763	145	241	0	0	*	2
1195	47803	143	241	0	0	*	2
1196	47843	139	242	0	0	*	2
1197	47883	142	241	0	0	*	2
1198	47923	135	242	0	0	*	2
1199	47963	133	242	0	0	*	2
1200	48003	131	242	0	0	*	2
1201	48043	129	242	0	0	*	2
1202	48083	127	242	0	0	*	2
1203	48123	124	242	0	0	*	2
1204	48163	122	243	0	0	*	2
1205	48203	121	243	0	0	*	2
1206	48243	118	243	0	0	*	2
1207	48283	115	243	0	0	*	2
1208	48323	113	243	0	0	*	2
1209	48363	111	243	0	0	*	2
1210	48403	108	244	0	0	*	2
1211	48443	106	244	0	0	*	2
1212	48483	104	244	0	0	*	2
1213	48523	101	244	0	0	*	2
1214	48563	99	243	0	0	*	2
1215	48603	97	243	0	0	*	2
1216	48643	95	243	0	0	*	2
1217	48683	92	243	0	0	*	2
1218	48723	90	243	0	0	*	2
1219	48763	88	242	0	0	*	2
1220	48803	86	241	0	0	*	2
1221	48843	91	242	0	0	*	2
1222	48883	83	240	0	0	*	2
1223	48923	81	239	0	0	*	2
1224	48963	79	238	0	0	*	2
1225	49003	77	237	0	0	*	2
1226	49043	82	238	0	0	*	2
1227	49083	79	237	0	0	*	2
1228	49123	78	237	0	0	*	2
1229	49163	76	236	0	0	*	2
1230	49203	74	235	0	0	*	2
1231	49243	66	232	0	0	*	2
1232	49283	64	230	0	0	*	2
1233	49323	69	232	0	0	*	2
1234	49363	67	231	0	0	*	2
1235	49403	65	230	0	0	*	2
1236	49443	63	229	0	0	*	2
1237	49483	56	225	0	0	*	2
1238	49523	54	223	0	0	*	2
1239	49563	59	226	0	0	*	2
1240	49603	57	224	0	0	*	2
1241	49643	56	223	0	0	*	2
1242	49683	54	222	0	0	*	2
1243	49723	53	221	0	0	*	2
1244	49763	52	219	0	0	*	2
1245	49803	50	218	0	0	*	2
1246	49843	49	216	0	0	*	2
1247	49883	48	214	0	0	*	2
1248	49923	46	213	0	0	*	2
1249	49963	45	211	0	0	*	2
1250	50003	43	210	0	0	*	2
1251	50043	41	208	0	0	*	2
1252	50083	39	207	0	0	*	2
1253	50123	38	205	0	0	*	2
1254	50163	36	203	0	0	*	2
1255	50203	35	201	0	0	*	2
1256	50243	33	199	0	0	*	2
1257	50283	31	197	0	0	*	2
1258	50323	30	195	0	0	*	2
1259	50363	28	194	0	0	*	2
1260	50403	27	192	0	0	*	2
1261	50443	25	190	0	0	*	2
1262	50483	24	188	0	0	*	2
1263	50523	23	186	0	0	*	2
1264	50563	22	185	0	0	*	2
1265	50603	21	183	0	0	*	2
1266	50643	20	182	0	0	*	2
1267	50683	19	180	0	0	*	2
1268	50723	17	178	0	0	*	2
1269	50763	16	176	0	0	*	2
1270	50803	16	174	0	0	*	2
1271	50843	15	172	0	0	*	2
1272	50883	14	170	0	0	*	2
1273	50923	13	168	0	0	*	2
1274	50963	12	166	0	0	*	2
1275	51003	12	164	0	0	*	2
1276	51043	12	162	0	0	*	2
1277	51083	11	160	0	0	*	2
1278	51123	10	158	0	0	*	2
1279	51163	10	155	0	0	*	2
1280	51203	10	154	0	0	*	2
1281	51243	9	152	0	0	*	2
1282	51283	8	150	0	0	*	2
1283	51323	8	146	0	0	*	2
1284	51363	7	145	0	0	*	2
1285	51403	7	143	0	0	*	2
1286	51443	7	141	0	0	*	2
1287	51483	6	139	0	0	*	2
1288	51523	6	138	0	0	*	2
1289	51563	6	135	0	0	*	2
1290	51603	5	133	0	0	*	2
1291	51643	5	131	0	0	*	2
1292	51683	5	128	0	0	*	2
1293	51723	5	126	0	0	*	2
1294	51763	5	124	0	0	*	2
1295	51803	5	122	0	0	*	2
1296	51843	5	119	0	0	*	2
1297	51883	5	117	0	0	*	2
1298	51923	5	115	0	0	*	2
1299	51963	5	114	0	0	*	2
1300	52003	6	111	0	0	*	2
1301	52043	6	109	0	0	*	2
1302	52083	7	107	0	0	*	2
1303	52123	7	105	0	0	*	2
1304	52163	8	103	0	0	*	2
1305	52203	8	101	0	0	*	2
1306	52243	8	98	0	0	*	2
1307	52283	9	96	0	0	*	2
1308	52323	9	95	0	0	*	2
1309	52363	10	93	0	0	*	2
1310	52403	11	92	0	0	*	2
1311	52443	11	90	0	0	*	2
1312	52483	12	86	0	0	*	2
1313	52523	13	84	0	0	*	2
1314	52563	14	82	0	0	*	2
1315	52603	15	80	0	0	*	2
1316	52643	16	77	0	0	*	2
1317	52683	18	74	0	0	*	2
1318	52723	19	72	0	0	*	2
1319	52763	19	71	0	0	*	2
1320	52803	20	70	0	0	*	2
1321	52843	21	68	0	0	*	2
1322	52883	22	65	0	0	*	2
1323	52923	23	63	0	0	*	2
1324	52963	24	61	0	0	*	2
1325	53003	25	58	0	0	*	2
1326	53043	27	56	0	0	*	2
1327	53083	28	54	0	0	*	2
1328	53123	29	51	0	0	*	2
1329	53163	31	49	0	0	*	2
1330	53203	32	48	0	0	*	2
1331	53243	33	46	0	0	*	2
1332	53283	35	45	0	0	*	2
1333	53323	37	43	0	0	*	2
1334	53363	38	41	0	0	*	2
1335	53403	40	39	0	0	*	2
1336	53443	42	37	0	0	*	2
1337	53483	50	29	0	0	*	2
1338	53523	46	34	0	0	*	2
1339	53563	48	32	0	0	*	2
1340	53603	49	31	0	0	*	2
1341	53643	50	30	0	0	*	2
1342	53683	53	28	0	0	*	2
1343	53723	55	27	0	0	*	2
1344	53763	57	25	0	0	*	2
1345	53803	59	24	0	0	*	2
1346	53843	61	23	0	0	*	2
1347	53883	62	22	0	0	*	2
1348	53923	64	21	0	0	*	2
1349	53963	66	20	0	0	*	2
1350	54003	68	19	0	0	*	2
1351	54043	70	18	0	0	*	2
1352	54083	73	17	0	0	*	2
1353	54123	75	16	0	0	*	2
1354	54163	77	15	0	0	*	2
1355	54203	80	14	0	0	*	2
1356	54243	82	14	0	0	*	2
1357	54283	84	13	0	0	*	2
1358	54323	86	12	0	0	*	2
1359	54363	98	9	0	0	*	2
1360	54403	92	11	0	0	*	2
1361	54443	94	11	0	0	*	2
1362	54483	97	10	0	0	*	2
1363	54523	99	10	0	0	*	2
1364	54563	109	8	0	0	*	2
1365	54603	112	7	0	0	*	2
1366	54643	114	6	0	0	*	2
1367	54683	117	6	0	0	*	2
1368	54723	119	6	0	0	*	2
1369	54763	114	7	0	0	*	2
1370	54803	124	6	0	0	*	2
1371	54843	126	6	0	0	*	2
1372	54883	128	5	0	0	*	2
1373	54923	131	5	0	0	*	2
1374	54963	125	5	0	0	*	2
1375	55003	127	5	0	0	*	2
1376	55043	130	5	0	0	*	2
1377	55083	140	6	0	0	*	2
1378	55123	142	6	0	0	*	2
1379	55163	145	6	0	0	*	2
1380	55203	139	5	0	0	*	2
1381	55243	149	7	0	0	*	2
1382	55283	143	6	0	0	*	2
1383	55323	145	7	0	0	*	2
1384	55363	155	10	0	0	*	2
1385	55403	149	8	0	0	*	2
1386	55443	151	9	0	0	*	2
1387	55483	153	9	0	0	*	2
1388	55523	162	15	0	0	*	2
1389	55563	164	16	0	0	*	2
1390	55603	166	17	0	0	*	2
1391	55643	168	19	0	0	*	2
1392	55683	170	20	0	0	*	2
1393	55723	171	21	0	0	*	2
1394	55763	168	18	0	0	*	2
1395	55803	175	23	0	0	*	2
1396	55843	177	25	0	0	*	2
1397	55883	179	26	0	0	*	2
1398	55923	181	27	0	0	*	2
1399	55963	183	28	0	0	*	2
1400	56003	185	30	0	0	*	2
1401	56043	187	31	0	0	*	2
1402	56083	188	33	0	0	*	2
1403	56123	190	35	0	0	*	2
1404	56163	192	36	0	0	*	2
1405	56203	194	37	0	0	*	2
1406	56243	196	39	0	0	*	2
1407	56283	198	41	0	0	*	2
1408	56323	200	42	0	0	*	2
1409	56363	202	44	0	0	*	2
1410	56403	203	46	0	0	*	2
1411	56443	205	47	0	0	*	2
1412	56483	207	49	0	0	*	2
1413	56523	209	50	0	0	*	2
1414	56563	211	52	0	0	*	2
1415	56603	213	54	0	0	*	2
1416	56643	215	56	0	0	*	2
1417	56683	216	57	0	0	*	2
1418	56723	218	59	0	0	*	2
1419	56763	220	60	0	0	*	2
1420	56803	222	62	0	0	*	2
1421	56843	224	64	0	0	*	2
1422	56883	226	66	0	0	*	2
1423	56923	228	67	0	0	*	2
1424	56963	229	69	0	0	*	2
1425	57003	231	70	0	0	*	2
1426	57043	233	71	0	0	*	2
1427	57083	235	73	0	0	*	2
1428	57123	237	74	0	0	*	2
1429	57163	239	76	0	0	*	2
1430	57203	240	77	0	0	*	2
1431	57243	239	76	0	0	*	2
1432	57283	240	78	0	0	*	2
1433	57323	240	79	0	0	*	2
1434	57363	241	81	0	0	*	2
1435	57403	242	83	0	0	*	2
1436	57443	241	85	0	0	*	2
1437	57483	244	92	0	0	*	2
1438	57523	242	88	0	0	*	2
1439	57563	243	90	0	0	*	2
1440	57603	244	92	0	0	*	2
1441	57643	244	94	0	0	*	2
1442	57683	245	96	0	0	*	2
1443	57723	245	97	0	0	*	2
1444	57763	246	100	0	0	*	2
1445	57803	246	102	0	0	*	2
1446	57843	247	104	0	0	*	2
1447	57883	247	106	0	0	*	2
1448	57923	248	108	0	0	*	2
1449	57963	248	109	0	0	*	2
1450	58003	249	112	0	0	*	2
1451	58043	249	114	0	0	*	2
1452	58083	249	115	0	0	*	2
1453	58123	250	117	0	0	*	2
1454	58163	250	119	0	0	*	2
1455	58203	250	121	0	0	*	2
1456	58243	251	123	0	0	*	2
1457	58283	251	125	0	0	*	2
1458	58323	251	128	0	0	*	2
1459	58363	251	130	0	0	*	2
1460	58403	250	132	0	0	*	2
1461	58443	250	135	0	0	*	2
1462	58483	250	137	0	0	*	2
1463	58523	250	139	0	0	*	2
1464	58563	250	141	0	0	*	2
1465	58603	249	143	0	0	*	2
1466	58643	249	145	0	0	*	2
1467	58683	248	147	0	0	*	2
1468	58723	248	149	0	0	*	2
1469	58763	248	151	0	0	*	2
1470	58803	247	153	0	0	*	2
1471	58843	247	155	0	0	*	2
1472	58883	246	157	0	0	*	2
1473	58923	245	160	0	0	*	2
1474	58963	245	162	0	0	*	2
1475	59003	244	163	0	0	*	2
1476	59043	243	165	0	0	*	2
1477	59083	243	167	0	0	*	2
1478	59123	242	169	0	0	*	2
1479	59163	241	171	0	0	*	2
1480	59203	240	173	0	0	*	2
1481	59243	239	175	0	0	*	2
1482	59283	238	177	0	0	*	2
1483	59323	238	179	0	0	*	2
1484	59363	237	180	0	0	*	2
1485	59403	235	183	0	0	*	2
1486	59443	234	185	0	0	*	2
1487	59483	233	186	0	0	*	2
1488	59523	232	188	0	0	*	2
1489	59563	231	190	0	0	*	2
1490	59603	231	191	0	0	*	2
1491	59643	229	193	0	0	*	2
1492	59683	228	195	0	0	*	2
1493	59723	227	197	0	0	*	2
1494	59763	226	198	0	0	*	2
1495	59803	224	200	0	0	*	2
1496	59843	223	202	0	0	*	2
1497	59883	222	203	0	0	*	2
1498	59923	220	205	0	0	*	2
1499	59963	219	206	0	0	*	2
1500	60003	217	208	0	0	*	2
1501	60043	216	209	0	0	*	2
1502	60083	214	210	0	0	*	2
1503	60123	213	212	0	0	*	2
1504	60163	212	213	0	0	*	2
1505	60203	210	214	0	0	*	2
1506	60243	208	215	0	0	*	2
1507	60283	207	217	0	0	*	2
1508	60323	206	218	0	0	*	2
1509	60363	205	219	0	0	*	2
1510	60403	203	220	0	0	*	2
