%%BEGIN_HEADER
	%%BEGIN DATABASE_INFORMATION
		%Date.0 ( 30.9.2019 )
		%Time.0 ( 14:50 )
	%%END DATABASE_INFORMATION
	%%BEGIN SETUP_INFORMATION
		%TrackerVersion.0 ( Tracker version 2.38 release 12.8.2012 )
		%ElapsedTime_ms.0 ( 61137 )
		%Paradigm.0 ( PlacePreference )
		%FeederParameters.0 ( 1500 0 )
			// %FeederParameters.0 ( ENTRANCE_LATENCY EXIT_LATENCY )
		%ElapsedPath_m.0 ( 0.00 )
		%ArenaDiameter_m.0 ( 1.80 )
		%TrackerResolution_PixPerCM.0 ( 1.4222 )
		%ArenaCenterXY.0 ( 127.5 127.5 )
		%Frame.0 ( RoomFrame )
		%ReinforcedSector.0 ( 64.3907 190.6093 7 )
			//%ReinforcedSector.0 ( CENTER_X CENTER_Y RADIUS )
		%RoomTrackReinforcedSector.0 ( 64.3907 190.6093 7 )
			//%RoomTrackReinforcedSector.0 ( CENTER_X CENTER_Y RADIUS )
	%%END SETUP_INFORMATION
	%%BEGIN RECORD_FORMAT
		%Sample.0 ( FrameCount 1msTimeStamp RoomX RoomY Sectors State Flags FrameInfo )
			//Sectors indicate if the object is in a target. Number is binary coded. Sectors = 0: no target, Sectors = 1: room target, Sectors: = 2 arena target, Sectors: = 3 room and arena target
			////State indicates the Watermaze State: OutsideTarget = 0, EntranceLatency = 1, InsideTarget = 3, OutsideRefractory = 4, BadSpot = 5
			//FrameInfo indicates succesfuly tracked spots: ReferencePoint * 2^0 + Spot0 * 2^(1+0) + Spot1 * 2^(1+1) + Spot2 * 2^(1+2) .... 
	%%END RECORD_FORMAT
%%END_HEADER
1	57	207	217	0	0	*	2
2	97	206	216	0	0	*	2
3	137	206	216	0	0	*	2
4	177	205	215	0	0	*	2
5	217	205	215	0	0	*	2
6	257	203	214	0	0	*	2
7	297	203	214	0	0	*	2
8	337	202	214	0	0	*	2
9	377	200	214	0	0	*	2
10	417	199	214	0	0	*	2
11	457	198	214	0	0	*	2
12	497	197	214	0	0	*	2
13	537	196	214	0	0	*	2
14	577	194	214	0	0	*	2
15	617	194	214	0	0	*	2
16	657	193	213	0	0	*	2
17	697	193	213	0	0	*	2
18	737	193	213	0	0	*	2
19	777	192	212	0	0	*	2
20	817	191	212	0	0	*	2
21	857	190	211	0	0	*	2
22	897	190	211	0	0	*	2
23	937	189	210	0	0	*	2
24	977	188	210	0	0	*	2
25	1017	187	209	0	0	*	2
26	1057	186	209	0	0	*	2
27	1097	184	207	0	0	*	2
28	1137	183	207	0	0	*	2
29	1177	182	205	0	0	*	2
30	1217	181	204	0	0	*	2
31	1257	180	203	0	0	*	2
32	1297	179	201	0	0	*	2
33	1337	178	199	0	0	*	2
34	1377	176	197	0	0	*	2
35	1417	175	196	0	0	*	2
36	1457	174	194	0	0	*	2
37	1497	173	191	0	0	*	2
38	1537	172	189	0	0	*	2
39	1577	171	188	0	0	*	2
40	1617	170	185	0	0	*	2
41	1657	169	184	0	0	*	2
42	1697	168	181	0	0	*	2
43	1737	167	178	0	0	*	2
44	1777	166	176	0	0	*	2
45	1817	166	174	0	0	*	2
46	1857	165	171	0	0	*	2
47	1897	164	169	0	0	*	2
48	1937	163	166	0	0	*	2
49	1977	162	162	0	0	*	2
50	2017	162	161	0	0	*	2
51	2057	161	158	0	0	*	2
52	2097	161	154	0	0	*	2
53	2137	160	151	0	0	*	2
54	2177	160	149	0	0	*	2
55	2217	160	145	0	0	*	2
56	2257	160	143	0	0	*	2
57	2297	160	139	0	0	*	2
58	2337	161	137	0	0	*	2
59	2377	161	134	0	0	*	2
60	2417	161	131	0	0	*	2
61	2457	162	128	0	0	*	2
62	2497	162	125	0	0	*	2
63	2537	163	122	0	0	*	2
64	2577	163	119	0	0	*	2
65	2617	164	116	0	0	*	2
66	2657	165	115	0	0	*	2
67	2697	165	112	0	0	*	2
68	2737	166	109	0	0	*	2
69	2777	167	106	0	0	*	2
70	2817	168	102	0	0	*	2
71	2857	169	99	0	0	*	2
72	2897	169	97	0	0	*	2
73	2937	170	94	0	0	*	2
74	2977	171	92	0	0	*	2
75	3017	172	89	0	0	*	2
76	3057	173	86	0	0	*	2
77	3097	174	83	0	0	*	2
78	3137	174	81	0	0	*	2
79	3177	174	79	0	0	*	2
80	3217	174	77	0	0	*	2
81	3257	174	75	0	0	*	2
82	3297	174	73	0	0	*	2
83	3337	173	70	0	0	*	2
84	3377	172	66	0	0	*	2
85	3417	171	64	0	0	*	2
86	3457	170	61	0	0	*	2
87	3497	170	59	0	0	*	2
88	3537	169	57	0	0	*	2
89	3577	167	54	0	0	*	2
90	3617	167	52	0	0	*	2
91	3657	166	50	0	0	*	2
92	3697	165	47	0	0	*	2
93	3737	165	46	0	0	*	2
94	3777	164	43	0	0	*	2
95	3817	163	41	0	0	*	2
96	3857	163	39	0	0	*	2
97	3897	163	37	0	0	*	2
98	3937	163	35	0	0	*	2
99	3977	162	32	0	0	*	2
100	4017	163	29	0	0	*	2
101	4057	163	27	0	0	*	2
102	4097	164	27	0	0	*	2
103	4137	165	26	0	0	*	2
104	4177	167	25	0	0	*	2
105	4217	168	25	0	0	*	2
106	4257	169	26	0	0	*	2
107	4297	169	26	0	0	*	2
108	4337	170	27	0	0	*	2
109	4377	170	27	0	0	*	2
110	4417	171	27	0	0	*	2
111	4457	171	27	0	0	*	2
112	4497	172	28	0	0	*	2
113	4537	173	29	0	0	*	2
114	4577	173	30	0	0	*	2
115	4617	174	31	0	0	*	2
116	4657	176	32	0	0	*	2
117	4697	175	32	0	0	*	2
118	4737	176	34	0	0	*	2
119	4777	177	36	0	0	*	2
120	4817	177	37	0	0	*	2
121	4857	178	38	0	0	*	2
122	4897	178	41	0	0	*	2
123	4937	179	43	0	0	*	2
124	4977	180	45	0	0	*	2
125	5017	180	47	0	0	*	2
126	5057	181	49	0	0	*	2
127	5097	181	51	0	0	*	2
128	5137	182	53	0	0	*	2
129	5177	182	55	0	0	*	2
130	5217	183	58	0	0	*	2
131	5257	184	60	0	0	*	2
132	5297	185	63	0	0	*	2
133	5337	186	65	0	0	*	2
134	5377	188	67	0	0	*	2
135	5417	189	70	0	0	*	2
136	5457	191	72	0	0	*	2
137	5497	192	75	0	0	*	2
138	5537	194	78	0	0	*	2
139	5577	195	80	0	0	*	2
140	5617	197	82	0	0	*	2
141	5657	200	85	0	0	*	2
142	5697	201	88	0	0	*	2
143	5737	203	90	0	0	*	2
144	5777	205	93	0	0	*	2
145	5817	206	94	0	0	*	2
146	5857	208	97	0	0	*	2
147	5897	211	100	0	0	*	2
148	5937	212	102	0	0	*	2
149	5977	215	104	0	0	*	2
150	6017	216	106	0	0	*	2
151	6057	218	108	0	0	*	2
152	6097	221	110	0	0	*	2
153	6137	223	112	0	0	*	2
154	6177	225	114	0	0	*	2
155	6217	227	116	0	0	*	2
156	6257	229	117	0	0	*	2
157	6297	231	118	0	0	*	2
158	6337	233	119	0	0	*	2
159	6377	234	121	0	0	*	2
160	6417	235	122	0	0	*	2
161	6457	236	123	0	0	*	2
162	6497	237	125	0	0	*	2
163	6537	236	126	0	0	*	2
164	6577	236	127	0	0	*	2
165	6617	236	128	0	0	*	2
166	6657	236	128	0	0	*	2
167	6697	236	129	0	0	*	2
168	6737	235	130	0	0	*	2
169	6777	235	131	0	0	*	2
170	6817	235	131	0	0	*	2
171	6857	234	132	0	0	*	2
172	6897	233	132	0	0	*	2
173	6937	233	132	0	0	*	2
174	6977	232	133	0	0	*	2
175	7017	231	134	0	0	*	2
176	7057	230	134	0	0	*	2
177	7097	229	134	0	0	*	2
178	7137	227	135	0	0	*	2
179	7177	226	135	0	0	*	2
180	7217	223	135	0	0	*	2
181	7257	222	135	0	0	*	2
182	7297	219	135	0	0	*	2
183	7337	219	135	0	0	*	2
184	7377	217	135	0	0	*	2
185	7417	215	134	0	0	*	2
186	7457	212	134	0	0	*	2
187	7497	210	134	0	0	*	2
188	7537	207	133	0	0	*	2
189	7577	205	132	0	0	*	2
190	7617	202	132	0	0	*	2
191	7657	200	131	0	0	*	2
192	7697	197	130	0	0	*	2
193	7737	194	129	0	0	*	2
194	7777	192	128	0	0	*	2
195	7817	190	127	0	0	*	2
196	7857	187	126	0	0	*	2
197	7897	184	124	0	0	*	2
198	7937	182	123	0	0	*	2
199	7977	178	122	0	0	*	2
200	8017	176	121	0	0	*	2
201	8057	173	120	0	0	*	2
202	8097	170	118	0	0	*	2
203	8137	168	117	0	0	*	2
204	8177	165	116	0	0	*	2
205	8217	162	114	0	0	*	2
206	8257	160	113	0	0	*	2
207	8297	157	111	0	0	*	2
208	8337	154	109	0	0	*	2
209	8377	151	108	0	0	*	2
210	8417	148	106	0	0	*	2
211	8457	146	104	0	0	*	2
212	8497	144	103	0	0	*	2
213	8537	141	101	0	0	*	2
214	8577	138	99	0	0	*	2
215	8617	135	97	0	0	*	2
216	8657	133	95	0	0	*	2
217	8697	130	93	0	0	*	2
218	8737	128	92	0	0	*	2
219	8777	125	90	0	0	*	2
220	8817	122	88	0	0	*	2
221	8857	120	86	0	0	*	2
222	8897	117	84	0	0	*	2
223	8937	114	82	0	0	*	2
224	8977	112	81	0	0	*	2
225	9017	109	78	0	0	*	2
226	9057	107	77	0	0	*	2
227	9097	105	75	0	0	*	2
228	9137	101	73	0	0	*	2
229	9177	99	71	0	0	*	2
230	9217	97	70	0	0	*	2
231	9257	94	67	0	0	*	2
232	9297	92	66	0	0	*	2
233	9337	89	63	0	0	*	2
234	9377	86	61	0	0	*	2
235	9417	84	59	0	0	*	2
236	9457	82	57	0	0	*	2
237	9497	80	55	0	0	*	2
238	9537	78	53	0	0	*	2
239	9577	75	51	0	0	*	2
240	9617	73	48	0	0	*	2
241	9657	71	46	0	0	*	2
242	9697	69	45	0	0	*	2
243	9737	67	42	0	0	*	2
244	9777	65	40	0	0	*	2
245	9817	63	37	0	0	*	2
246	9857	61	34	0	0	*	2
247	9897	59	32	0	0	*	2
248	9937	58	31	0	0	*	2
249	9977	58	29	0	0	*	2
250	10017	58	28	0	0	*	2
251	10057	57	27	0	0	*	2
252	10097	58	26	0	0	*	2
253	10137	58	25	0	0	*	2
254	10177	60	24	0	0	*	2
255	10217	61	24	0	0	*	2
256	10257	62	24	0	0	*	2
257	10297	63	24	0	0	*	2
258	10337	63	24	0	0	*	2
259	10377	63	24	0	0	*	2
260	10417	64	24	0	0	*	2
261	10457	67	26	0	0	*	2
262	10497	66	26	0	0	*	2
263	10537	69	27	0	0	*	2
264	10577	70	27	0	0	*	2
265	10617	71	27	0	0	*	2
266	10657	73	27	0	0	*	2
267	10697	75	27	0	0	*	2
268	10737	78	28	0	0	*	2
269	10777	81	28	0	0	*	2
270	10817	83	28	0	0	*	2
271	10857	85	29	0	0	*	2
272	10897	88	29	0	0	*	2
273	10937	90	30	0	0	*	2
274	10977	93	31	0	0	*	2
275	11017	96	31	0	0	*	2
276	11057	97	32	0	0	*	2
277	11097	100	33	0	0	*	2
278	11137	102	34	0	0	*	2
279	11177	105	35	0	0	*	2
280	11217	108	36	0	0	*	2
281	11257	110	37	0	0	*	2
282	11297	113	38	0	0	*	2
283	11337	117	39	0	0	*	2
284	11377	119	40	0	0	*	2
285	11417	121	41	0	0	*	2
286	11457	124	42	0	0	*	2
287	11497	127	43	0	0	*	2
288	11537	130	44	0	0	*	2
289	11577	133	44	0	0	*	2
290	11617	135	45	0	0	*	2
291	11657	138	46	0	0	*	2
292	11697	141	46	0	0	*	2
293	11737	144	47	0	0	*	2
294	11777	147	47	0	0	*	2
295	11817	150	48	0	0	*	2
296	11857	152	48	0	0	*	2
297	11897	156	48	0	0	*	2
298	11937	159	49	0	0	*	2
299	11977	161	49	0	0	*	2
300	12017	165	49	0	0	*	2
301	12057	168	49	0	0	*	2
302	12097	170	49	0	0	*	2
303	12137	173	50	0	0	*	2
304	12177	176	50	0	0	*	2
305	12217	179	50	0	0	*	2
306	12257	182	51	0	0	*	2
307	12297	186	51	0	0	*	2
308	12337	189	51	0	0	*	2
309	12377	192	52	0	0	*	2
310	12417	194	52	0	0	*	2
311	12457	196	52	0	0	*	2
312	12497	199	51	0	0	*	2
313	12537	202	51	0	0	*	2
314	12577	205	51	0	0	*	2
315	12617	207	51	0	0	*	2
316	12657	211	51	0	0	*	2
317	12697	212	51	0	0	*	2
318	12737	214	50	0	0	*	2
319	12777	216	50	0	0	*	2
320	12817	218	50	0	0	*	2
321	12857	219	50	0	0	*	2
322	12897	220	50	0	0	*	2
323	12937	221	51	0	0	*	2
324	12977	222	52	0	0	*	2
325	13017	222	53	0	0	*	2
326	13057	222	54	0	0	*	2
327	13097	222	56	0	0	*	2
328	13137	222	57	0	0	*	2
329	13177	222	58	0	0	*	2
330	13217	222	59	0	0	*	2
331	13257	222	59	0	0	*	2
332	13297	222	59	0	0	*	2
333	13337	222	60	0	0	*	2
334	13377	222	61	0	0	*	2
335	13417	221	63	0	0	*	2
336	13457	221	64	0	0	*	2
337	13497	221	67	0	0	*	2
338	13537	221	68	0	0	*	2
339	13577	221	70	0	0	*	2
340	13617	220	72	0	0	*	2
341	13657	220	75	0	0	*	2
342	13697	219	76	0	0	*	2
343	13737	219	79	0	0	*	2
344	13777	219	81	0	0	*	2
345	13817	218	83	0	0	*	2
346	13857	218	86	0	0	*	2
347	13897	217	88	0	0	*	2
348	13937	217	91	0	0	*	2
349	13977	216	94	0	0	*	2
350	14017	216	97	0	0	*	2
351	14057	215	100	0	0	*	2
352	14097	214	103	0	0	*	2
353	14137	214	105	0	0	*	2
354	14177	213	108	0	0	*	2
355	14217	213	111	0	0	*	2
356	14257	212	114	0	0	*	2
357	14297	211	116	0	0	*	2
358	14337	210	119	0	0	*	2
359	14377	210	122	0	0	*	2
360	14417	209	125	0	0	*	2
361	14457	208	128	0	0	*	2
362	14497	207	131	0	0	*	2
363	14537	206	133	0	0	*	2
364	14577	206	136	0	0	*	2
365	14617	206	139	0	0	*	2
366	14657	205	142	0	0	*	2
367	14697	204	145	0	0	*	2
368	14737	203	148	0	0	*	2
369	14777	202	151	0	0	*	2
370	14817	202	153	0	0	*	2
371	14857	201	156	0	0	*	2
372	14897	200	159	0	0	*	2
373	14937	199	162	0	0	*	2
374	14977	198	164	0	0	*	2
375	15017	198	167	0	0	*	2
376	15057	197	170	0	0	*	2
377	15097	196	172	0	0	*	2
378	15137	195	175	0	0	*	2
379	15177	194	178	0	0	*	2
380	15217	194	180	0	0	*	2
381	15257	193	183	0	0	*	2
382	15297	192	186	0	0	*	2
383	15337	191	188	0	0	*	2
384	15377	190	191	0	0	*	2
385	15417	189	194	0	0	*	2
386	15457	188	197	0	0	*	2
387	15497	186	201	0	0	*	2
388	15537	185	203	0	0	*	2
389	15577	184	206	0	0	*	2
390	15617	183	208	0	0	*	2
391	15657	182	211	0	0	*	2
392	15697	181	213	0	0	*	2
393	15737	180	216	0	0	*	2
394	15777	178	219	0	0	*	2
395	15817	178	221	0	0	*	2
396	15857	177	223	0	0	*	2
397	15897	176	226	0	0	*	2
398	15937	175	228	0	0	*	2
399	15977	175	231	0	0	*	2
400	16017	175	233	0	0	*	2
401	16057	174	234	0	0	*	2
402	16097	173	234	0	0	*	2
403	16137	172	235	0	0	*	2
404	16177	171	236	0	0	*	2
405	16217	170	236	0	0	*	2
406	16257	168	237	0	0	*	2
407	16297	167	237	0	0	*	2
408	16337	166	237	0	0	*	2
409	16377	166	236	0	0	*	2
410	16417	164	236	0	0	*	2
411	16457	163	236	0	0	*	2
412	16497	163	236	0	0	*	2
413	16537	161	236	0	0	*	2
414	16577	159	236	0	0	*	2
415	16617	156	236	0	0	*	2
416	16657	155	236	0	0	*	2
417	16697	153	236	0	0	*	2
418	16737	150	235	0	0	*	2
419	16777	147	235	0	0	*	2
420	16817	146	234	0	0	*	2
421	16857	142	233	0	0	*	2
422	16897	140	232	0	0	*	2
423	16937	138	232	0	0	*	2
424	16977	135	231	0	0	*	2
425	17017	133	231	0	0	*	2
426	17057	130	230	0	0	*	2
427	17097	126	229	0	0	*	2
428	17137	124	228	0	0	*	2
429	17177	121	227	0	0	*	2
430	17217	118	226	0	0	*	2
431	17257	114	224	0	0	*	2
432	17297	111	224	0	0	*	2
433	17337	109	223	0	0	*	2
434	17377	106	222	0	0	*	2
435	17417	103	220	0	0	*	2
436	17457	100	219	0	0	*	2
437	17497	97	218	0	0	*	2
438	17537	94	217	0	0	*	2
439	17577	91	216	0	0	*	2
440	17617	89	215	0	0	*	2
441	17657	86	214	0	0	*	2
442	17697	83	213	0	0	*	2
443	17737	81	212	0	0	*	2
444	17777	78	210	0	0	*	2
445	17817	75	209	0	0	*	2
446	17857	73	209	0	0	*	2
447	17897	70	207	0	0	*	2
448	17937	68	206	0	0	*	2
449	17977	66	205	0	0	*	2
450	18017	63	203	0	0	*	2
451	18057	61	201	0	0	*	2
452	18097	58	200	0	0	*	2
453	18137	56	198	0	0	*	2
454	18177	53	196	0	0	*	2
455	18217	51	195	0	0	*	2
456	18257	49	193	0	0	*	2
457	18297	47	191	0	0	*	2
458	18337	45	190	0	0	*	2
459	18377	44	188	0	0	*	2
460	18417	41	186	0	0	*	2
461	18457	39	184	0	0	*	2
462	18497	38	183	0	0	*	2
463	18537	36	181	0	0	*	2
464	18577	34	179	0	0	*	2
465	18617	32	178	0	0	*	2
466	18657	30	176	0	0	*	2
467	18697	29	174	0	0	*	2
468	18737	27	172	0	0	*	2
469	18777	20	170	0	0	*	2
470	18817	18	168	0	0	*	2
471	18857	17	166	0	0	*	2
472	18897	15	164	0	0	*	2
473	18937	14	162	0	0	*	2
474	18977	13	161	0	0	*	2
475	19017	12	159	0	0	*	2
476	19057	12	158	0	0	*	2
477	19097	11	156	0	0	*	2
478	19137	11	154	0	0	*	2
479	19177	10	152	0	0	*	2
480	19217	10	149	0	0	*	2
481	19257	10	149	0	0	*	2
482	19297	10	148	0	0	*	2
483	19337	10	146	0	0	*	2
484	19377	9	144	0	0	*	2
485	19417	9	142	0	0	*	2
486	19457	9	140	0	0	*	2
487	19497	9	139	0	0	*	2
488	19537	9	137	0	0	*	2
489	19577	9	135	0	0	*	2
490	19617	9	133	0	0	*	2
491	19657	9	130	0	0	*	2
492	19697	10	128	0	0	*	2
493	19737	10	126	0	0	*	2
494	19777	11	123	0	0	*	2
495	19817	12	121	0	0	*	2
496	19857	12	119	0	0	*	2
497	19897	14	116	0	0	*	2
498	19937	15	113	0	0	*	2
499	19977	23	109	0	0	*	2
500	20017	25	107	0	0	*	2
501	20057	27	105	0	0	*	2
502	20097	29	103	0	0	*	2
503	20137	31	100	0	0	*	2
504	20177	33	98	0	0	*	2
505	20217	35	96	0	0	*	2
506	20257	36	94	0	0	*	2
507	20297	38	93	0	0	*	2
508	20337	40	90	0	0	*	2
509	20377	43	88	0	0	*	2
510	20417	45	86	0	0	*	2
511	20457	47	84	0	0	*	2
512	20497	49	82	0	0	*	2
513	20537	51	80	0	0	*	2
514	20577	54	77	0	0	*	2
515	20617	56	76	0	0	*	2
516	20657	58	74	0	0	*	2
517	20697	61	72	0	0	*	2
518	20737	63	70	0	0	*	2
519	20777	66	69	0	0	*	2
520	20817	69	67	0	0	*	2
521	20857	71	66	0	0	*	2
522	20897	73	64	0	0	*	2
523	20937	76	63	0	0	*	2
524	20977	79	62	0	0	*	2
525	21017	82	60	0	0	*	2
526	21057	85	59	0	0	*	2
527	21097	87	58	0	0	*	2
528	21137	90	56	0	0	*	2
529	21177	92	55	0	0	*	2
530	21217	95	54	0	0	*	2
531	21257	97	53	0	0	*	2
532	21297	100	51	0	0	*	2
533	21337	103	50	0	0	*	2
534	21377	105	49	0	0	*	2
535	21417	108	47	0	0	*	2
536	21457	110	46	0	0	*	2
537	21497	113	46	0	0	*	2
538	21537	116	44	0	0	*	2
539	21577	119	43	0	0	*	2
540	21617	121	42	0	0	*	2
541	21657	124	41	0	0	*	2
542	21697	126	40	0	0	*	2
543	21737	129	39	0	0	*	2
544	21777	132	38	0	0	*	2
545	21817	134	37	0	0	*	2
546	21857	136	36	0	0	*	2
547	21897	139	36	0	0	*	2
548	21937	143	35	0	0	*	2
549	21977	145	35	0	0	*	2
550	22017	147	35	0	0	*	2
551	22057	150	35	0	0	*	2
552	22097	153	35	0	0	*	2
553	22137	156	35	0	0	*	2
554	22177	159	36	0	0	*	2
555	22217	162	36	0	0	*	2
556	22257	164	37	0	0	*	2
557	22297	167	37	0	0	*	2
558	22337	169	37	0	0	*	2
559	22377	171	37	0	0	*	2
560	22417	174	38	0	0	*	2
561	22457	176	38	0	0	*	2
562	22497	178	38	0	0	*	2
563	22537	182	38	0	0	*	2
564	22577	183	38	0	0	*	2
565	22617	186	37	0	0	*	2
566	22657	188	37	0	0	*	2
567	22697	191	36	0	0	*	2
568	22737	193	35	0	0	*	2
569	22777	194	33	0	0	*	2
570	22817	196	32	0	0	*	2
571	22857	197	30	0	0	*	2
572	22897	198	29	0	0	*	2
573	22937	198	29	0	0	*	2
574	22977	198	28	0	0	*	2
575	23017	198	28	0	0	*	2
576	23057	198	28	0	0	*	2
577	23097	198	28	0	0	*	2
578	23137	199	29	0	0	*	2
579	23177	199	29	0	0	*	2
580	23217	200	30	0	0	*	2
581	23257	201	30	0	0	*	2
582	23297	202	31	0	0	*	2
583	23337	203	32	0	0	*	2
584	23377	203	33	0	0	*	2
585	23417	203	35	0	0	*	2
586	23457	203	36	0	0	*	2
587	23497	203	38	0	0	*	2
588	23537	203	39	0	0	*	2
589	23577	204	40	0	0	*	2
590	23617	205	42	0	0	*	2
591	23657	205	43	0	0	*	2
592	23697	205	44	0	0	*	2
593	23737	205	45	0	0	*	2
594	23777	206	46	0	0	*	2
595	23817	206	49	0	0	*	2
596	23857	207	51	0	0	*	2
597	23897	207	52	0	0	*	2
598	23937	207	54	0	0	*	2
599	23977	207	57	0	0	*	2
600	24017	208	59	0	0	*	2
601	24057	208	61	0	0	*	2
602	24097	208	64	0	0	*	2
603	24137	208	66	0	0	*	2
604	24177	208	69	0	0	*	2
605	24217	208	71	0	0	*	2
606	24257	208	74	0	0	*	2
607	24297	208	77	0	0	*	2
608	24337	207	79	0	0	*	2
609	24377	207	82	0	0	*	2
610	24417	207	85	0	0	*	2
611	24457	207	88	0	0	*	2
612	24497	207	91	0	0	*	2
613	24537	206	94	0	0	*	2
614	24577	206	97	0	0	*	2
615	24617	206	99	0	0	*	2
616	24657	206	102	0	0	*	2
617	24697	206	105	0	0	*	2
618	24737	205	108	0	0	*	2
619	24777	205	111	0	0	*	2
620	24817	205	114	0	0	*	2
621	24857	204	117	0	0	*	2
622	24897	204	119	0	0	*	2
623	24937	203	123	0	0	*	2
624	24977	203	126	0	0	*	2
625	25017	202	129	0	0	*	2
626	25057	202	132	0	0	*	2
627	25097	202	136	0	0	*	2
628	25137	201	138	0	0	*	2
629	25177	201	141	0	0	*	2
630	25217	201	144	0	0	*	2
631	25257	200	147	0	0	*	2
632	25297	200	150	0	0	*	2
633	25337	200	153	0	0	*	2
634	25377	200	156	0	0	*	2
635	25417	200	159	0	0	*	2
636	25457	201	162	0	0	*	2
637	25497	201	164	0	0	*	2
638	25537	201	168	0	0	*	2
639	25577	201	171	0	0	*	2
640	25617	202	173	0	0	*	2
641	25657	203	176	0	0	*	2
642	25697	203	179	0	0	*	2
643	25737	204	182	0	0	*	2
644	25777	204	185	0	0	*	2
645	25817	205	187	0	0	*	2
646	25857	205	190	0	0	*	2
647	25897	206	193	0	0	*	2
648	25937	207	196	0	0	*	2
649	25977	207	198	0	0	*	2
650	26017	208	202	0	0	*	2
651	26057	208	204	0	0	*	2
652	26097	209	207	0	0	*	2
653	26137	210	209	0	0	*	2
654	26177	210	211	0	0	*	2
655	26217	210	213	0	0	*	2
656	26257	209	214	0	0	*	2
657	26297	209	215	0	0	*	2
658	26337	207	216	0	0	*	2
659	26377	206	217	0	0	*	2
660	26417	205	217	0	0	*	2
661	26457	204	217	0	0	*	2
662	26497	203	218	0	0	*	2
663	26537	202	219	0	0	*	2
664	26577	202	220	0	0	*	2
665	26617	201	221	0	0	*	2
666	26657	199	221	0	0	*	2
667	26697	198	221	0	0	*	2
668	26737	196	222	0	0	*	2
669	26777	195	223	0	0	*	2
670	26817	194	223	0	0	*	2
671	26857	192	224	0	0	*	2
672	26897	190	224	0	0	*	2
673	26937	188	225	0	0	*	2
674	26977	186	225	0	0	*	2
675	27017	184	226	0	0	*	2
676	27057	181	226	0	0	*	2
677	27097	179	227	0	0	*	2
678	27137	175	226	0	0	*	2
679	27177	172	226	0	0	*	2
680	27217	170	226	0	0	*	2
681	27257	167	226	0	0	*	2
682	27297	164	226	0	0	*	2
683	27337	162	226	0	0	*	2
684	27377	159	226	0	0	*	2
685	27417	156	226	0	0	*	2
686	27457	153	226	0	0	*	2
687	27497	150	225	0	0	*	2
688	27537	147	225	0	0	*	2
689	27577	145	225	0	0	*	2
690	27617	142	225	0	0	*	2
691	27657	139	225	0	0	*	2
692	27697	136	224	0	0	*	2
693	27737	133	224	0	0	*	2
694	27777	130	224	0	0	*	2
695	27817	127	223	0	0	*	2
696	27857	124	223	0	0	*	2
697	27897	121	223	0	0	*	2
698	27937	118	223	0	0	*	2
699	27977	115	223	0	0	*	2
700	28017	112	223	0	0	*	2
701	28057	109	223	0	0	*	2
702	28097	106	223	0	0	*	2
703	28137	103	223	0	0	*	2
704	28177	100	223	0	0	*	2
705	28217	98	223	0	0	*	2
706	28257	96	223	0	0	*	2
707	28297	94	223	0	0	*	2
708	28337	91	222	0	0	*	2
709	28377	89	222	0	0	*	2
710	28417	86	222	0	0	*	2
711	28457	83	222	0	0	*	2
712	28497	81	221	0	0	*	2
713	28537	79	221	0	0	*	2
714	28577	76	220	0	0	*	2
715	28617	73	219	0	0	*	2
716	28657	71	219	0	0	*	2
717	28697	69	218	0	0	*	2
718	28737	68	218	0	0	*	2
719	28777	66	217	0	0	*	2
720	28817	63	215	0	0	*	2
721	28857	61	214	0	0	*	2
722	28897	60	213	0	0	*	2
723	28937	58	212	0	0	*	2
724	28977	57	210	0	0	*	2
725	29017	56	209	0	0	*	2
726	29057	54	208	0	0	*	2
727	29097	53	206	0	0	*	2
728	29137	51	203	0	0	*	2
729	29177	50	201	0	0	*	2
730	29217	49	200	0	0	*	2
731	29257	48	197	0	0	*	2
732	29297	47	195	0	0	*	2
733	29337	46	193	0	0	*	2
734	29377	44	190	0	0	*	2
735	29417	43	188	0	0	*	2
736	29457	43	186	0	0	*	2
737	29497	42	183	0	0	*	2
738	29537	41	181	0	0	*	2
739	29577	40	179	0	0	*	2
740	29617	38	176	0	0	*	2
741	29657	37	173	0	0	*	2
742	29697	36	171	0	0	*	2
743	29737	35	169	0	0	*	2
744	29777	34	166	0	0	*	2
745	29817	33	164	0	0	*	2
746	29857	31	162	0	0	*	2
747	29897	30	160	0	0	*	2
748	29937	29	158	0	0	*	2
749	29977	28	155	0	0	*	2
750	30017	27	153	0	0	*	2
751	30057	26	150	0	0	*	2
752	30097	25	148	0	0	*	2
753	30137	24	145	0	0	*	2
754	30177	24	142	0	0	*	2
755	30217	24	140	0	0	*	2
756	30257	23	137	0	0	*	2
757	30297	22	134	0	0	*	2
758	30337	21	131	0	0	*	2
759	30377	21	128	0	0	*	2
760	30417	20	126	0	0	*	2
761	30457	19	123	0	0	*	2
762	30497	13	121	0	0	*	2
763	30537	12	118	0	0	*	2
764	30577	11	116	0	0	*	2
765	30617	10	115	0	0	*	2
766	30657	10	113	0	0	*	2
767	30697	10	112	0	0	*	2
768	30737	9	110	0	0	*	2
769	30777	9	109	0	0	*	2
770	30817	9	108	0	0	*	2
771	30857	8	106	0	0	*	2
772	30897	9	104	0	0	*	2
773	30937	9	104	0	0	*	2
774	30977	9	103	0	0	*	2
775	31017	9	103	0	0	*	2
776	31057	8	102	0	0	*	2
777	31097	9	101	0	0	*	2
778	31137	9	99	0	0	*	2
779	31177	10	98	0	0	*	2
780	31217	10	96	0	0	*	2
781	31257	10	94	0	0	*	2
782	31297	11	93	0	0	*	2
783	31337	11	91	0	0	*	2
784	31377	12	89	0	0	*	2
785	31417	12	87	0	0	*	2
786	31457	13	84	0	0	*	2
787	31497	13	83	0	0	*	2
788	31537	14	81	0	0	*	2
789	31577	15	78	0	0	*	2
790	31617	17	76	0	0	*	2
791	31657	17	74	0	0	*	2
792	31697	19	72	0	0	*	2
793	31737	20	70	0	0	*	2
794	31777	21	68	0	0	*	2
795	31817	23	66	0	0	*	2
796	31857	24	64	0	0	*	2
797	31897	25	62	0	0	*	2
798	31937	27	59	0	0	*	2
799	31977	29	57	0	0	*	2
800	32017	32	54	0	0	*	2
801	32057	34	52	0	0	*	2
802	32097	36	50	0	0	*	2
803	32137	37	48	0	0	*	2
804	32177	40	46	0	0	*	2
805	32217	43	44	0	0	*	2
806	32257	48	43	0	0	*	2
807	32297	50	41	0	0	*	2
808	32337	52	39	0	0	*	2
809	32377	55	37	0	0	*	2
810	32417	57	35	0	0	*	2
811	32457	60	33	0	0	*	2
812	32497	62	31	0	0	*	2
813	32537	64	29	0	0	*	2
814	32577	67	27	0	0	*	2
815	32617	69	25	0	0	*	2
816	32657	70	22	0	0	*	2
817	32697	73	20	0	0	*	2
818	32737	75	18	0	0	*	2
819	32777	78	17	0	0	*	2
820	32817	80	15	0	0	*	2
821	32857	83	14	0	0	*	2
822	32897	85	12	0	0	*	2
823	32937	87	11	0	0	*	2
824	32977	90	10	0	0	*	2
825	33017	93	9	0	0	*	2
826	33057	95	8	0	0	*	2
827	33097	97	8	0	0	*	2
828	33137	100	7	0	0	*	2
829	33177	102	6	0	0	*	2
830	33217	105	5	0	0	*	2
831	33257	108	5	0	0	*	2
832	33297	110	4	0	0	*	2
833	33337	113	4	0	0	*	2
834	33377	116	4	0	0	*	2
835	33417	118	4	0	0	*	2
836	33457	121	3	0	0	*	2
837	33497	124	3	0	0	*	2
838	33537	126	4	0	0	*	2
839	33577	129	4	0	0	*	2
840	33617	132	4	0	0	*	2
841	33657	134	4	0	0	*	2
842	33697	136	4	0	0	*	2
843	33737	140	5	0	0	*	2
844	33777	142	6	0	0	*	2
845	33817	145	6	0	0	*	2
846	33857	147	7	0	0	*	2
847	33897	150	8	0	0	*	2
848	33937	152	9	0	0	*	2
849	33977	155	11	0	0	*	2
850	34017	157	12	0	0	*	2
851	34057	160	14	0	0	*	2
852	34097	164	17	0	0	*	2
853	34137	166	18	0	0	*	2
854	34177	169	20	0	0	*	2
855	34217	171	21	0	0	*	2
856	34257	174	23	0	0	*	2
857	34297	176	24	0	0	*	2
858	34337	179	26	0	0	*	2
859	34377	181	27	0	0	*	2
860	34417	183	29	0	0	*	2
861	34457	186	31	0	0	*	2
862	34497	188	32	0	0	*	2
863	34537	191	35	0	0	*	2
864	34577	194	36	0	0	*	2
865	34617	196	38	0	0	*	2
866	34657	198	40	0	0	*	2
867	34697	200	42	0	0	*	2
868	34737	202	45	0	0	*	2
869	34777	204	46	0	0	*	2
870	34817	206	49	0	0	*	2
871	34857	207	51	0	0	*	2
872	34897	209	54	0	0	*	2
873	34937	211	56	0	0	*	2
874	34977	212	59	0	0	*	2
875	35017	214	62	0	0	*	2
876	35057	215	64	0	0	*	2
877	35097	216	67	0	0	*	2
878	35137	217	69	0	0	*	2
879	35177	219	71	0	0	*	2
880	35217	220	73	0	0	*	2
881	35257	221	75	0	0	*	2
882	35297	223	77	0	0	*	2
883	35337	225	79	0	0	*	2
884	35377	226	80	0	0	*	2
885	35417	227	82	0	0	*	2
886	35457	228	84	0	0	*	2
887	35497	229	85	0	0	*	2
888	35537	229	87	0	0	*	2
889	35577	230	89	0	0	*	2
890	35617	230	92	0	0	*	2
891	35657	230	93	0	0	*	2
892	35697	230	94	0	0	*	2
893	35737	229	96	0	0	*	2
894	35777	229	99	0	0	*	2
895	35817	229	100	0	0	*	2
896	35857	228	103	0	0	*	2
897	35897	228	105	0	0	*	2
898	35937	227	107	0	0	*	2
899	35977	226	108	0	0	*	2
900	36017	226	111	0	0	*	2
901	36057	225	113	0	0	*	2
902	36097	224	115	0	0	*	2
903	36137	223	117	0	0	*	2
904	36177	223	119	0	0	*	2
905	36217	222	121	0	0	*	2
906	36257	221	123	0	0	*	2
907	36297	220	125	0	0	*	2
908	36337	220	128	0	0	*	2
909	36377	219	131	0	0	*	2
910	36417	219	133	0	0	*	2
911	36457	219	135	0	0	*	2
912	36497	219	137	0	0	*	2
913	36537	219	140	0	0	*	2
914	36577	219	142	0	0	*	2
915	36617	220	145	0	0	*	2
916	36657	220	147	0	0	*	2
917	36697	220	149	0	0	*	2
918	36737	221	152	0	0	*	2
919	36777	221	155	0	0	*	2
920	36817	222	157	0	0	*	2
921	36857	223	159	0	0	*	2
922	36897	223	161	0	0	*	2
923	36937	224	163	0	0	*	2
924	36977	225	165	0	0	*	2
925	37017	227	167	0	0	*	2
926	37057	228	168	0	0	*	2
927	37097	230	170	0	0	*	2
928	37137	231	172	0	0	*	2
929	37177	234	173	0	0	*	2
930	37217	235	174	0	0	*	2
931	37257	236	175	0	0	*	2
932	37297	236	176	0	0	*	2
933	37337	236	177	0	0	*	2
934	37377	236	178	0	0	*	2
935	37417	236	180	0	0	*	2
936	37457	235	182	0	0	*	2
937	37497	234	182	0	0	*	2
938	37537	234	182	0	0	*	2
939	37577	233	183	0	0	*	2
940	37617	233	183	0	0	*	2
941	37657	232	184	0	0	*	2
942	37697	232	183	0	0	*	2
943	37737	231	182	0	0	*	2
944	37777	231	183	0	0	*	2
945	37817	229	184	0	0	*	2
946	37857	227	185	0	0	*	2
947	37897	227	185	0	0	*	2
948	37937	225	186	0	0	*	2
949	37977	224	186	0	0	*	2
950	38017	220	187	0	0	*	2
951	38057	218	188	0	0	*	2
952	38097	217	189	0	0	*	2
953	38137	214	189	0	0	*	2
954	38177	212	190	0	0	*	2
955	38217	209	190	0	0	*	2
956	38257	206	191	0	0	*	2
957	38297	205	191	0	0	*	2
958	38337	203	191	0	0	*	2
959	38377	200	191	0	0	*	2
960	38417	197	191	0	0	*	2
961	38457	194	191	0	0	*	2
962	38497	192	191	0	0	*	2
963	38537	189	191	0	0	*	2
964	38577	187	191	0	0	*	2
965	38617	184	191	0	0	*	2
966	38657	182	191	0	0	*	2
967	38697	179	190	0	0	*	2
968	38737	176	190	0	0	*	2
969	38777	173	189	0	0	*	2
970	38817	170	189	0	0	*	2
971	38857	168	188	0	0	*	2
972	38897	165	187	0	0	*	2
973	38937	161	186	0	0	*	2
974	38977	159	186	0	0	*	2
975	39017	157	185	0	0	*	2
976	39057	154	184	0	0	*	2
977	39097	151	183	0	0	*	2
978	39137	148	182	0	0	*	2
979	39177	145	181	0	0	*	2
980	39217	142	180	0	0	*	2
981	39257	139	179	0	0	*	2
982	39297	136	177	0	0	*	2
983	39337	134	176	0	0	*	2
984	39377	131	175	0	0	*	2
985	39417	128	174	0	0	*	2
986	39457	125	172	0	0	*	2
987	39497	123	171	0	0	*	2
988	39537	120	169	0	0	*	2
989	39577	117	168	0	0	*	2
990	39617	114	166	0	0	*	2
991	39657	111	165	0	0	*	2
992	39697	109	163	0	0	*	2
993	39737	106	162	0	0	*	2
994	39777	103	160	0	0	*	2
995	39817	100	159	0	0	*	2
996	39857	97	157	0	0	*	2
997	39897	95	155	0	0	*	2
998	39937	92	154	0	0	*	2
999	39977	89	152	0	0	*	2
1000	40017	86	150	0	0	*	2
1001	40057	84	149	0	0	*	2
1002	40097	81	147	0	0	*	2
1003	40137	78	146	0	0	*	2
1004	40177	76	145	0	0	*	2
1005	40217	73	143	0	0	*	2
1006	40257	71	142	0	0	*	2
1007	40297	68	140	0	0	*	2
1008	40337	65	139	0	0	*	2
1009	40377	62	137	0	0	*	2
1010	40417	60	136	0	0	*	2
1011	40457	58	134	0	0	*	2
1012	40497	55	133	0	0	*	2
1013	40537	53	131	0	0	*	2
1014	40577	50	129	0	0	*	2
1015	40617	48	127	0	0	*	2
1016	40657	45	126	0	0	*	2
1017	40697	43	124	0	0	*	2
1018	40737	40	122	0	0	*	2
1019	40777	38	120	0	0	*	2
1020	40817	36	119	0	0	*	2
1021	40857	33	117	0	0	*	2
1022	40897	31	115	0	0	*	2
1023	40937	28	113	0	0	*	2
1024	40977	26	112	0	0	*	2
1025	41017	24	110	0	0	*	2
1026	41057	17	107	0	0	*	2
1027	41097	13	106	0	0	*	2
1028	41137	12	104	0	0	*	2
1029	41177	11	103	0	0	*	2
1030	41217	11	102	0	0	*	2
1031	41257	10	101	0	0	*	2
1032	41297	10	100	0	0	*	2
1033	41337	10	98	0	0	*	2
1034	41377	10	97	0	0	*	2
1035	41417	10	95	0	0	*	2
1036	41457	11	95	0	0	*	2
1037	41497	11	93	0	0	*	2
1038	41537	11	92	0	0	*	2
1039	41577	11	92	0	0	*	2
1040	41617	11	91	0	0	*	2
1041	41657	11	90	0	0	*	2
1042	41697	11	88	0	0	*	2
1043	41737	12	86	0	0	*	2
1044	41777	12	85	0	0	*	2
1045	41817	13	82	0	0	*	2
1046	41857	14	80	0	0	*	2
1047	41897	14	78	0	0	*	2
1048	41937	15	77	0	0	*	2
1049	41977	16	75	0	0	*	2
1050	42017	16	74	0	0	*	2
1051	42057	18	71	0	0	*	2
1052	42097	19	69	0	0	*	2
1053	42137	20	67	0	0	*	2
1054	42177	21	65	0	0	*	2
1055	42217	23	63	0	0	*	2
1056	42257	24	61	0	0	*	2
1057	42297	25	59	0	0	*	2
1058	42337	26	56	0	0	*	2
1059	42377	28	54	0	0	*	2
1060	42417	30	53	0	0	*	2
1061	42457	32	50	0	0	*	2
1062	42497	33	49	0	0	*	2
1063	42537	35	47	0	0	*	2
1064	42577	36	46	0	0	*	2
1065	42617	38	44	0	0	*	2
1066	42657	40	43	0	0	*	2
1067	42697	42	42	0	0	*	2
1068	42737	43	40	0	0	*	2
1069	42777	45	39	0	0	*	2
1070	42817	48	37	0	0	*	2
1071	42857	50	37	0	0	*	2
1072	42897	52	36	0	0	*	2
1073	42937	56	34	0	0	*	2
1074	42977	61	33	0	0	*	2
1075	43017	62	32	0	0	*	2
1076	43057	65	30	0	0	*	2
1077	43097	68	28	0	0	*	2
1078	43137	70	27	0	0	*	2
1079	43177	73	26	0	0	*	2
1080	43217	75	24	0	0	*	2
1081	43257	77	23	0	0	*	2
1082	43297	80	22	0	0	*	2
1083	43337	82	21	0	0	*	2
1084	43377	85	20	0	0	*	2
1085	43417	87	18	0	0	*	2
1086	43457	90	17	0	0	*	2
1087	43497	93	16	0	0	*	2
1088	43537	95	15	0	0	*	2
1089	43577	98	13	0	0	*	2
1090	43617	100	13	0	0	*	2
1091	43657	103	12	0	0	*	2
1092	43697	106	11	0	0	*	2
1093	43737	109	10	0	0	*	2
1094	43777	111	9	0	0	*	2
1095	43817	114	9	0	0	*	2
1096	43857	117	7	0	0	*	2
1097	43897	120	7	0	0	*	2
1098	43937	122	6	0	0	*	2
1099	43977	124	6	0	0	*	2
1100	44017	128	5	0	0	*	2
1101	44057	131	5	0	0	*	2
1102	44097	133	5	0	0	*	2
1103	44137	136	6	0	0	*	2
1104	44177	138	5	0	0	*	2
1105	44217	141	6	0	0	*	2
1106	44257	145	6	0	0	*	2
1107	44297	147	7	0	0	*	2
1108	44337	149	7	0	0	*	2
1109	44377	152	7	0	0	*	2
1110	44417	155	8	0	0	*	2
1111	44457	157	8	0	0	*	2
1112	44497	160	9	0	0	*	2
1113	44537	163	10	0	0	*	2
1114	44577	165	11	0	0	*	2
1115	44617	168	12	0	0	*	2
1116	44657	171	13	0	0	*	2
1117	44697	173	14	0	0	*	2
1118	44737	175	15	0	0	*	2
1119	44777	178	17	0	0	*	2
1120	44817	180	17	0	0	*	2
1121	44857	182	19	0	0	*	2
1122	44897	185	20	0	0	*	2
1123	44937	187	21	0	0	*	2
1124	44977	189	23	0	0	*	2
1125	45017	191	24	0	0	*	2
1126	45057	193	26	0	0	*	2
1127	45097	195	27	0	0	*	2
1128	45137	198	29	0	0	*	2
1129	45177	200	33	0	0	*	2
1130	45217	203	35	0	0	*	2
1131	45257	205	36	0	0	*	2
1132	45297	206	38	0	0	*	2
1133	45337	209	39	0	0	*	2
1134	45377	210	40	0	0	*	2
1135	45417	212	42	0	0	*	2
1136	45457	215	43	0	0	*	2
1137	45497	217	44	0	0	*	2
1138	45537	218	46	0	0	*	2
1139	45577	219	47	0	0	*	2
1140	45617	220	48	0	0	*	2
1141	45657	221	50	0	0	*	2
1142	45697	223	52	0	0	*	2
1143	45737	224	53	0	0	*	2
1144	45777	225	55	0	0	*	2
1145	45817	226	56	0	0	*	2
1146	45857	228	58	0	0	*	2
1147	45897	229	60	0	0	*	2
1148	45937	230	62	0	0	*	2
1149	45977	231	63	0	0	*	2
1150	46017	232	66	0	0	*	2
1151	46057	233	68	0	0	*	2
1152	46097	234	70	0	0	*	2
1153	46137	235	71	0	0	*	2
1154	46177	236	73	0	0	*	2
1155	46217	236	74	0	0	*	2
1156	46257	237	76	0	0	*	2
1157	46297	238	78	0	0	*	2
1158	46337	239	80	0	0	*	2
1159	46377	239	82	0	0	*	2
1160	46417	240	83	0	0	*	2
1161	46457	240	85	0	0	*	2
1162	46497	241	87	0	0	*	2
1163	46537	241	89	0	0	*	2
1164	46577	241	91	0	0	*	2
1165	46617	241	93	0	0	*	2
1166	46657	242	94	0	0	*	2
1167	46697	242	96	0	0	*	2
1168	46737	242	99	0	0	*	2
1169	46777	242	100	0	0	*	2
1170	46817	241	102	0	0	*	2
1171	46857	240	106	0	0	*	2
1172	46897	239	109	0	0	*	2
1173	46937	237	112	0	0	*	2
1174	46977	236	114	0	0	*	2
1175	47017	235	116	0	0	*	2
1176	47057	234	118	0	0	*	2
1177	47097	232	121	0	0	*	2
1178	47137	231	123	0	0	*	2
1179	47177	230	125	0	0	*	2
1180	47217	228	127	0	0	*	2
1181	47257	227	129	0	0	*	2
1182	47297	225	131	0	0	*	2
1183	47337	224	133	0	0	*	2
1184	47377	222	135	0	0	*	2
1185	47417	220	138	0	0	*	2
1186	47457	219	139	0	0	*	2
1187	47497	217	141	0	0	*	2
1188	47537	215	143	0	0	*	2
1189	47577	213	145	0	0	*	2
1190	47617	211	147	0	0	*	2
1191	47657	209	149	0	0	*	2
1192	47697	207	151	0	0	*	2
1193	47737	205	152	0	0	*	2
1194	47777	203	154	0	0	*	2
1195	47817	201	156	0	0	*	2
1196	47857	200	157	0	0	*	2
1197	47897	197	159	0	0	*	2
1198	47937	195	161	0	0	*	2
1199	47977	194	162	0	0	*	2
1200	48017	191	163	0	0	*	2
1201	48057	189	165	0	0	*	2
1202	48097	187	166	0	0	*	2
1203	48137	184	168	0	0	*	2
1204	48177	182	169	0	0	*	2
1205	48217	180	171	0	0	*	2
1206	48257	177	172	0	0	*	2
1207	48297	175	173	0	0	*	2
1208	48337	172	174	0	0	*	2
1209	48377	170	175	0	0	*	2
1210	48417	167	176	0	0	*	2
1211	48457	165	177	0	0	*	2
1212	48497	161	178	0	0	*	2
1213	48537	159	179	0	0	*	2
1214	48577	157	179	0	0	*	2
1215	48617	154	180	0	0	*	2
1216	48657	151	180	0	0	*	2
1217	48697	148	180	0	0	*	2
1218	48737	145	181	0	0	*	2
1219	48777	142	181	0	0	*	2
1220	48817	139	181	0	0	*	2
1221	48857	136	181	0	0	*	2
1222	48897	134	180	0	0	*	2
1223	48937	131	180	0	0	*	2
1224	48977	128	180	0	0	*	2
1225	49017	126	179	0	0	*	2
1226	49057	123	179	0	0	*	2
1227	49097	121	178	0	0	*	2
1228	49137	117	178	0	0	*	2
1229	49177	115	177	0	0	*	2
1230	49217	112	176	0	0	*	2
1231	49257	109	176	0	0	*	2
1232	49297	107	175	0	0	*	2
1233	49337	104	175	0	0	*	2
1234	49377	101	174	0	0	*	2
1235	49417	98	174	0	0	*	2
1236	49457	96	173	0	0	*	2
1237	49497	93	173	0	0	*	2
1238	49537	90	172	0	0	*	2
1239	49577	87	172	0	0	*	2
1240	49617	84	172	0	0	*	2
1241	49657	81	172	0	0	*	2
1242	49697	78	171	0	0	*	2
1243	49737	75	171	0	0	*	2
1244	49777	73	171	0	0	*	2
1245	49817	71	171	0	0	*	2
1246	49857	67	172	0	0	*	2
1247	49897	65	172	0	0	*	2
1248	49937	63	172	0	0	*	2
1249	49977	61	173	0	0	*	2
1250	50017	58	174	0	0	*	2
1251	50057	55	175	0	0	*	2
1252	50097	54	176	0	0	*	2
1253	50137	52	177	0	0	*	2
1254	50177	50	179	0	0	*	2
1255	50217	49	180	0	0	*	2
1256	50257	47	182	0	0	*	2
1257	50297	46	184	0	0	*	2
1258	50337	45	185	0	0	*	2
1259	50377	44	186	0	0	*	2
1260	50417	43	188	0	0	*	2
1261	50457	42	190	0	0	*	2
1262	50497	41	191	0	0	*	2
1263	50537	40	193	0	0	*	2
1264	50577	38	195	0	0	*	2
1265	50617	37	196	0	0	*	2
1266	50657	36	197	0	0	*	2
1267	50697	36	198	0	0	*	2
1268	50737	35	199	0	0	*	2
1269	50777	34	199	0	0	*	2
1270	50817	33	199	0	0	*	2
1271	50857	33	199	0	0	*	2
1272	50897	33	199	0	0	*	2
1273	50937	32	198	0	0	*	2
1274	50977	31	197	0	0	*	2
1275	51017	31	197	0	0	*	2
1276	51057	31	197	0	0	*	2
1277	51097	31	196	0	0	*	2
1278	51137	31	196	0	0	*	2
1279	51177	31	195	0	0	*	2
1280	51217	32	194	0	0	*	2
1281	51257	33	194	0	0	*	2
1282	51297	33	194	0	0	*	2
1283	51337	33	192	0	0	*	2
1284	51377	33	191	0	0	*	2
1285	51417	32	190	0	0	*	2
1286	51457	34	185	0	0	*	2
1287	51497	34	184	0	0	*	2
1288	51537	34	183	0	0	*	2
1289	51577	34	182	0	0	*	2
1290	51617	34	181	0	0	*	2
1291	51657	34	179	0	0	*	2
1292	51697	34	176	0	0	*	2
1293	51737	34	173	0	0	*	2
1294	51777	34	171	0	0	*	2
1295	51817	35	168	0	0	*	2
1296	51857	35	167	0	0	*	2
1297	51897	36	164	0	0	*	2
1298	51937	36	162	0	0	*	2
1299	51977	37	160	0	0	*	2
1300	52017	38	157	0	0	*	2
1301	52057	39	155	0	0	*	2
1302	52097	40	153	0	0	*	2
1303	52137	41	150	0	0	*	2
1304	52177	42	148	0	0	*	2
1305	52217	43	146	0	0	*	2
1306	52257	45	143	0	0	*	2
1307	52297	46	141	0	0	*	2
1308	52337	47	139	0	0	*	2
1309	52377	49	137	0	0	*	2
1310	52417	50	135	0	0	*	2
1311	52457	52	133	0	0	*	2
1312	52497	54	131	0	0	*	2
1313	52537	56	129	0	0	*	2
1314	52577	58	127	0	0	*	2
1315	52617	60	125	0	0	*	2
1316	52657	61	123	0	0	*	2
1317	52697	63	121	0	0	*	2
1318	52737	65	119	0	0	*	2
1319	52777	68	117	0	0	*	2
1320	52817	70	116	0	0	*	2
1321	52857	72	114	0	0	*	2
1322	52897	74	112	0	0	*	2
1323	52937	76	110	0	0	*	2
1324	52977	78	108	0	0	*	2
1325	53017	81	106	0	0	*	2
1326	53057	83	104	0	0	*	2
1327	53097	85	102	0	0	*	2
1328	53137	87	100	0	0	*	2
1329	53177	89	99	0	0	*	2
1330	53217	91	97	0	0	*	2
1331	53257	94	95	0	0	*	2
1332	53297	96	93	0	0	*	2
1333	53337	98	92	0	0	*	2
1334	53377	101	90	0	0	*	2
1335	53417	103	88	0	0	*	2
1336	53457	105	86	0	0	*	2
1337	53497	108	84	0	0	*	2
1338	53537	110	83	0	0	*	2
1339	53577	112	82	0	0	*	2
1340	53617	114	80	0	0	*	2
1341	53657	117	78	0	0	*	2
1342	53697	120	76	0	0	*	2
1343	53737	122	75	0	0	*	2
1344	53777	124	73	0	0	*	2
1345	53817	127	72	0	0	*	2
1346	53857	129	70	0	0	*	2
1347	53897	132	69	0	0	*	2
1348	53937	134	68	0	0	*	2
1349	53977	136	66	0	0	*	2
1350	54017	139	65	0	0	*	2
1351	54057	141	63	0	0	*	2
1352	54097	144	62	0	0	*	2
1353	54137	146	60	0	0	*	2
1354	54177	149	59	0	0	*	2
1355	54217	152	57	0	0	*	2
1356	54257	154	55	0	0	*	2
1357	54297	156	54	0	0	*	2
1358	54337	158	53	0	0	*	2
1359	54377	161	51	0	0	*	2
1360	54417	163	50	0	0	*	2
1361	54457	166	47	0	0	*	2
1362	54497	168	46	0	0	*	2
1363	54537	170	45	0	0	*	2
1364	54577	173	43	0	0	*	2
1365	54617	176	41	0	0	*	2
1366	54657	177	39	0	0	*	2
1367	54697	179	38	0	0	*	2
1368	54737	181	36	0	0	*	2
1369	54777	182	35	0	0	*	2
1370	54817	184	34	0	0	*	2
1371	54857	186	34	0	0	*	2
1372	54897	187	33	0	0	*	2
1373	54937	188	33	0	0	*	2
1374	54977	190	33	0	0	*	2
1375	55017	192	32	0	0	*	2
1376	55057	193	32	0	0	*	2
1377	55097	194	32	0	0	*	2
1378	55137	195	32	0	0	*	2
1379	55177	195	32	0	0	*	2
1380	55217	196	33	0	0	*	2
1381	55257	197	34	0	0	*	2
1382	55297	198	34	0	0	*	2
1383	55337	199	34	0	0	*	2
1384	55377	200	34	0	0	*	2
1385	55417	201	37	0	0	*	2
1386	55457	202	39	0	0	*	2
1387	55497	203	41	0	0	*	2
1388	55537	204	42	0	0	*	2
1389	55577	204	44	0	0	*	2
1390	55617	205	45	0	0	*	2
1391	55657	206	46	0	0	*	2
1392	55697	206	48	0	0	*	2
1393	55737	207	50	0	0	*	2
1394	55777	207	51	0	0	*	2
1395	55817	207	52	0	0	*	2
1396	55857	208	54	0	0	*	2
1397	55897	208	56	0	0	*	2
1398	55937	209	59	0	0	*	2
1399	55977	209	61	0	0	*	2
1400	56017	209	63	0	0	*	2
1401	56057	210	66	0	0	*	2
1402	56097	210	68	0	0	*	2
1403	56137	211	70	0	0	*	2
1404	56177	211	71	0	0	*	2
1405	56217	211	74	0	0	*	2
1406	56257	211	76	0	0	*	2
1407	56297	211	79	0	0	*	2
1408	56337	212	81	0	0	*	2
1409	56377	212	83	0	0	*	2
1410	56417	212	86	0	0	*	2
1411	56457	212	89	0	0	*	2
1412	56497	213	90	0	0	*	2
1413	56537	213	93	0	0	*	2
1414	56577	213	96	0	0	*	2
1415	56617	214	98	0	0	*	2
1416	56657	214	101	0	0	*	2
1417	56697	214	103	0	0	*	2
1418	56737	214	105	0	0	*	2
1419	56777	215	108	0	0	*	2
1420	56817	215	111	0	0	*	2
1421	56857	215	113	0	0	*	2
1422	56897	215	116	0	0	*	2
1423	56937	216	118	0	0	*	2
1424	56977	216	121	0	0	*	2
1425	57017	216	123	0	0	*	2
1426	57057	216	126	0	0	*	2
1427	57097	216	128	0	0	*	2
1428	57137	216	131	0	0	*	2
1429	57177	216	133	0	0	*	2
1430	57217	216	136	0	0	*	2
1431	57257	216	138	0	0	*	2
1432	57297	216	140	0	0	*	2
1433	57337	216	142	0	0	*	2
1434	57377	215	144	0	0	*	2
1435	57417	215	146	0	0	*	2
1436	57457	215	148	0	0	*	2
1437	57497	214	150	0	0	*	2
1438	57537	213	152	0	0	*	2
1439	57577	212	153	0	0	*	2
1440	57617	211	154	0	0	*	2
1441	57657	209	155	0	0	*	2
1442	57697	208	156	0	0	*	2
1443	57737	207	157	0	0	*	2
1444	57777	205	157	0	0	*	2
1445	57817	204	157	0	0	*	2
1446	57857	202	157	0	0	*	2
1447	57897	201	158	0	0	*	2
1448	57937	200	158	0	0	*	2
1449	57977	198	158	0	0	*	2
1450	58017	196	158	0	0	*	2
1451	58057	195	158	0	0	*	2
1452	58097	193	157	0	0	*	2
1453	58137	192	157	0	0	*	2
1454	58177	191	156	0	0	*	2
1455	58217	189	156	0	0	*	2
1456	58257	187	155	0	0	*	2
1457	58297	185	155	0	0	*	2
1458	58337	183	154	0	0	*	2
1459	58377	182	153	0	0	*	2
1460	58417	180	153	0	0	*	2
1461	58457	178	152	0	0	*	2
1462	58497	175	151	0	0	*	2
1463	58537	173	150	0	0	*	2
1464	58577	171	148	0	0	*	2
1465	58617	170	147	0	0	*	2
1466	58657	168	146	0	0	*	2
1467	58697	166	145	0	0	*	2
1468	58737	163	143	0	0	*	2
1469	58777	161	142	0	0	*	2
1470	58817	159	140	0	0	*	2
1471	58857	157	139	0	0	*	2
1472	58897	155	138	0	0	*	2
1473	58937	153	136	0	0	*	2
1474	58977	151	134	0	0	*	2
1475	59017	149	133	0	0	*	2
1476	59057	146	131	0	0	*	2
1477	59097	145	129	0	0	*	2
1478	59137	143	127	0	0	*	2
1479	59177	141	126	0	0	*	2
1480	59217	139	124	0	0	*	2
1481	59257	137	122	0	0	*	2
1482	59297	135	120	0	0	*	2
1483	59337	133	118	0	0	*	2
1484	59377	131	116	0	0	*	2
1485	59417	129	115	0	0	*	2
1486	59457	127	113	0	0	*	2
1487	59497	125	111	0	0	*	2
1488	59537	123	109	0	0	*	2
1489	59577	121	107	0	0	*	2
1490	59617	120	105	0	0	*	2
1491	59657	118	103	0	0	*	2
1492	59697	115	101	0	0	*	2
1493	59737	113	100	0	0	*	2
1494	59777	112	98	0	0	*	2
1495	59817	109	96	0	0	*	2
1496	59857	108	94	0	0	*	2
1497	59897	106	93	0	0	*	2
1498	59937	104	91	0	0	*	2
1499	59977	102	90	0	0	*	2
1500	60017	99	88	0	0	*	2
1501	60057	97	86	0	0	*	2
1502	60097	96	84	0	0	*	2
1503	60137	94	82	0	0	*	2
1504	60177	91	81	0	0	*	2
1505	60217	89	79	0	0	*	2
1506	60257	87	78	0	0	*	2
1507	60297	85	76	0	0	*	2
1508	60337	84	74	0	0	*	2
1509	60377	82	73	0	0	*	2
1510	60417	79	71	0	0	*	2
1511	60457	77	70	0	0	*	2
1512	60497	75	68	0	0	*	2
1513	60537	73	67	0	0	*	2
1514	60577	71	65	0	0	*	2
1515	60617	70	64	0	0	*	2
1516	60657	67	62	0	0	*	2
1517	60697	65	61	0	0	*	2
1518	60737	63	60	0	0	*	2
1519	60777	60	58	0	0	*	2
1520	60817	58	57	0	0	*	2
1521	60857	55	55	0	0	*	2
1522	60897	53	54	0	0	*	2
1523	60937	51	53	0	0	*	2
1524	60977	49	52	0	0	*	2
1525	61017	45	50	0	0	*	2
1526	61057	41	48	0	0	*	2
1527	61097	39	47	0	0	*	2
1528	61137	38	47	0	0	*	2
