%%BEGIN_HEADER
	%%BEGIN DATABASE_INFORMATION
		%Date.0 ( 13.9.2019 )
		%Time.0 ( 17:03 )
	%%END DATABASE_INFORMATION
	%%BEGIN SETUP_INFORMATION
		%TrackerVersion.0 ( Tracker version 2.38 release 12.8.2012 )
		%ElapsedTime_ms.0 ( 61661 )
		%Paradigm.0 ( PlacePreference )
		%FeederParameters.0 ( 1500 0 )
			// %FeederParameters.0 ( ENTRANCE_LATENCY EXIT_LATENCY )
		%ElapsedPath_m.0 ( 0.00 )
		%ArenaDiameter_m.0 ( 1.80 )
		%TrackerResolution_PixPerCM.0 ( 1.4222 )
		%ArenaCenterXY.0 ( 127.5 127.5 )
		%Frame.0 ( RoomFrame )
		%ReinforcedSector.0 ( 190.6093 64.3907 7 )
			//%ReinforcedSector.0 ( CENTER_X CENTER_Y RADIUS )
		%RoomTrackReinforcedSector.0 ( 190.6093 64.3907 7 )
			//%RoomTrackReinforcedSector.0 ( CENTER_X CENTER_Y RADIUS )
	%%END SETUP_INFORMATION
	%%BEGIN RECORD_FORMAT
		%Sample.0 ( FrameCount 1msTimeStamp RoomX RoomY Sectors State Flags FrameInfo )
			//Sectors indicate if the object is in a target. Number is binary coded. Sectors = 0: no target, Sectors = 1: room target, Sectors: = 2 arena target, Sectors: = 3 room and arena target
			////State indicates the Watermaze State: OutsideTarget = 0, EntranceLatency = 1, InsideTarget = 3, OutsideRefractory = 4, BadSpot = 5
			//FrameInfo indicates succesfuly tracked spots: ReferencePoint * 2^0 + Spot0 * 2^(1+0) + Spot1 * 2^(1+1) + Spot2 * 2^(1+2) .... 
	%%END RECORD_FORMAT
%%END_HEADER
1	61	46	43	0	0	*	2
2	101	47	43	0	0	*	2
3	141	47	43	0	0	*	2
4	181	47	45	0	0	*	2
5	221	48	46	0	0	*	2
6	261	49	46	0	0	*	2
7	301	51	46	0	0	*	2
8	341	53	45	0	0	*	2
9	381	54	45	0	0	*	2
10	421	56	44	0	0	*	2
11	461	56	44	0	0	*	2
12	501	57	43	0	0	*	2
13	541	59	42	0	0	*	2
14	581	59	40	0	0	*	2
15	621	59	39	0	0	*	2
16	661	59	37	0	0	*	2
17	701	58	36	0	0	*	2
18	741	57	36	0	0	*	2
19	781	56	33	0	0	*	2
20	821	56	32	0	0	*	2
21	861	55	32	0	0	*	2
22	901	54	31	0	0	*	2
23	941	53	31	0	0	*	2
24	981	52	30	0	0	*	2
25	1021	52	31	0	0	*	2
26	1061	50	31	0	0	*	2
27	1101	51	33	0	0	*	2
28	1141	50	35	0	0	*	2
29	1181	50	36	0	0	*	2
30	1221	50	37	0	0	*	2
31	1261	51	38	0	0	*	2
32	1301	52	39	0	0	*	2
33	1341	51	41	0	0	*	2
34	1381	52	43	0	0	*	2
35	1421	53	44	0	0	*	2
36	1461	53	45	0	0	*	2
37	1501	54	46	0	0	*	2
38	1541	54	47	0	0	*	2
39	1581	55	47	0	0	*	2
40	1621	56	48	0	0	*	2
41	1661	57	52	0	0	*	2
42	1701	58	51	0	0	*	2
43	1741	59	52	0	0	*	2
44	1781	59	54	0	0	*	2
45	1821	61	57	0	0	*	2
46	1861	61	57	0	0	*	2
47	1901	62	58	0	0	*	2
48	1941	64	60	0	0	*	2
49	1981	64	62	0	0	*	2
50	2021	65	63	0	0	*	2
51	2061	67	64	0	0	*	2
52	2101	68	65	0	0	*	2
53	2141	69	66	0	0	*	2
54	2181	71	67	0	0	*	2
55	2221	73	69	0	0	*	2
56	2261	75	70	0	0	*	2
57	2301	76	70	0	0	*	2
58	2341	77	71	0	0	*	2
59	2381	79	71	0	0	*	2
60	2421	80	72	0	0	*	2
61	2461	81	72	0	0	*	2
62	2501	82	72	0	0	*	2
63	2541	83	72	0	0	*	2
64	2581	84	72	0	0	*	2
65	2621	85	72	0	0	*	2
66	2661	86	72	0	0	*	2
67	2701	87	71	0	0	*	2
68	2741	87	71	0	0	*	2
69	2781	88	70	0	0	*	2
70	2821	89	70	0	0	*	2
71	2861	90	70	0	0	*	2
72	2901	91	69	0	0	*	2
73	2941	91	69	0	0	*	2
74	2981	91	68	0	0	*	2
75	3021	91	67	0	0	*	2
76	3061	91	66	0	0	*	2
77	3101	91	65	0	0	*	2
78	3141	91	65	0	0	*	2
79	3181	91	64	0	0	*	2
80	3221	91	64	0	0	*	2
81	3261	91	63	0	0	*	2
82	3301	90	62	0	0	*	2
83	3341	90	62	0	0	*	2
84	3381	90	61	0	0	*	2
85	3421	90	60	0	0	*	2
86	3461	90	60	0	0	*	2
87	3501	90	59	0	0	*	2
88	3541	90	58	0	0	*	2
89	3581	90	57	0	0	*	2
90	3621	90	56	0	0	*	2
91	3661	90	55	0	0	*	2
92	3701	90	54	0	0	*	2
93	3741	90	53	0	0	*	2
94	3781	90	53	0	0	*	2
95	3821	89	52	0	0	*	2
96	3861	89	51	0	0	*	2
97	3901	89	50	0	0	*	2
98	3941	89	49	0	0	*	2
99	3981	88	49	0	0	*	2
100	4021	88	49	0	0	*	2
101	4061	87	48	0	0	*	2
102	4101	87	47	0	0	*	2
103	4141	87	46	0	0	*	2
104	4181	87	46	0	0	*	2
105	4221	87	45	0	0	*	2
106	4261	86	44	0	0	*	2
107	4301	86	43	0	0	*	2
108	4341	85	43	0	0	*	2
109	4381	85	42	0	0	*	2
110	4421	85	41	0	0	*	2
111	4461	84	40	0	0	*	2
112	4501	83	40	0	0	*	2
113	4541	83	39	0	0	*	2
114	4581	83	39	0	0	*	2
115	4621	82	38	0	0	*	2
116	4661	82	37	0	0	*	2
117	4701	81	36	0	0	*	2
118	4741	81	36	0	0	*	2
119	4781	80	35	0	0	*	2
120	4821	80	34	0	0	*	2
121	4861	79	34	0	0	*	2
122	4901	78	34	0	0	*	2
123	4941	77	34	0	0	*	2
124	4981	77	34	0	0	*	2
125	5021	77	33	0	0	*	2
126	5061	76	33	0	0	*	2
127	5101	74	32	0	0	*	2
128	5141	74	32	0	0	*	2
129	5181	73	31	0	0	*	2
130	5221	73	31	0	0	*	2
131	5261	71	31	0	0	*	2
132	5301	69	31	0	0	*	2
133	5341	68	31	0	0	*	2
134	5381	67	30	0	0	*	2
135	5421	66	30	0	0	*	2
136	5461	65	29	0	0	*	2
137	5501	63	29	0	0	*	2
138	5541	61	29	0	0	*	2
139	5581	59	29	0	0	*	2
140	5621	57	28	0	0	*	2
141	5661	57	28	0	0	*	2
142	5701	56	28	0	0	*	2
143	5741	55	29	0	0	*	2
144	5781	55	29	0	0	*	2
145	5821	54	29	0	0	*	2
146	5861	53	30	0	0	*	2
147	5901	51	31	0	0	*	2
148	5941	50	32	0	0	*	2
149	5981	49	33	0	0	*	2
150	6021	48	34	0	0	*	2
151	6061	47	35	0	0	*	2
152	6101	46	36	0	0	*	2
153	6141	45	37	0	0	*	2
154	6181	45	38	0	0	*	2
155	6221	43	39	0	0	*	2
156	6261	42	40	0	0	*	2
157	6301	41	41	0	0	*	2
158	6341	41	42	0	0	*	2
159	6381	40	43	0	0	*	2
160	6421	38	44	0	0	*	2
161	6461	37	45	0	0	*	2
162	6501	36	45	0	0	*	2
163	6541	36	46	0	0	*	2
164	6581	35	47	0	0	*	2
165	6621	34	48	0	0	*	2
166	6661	34	49	0	0	*	2
167	6701	32	50	0	0	*	2
168	6741	32	51	0	0	*	2
169	6781	31	52	0	0	*	2
170	6821	30	53	0	0	*	2
171	6861	30	54	0	0	*	2
172	6901	28	55	0	0	*	2
173	6941	28	56	0	0	*	2
174	6981	27	57	0	0	*	2
175	7021	26	58	0	0	*	2
176	7061	25	60	0	0	*	2
177	7101	24	60	0	0	*	2
178	7141	24	62	0	0	*	2
179	7181	23	63	0	0	*	2
180	7221	22	65	0	0	*	2
181	7261	21	66	0	0	*	2
182	7301	20	67	0	0	*	2
183	7341	19	69	0	0	*	2
184	7381	18	70	0	0	*	2
185	7421	18	71	0	0	*	2
186	7461	17	73	0	0	*	2
187	7501	17	75	0	0	*	2
188	7541	16	76	0	0	*	2
189	7581	16	77	0	0	*	2
190	7621	14	79	0	0	*	2
191	7661	14	81	0	0	*	2
192	7701	13	82	0	0	*	2
193	7741	13	84	0	0	*	2
194	7781	12	85	0	0	*	2
195	7821	12	87	0	0	*	2
196	7861	11	88	0	0	*	2
197	7901	11	90	0	0	*	2
198	7941	10	92	0	0	*	2
199	7981	10	93	0	0	*	2
200	8021	10	94	0	0	*	2
201	8061	9	95	0	0	*	2
202	8101	9	97	0	0	*	2
203	8141	9	99	0	0	*	2
204	8181	8	100	0	0	*	2
205	8221	8	102	0	0	*	2
206	8261	7	103	0	0	*	2
207	8301	7	104	0	0	*	2
208	8341	7	106	0	0	*	2
209	8381	7	107	0	0	*	2
210	8421	6	109	0	0	*	2
211	8461	6	110	0	0	*	2
212	8501	6	112	0	0	*	2
213	8541	6	113	0	0	*	2
214	8581	6	115	0	0	*	2
215	8621	6	116	0	0	*	2
216	8661	6	118	0	0	*	2
217	8701	6	119	0	0	*	2
218	8741	6	120	0	0	*	2
219	8781	6	122	0	0	*	2
220	8821	6	124	0	0	*	2
221	8861	6	127	0	0	*	2
222	8901	5	128	0	0	*	2
223	8941	6	130	0	0	*	2
224	8981	6	132	0	0	*	2
225	9021	6	133	0	0	*	2
226	9061	6	135	0	0	*	2
227	9101	6	136	0	0	*	2
228	9141	6	138	0	0	*	2
229	9181	6	139	0	0	*	2
230	9221	6	140	0	0	*	2
231	9261	7	141	0	0	*	2
232	9301	7	143	0	0	*	2
233	9341	7	146	0	0	*	2
234	9381	7	147	0	0	*	2
235	9421	8	149	0	0	*	2
236	9461	8	150	0	0	*	2
237	9501	9	152	0	0	*	2
238	9541	9	153	0	0	*	2
239	9581	9	156	0	0	*	2
240	9621	10	157	0	0	*	2
241	9661	10	158	0	0	*	2
242	9701	11	159	0	0	*	2
243	9741	11	161	0	0	*	2
244	9781	12	162	0	0	*	2
245	9821	12	164	0	0	*	2
246	9861	13	166	0	0	*	2
247	9901	13	167	0	0	*	2
248	9941	14	169	0	0	*	2
249	9981	15	170	0	0	*	2
250	10021	16	172	0	0	*	2
251	10061	16	173	0	0	*	2
252	10101	17	175	0	0	*	2
253	10141	18	177	0	0	*	2
254	10181	18	178	0	0	*	2
255	10221	19	180	0	0	*	2
256	10261	20	182	0	0	*	2
257	10301	21	183	0	0	*	2
258	10341	22	185	0	0	*	2
259	10381	23	186	0	0	*	2
260	10421	23	187	0	0	*	2
261	10461	24	189	0	0	*	2
262	10501	25	190	0	0	*	2
263	10541	26	191	0	0	*	2
264	10581	27	193	0	0	*	2
265	10621	27	194	0	0	*	2
266	10661	28	196	0	0	*	2
267	10701	29	197	0	0	*	2
268	10741	30	198	0	0	*	2
269	10781	31	199	0	0	*	2
270	10821	32	200	0	0	*	2
271	10861	33	201	0	0	*	2
272	10901	34	202	0	0	*	2
273	10941	35	203	0	0	*	2
274	10981	36	205	0	0	*	2
275	11021	37	206	0	0	*	2
276	11061	38	207	0	0	*	2
277	11101	39	208	0	0	*	2
278	11141	40	209	0	0	*	2
279	11181	41	209	0	0	*	2
280	11221	42	211	0	0	*	2
281	11261	43	212	0	0	*	2
282	11301	44	213	0	0	*	2
283	11341	45	214	0	0	*	2
284	11381	46	215	0	0	*	2
285	11421	47	216	0	0	*	2
286	11461	49	217	0	0	*	2
287	11501	50	218	0	0	*	2
288	11541	51	219	0	0	*	2
289	11581	52	220	0	0	*	2
290	11621	53	221	0	0	*	2
291	11661	54	222	0	0	*	2
292	11701	55	223	0	0	*	2
293	11741	56	223	0	0	*	2
294	11781	58	224	0	0	*	2
295	11821	58	225	0	0	*	2
296	11861	60	226	0	0	*	2
297	11901	61	226	0	0	*	2
298	11941	62	227	0	0	*	2
299	11981	63	228	0	0	*	2
300	12021	64	228	0	0	*	2
301	12061	65	229	0	0	*	2
302	12101	66	230	0	0	*	2
303	12141	68	231	0	0	*	2
304	12181	69	231	0	0	*	2
305	12221	70	232	0	0	*	2
306	12261	72	232	0	0	*	2
307	12301	73	233	0	0	*	2
308	12341	73	233	0	0	*	2
309	12381	75	234	0	0	*	2
310	12421	76	235	0	0	*	2
311	12461	77	235	0	0	*	2
312	12501	78	236	0	0	*	2
313	12541	79	236	0	0	*	2
314	12581	80	237	0	0	*	2
315	12621	81	238	0	0	*	2
316	12661	82	238	0	0	*	2
317	12701	84	238	0	0	*	2
318	12741	85	239	0	0	*	2
319	12781	85	239	0	0	*	2
320	12821	86	240	0	0	*	2
321	12861	87	241	0	0	*	2
322	12901	90	242	0	0	*	2
323	12941	91	242	0	0	*	2
324	12981	92	242	0	0	*	2
325	13021	92	242	0	0	*	2
326	13061	93	242	0	0	*	2
327	13101	95	243	0	0	*	2
328	13141	96	243	0	0	*	2
329	13181	97	243	0	0	*	2
330	13221	99	243	0	0	*	2
331	13261	99	243	0	0	*	2
332	13301	100	243	0	0	*	2
333	13341	103	244	0	0	*	2
334	13381	103	243	0	0	*	2
335	13421	105	244	0	0	*	2
336	13461	106	244	0	0	*	2
337	13501	107	244	0	0	*	2
338	13541	108	244	0	0	*	2
339	13581	109	244	0	0	*	2
340	13621	111	245	0	0	*	2
341	13661	113	246	0	0	*	2
342	13701	114	245	0	0	*	2
343	13741	114	245	0	0	*	2
344	13781	116	246	0	0	*	2
345	13821	118	247	0	0	*	2
346	13861	118	246	0	0	*	2
347	13901	120	246	0	0	*	2
348	13941	121	246	0	0	*	2
349	13981	121	246	0	0	*	2
350	14021	122	246	0	0	*	2
351	14061	124	246	0	0	*	2
352	14101	126	246	0	0	*	2
353	14141	128	246	0	0	*	2
354	14181	129	246	0	0	*	2
355	14221	129	246	0	0	*	2
356	14261	132	247	0	0	*	2
357	14301	133	247	0	0	*	2
358	14341	135	247	0	0	*	2
359	14381	136	247	0	0	*	2
360	14421	138	247	0	0	*	2
361	14461	137	246	0	0	*	2
362	14501	139	246	0	0	*	2
363	14541	142	246	0	0	*	2
364	14581	143	246	0	0	*	2
365	14621	144	246	0	0	*	2
366	14661	143	246	0	0	*	2
367	14701	144	246	0	0	*	2
368	14741	146	246	0	0	*	2
369	14781	148	245	0	0	*	2
370	14821	149	245	0	0	*	2
371	14861	150	245	0	0	*	2
372	14901	151	244	0	0	*	2
373	14941	153	244	0	0	*	2
374	14981	154	244	0	0	*	2
375	15021	156	243	0	0	*	2
376	15061	157	243	0	0	*	2
377	15101	159	243	0	0	*	2
378	15141	159	242	0	0	*	2
379	15181	161	242	0	0	*	2
380	15221	162	241	0	0	*	2
381	15261	164	241	0	0	*	2
382	15301	165	240	0	0	*	2
383	15341	166	240	0	0	*	2
384	15381	167	239	0	0	*	2
385	15421	169	239	0	0	*	2
386	15461	170	238	0	0	*	2
387	15501	171	237	0	0	*	2
388	15541	172	237	0	0	*	2
389	15581	174	236	0	0	*	2
390	15621	175	236	0	0	*	2
391	15661	177	235	0	0	*	2
392	15701	178	235	0	0	*	2
393	15741	180	234	0	0	*	2
394	15781	181	233	0	0	*	2
395	15821	182	233	0	0	*	2
396	15861	183	232	0	0	*	2
397	15901	184	232	0	0	*	2
398	15941	186	231	0	0	*	2
399	15981	187	231	0	0	*	2
400	16021	189	230	0	0	*	2
401	16061	190	229	0	0	*	2
402	16101	191	229	0	0	*	2
403	16141	192	228	0	0	*	2
404	16181	194	227	0	0	*	2
405	16221	195	226	0	0	*	2
406	16261	196	225	0	0	*	2
407	16301	197	224	0	0	*	2
408	16341	199	223	0	0	*	2
409	16381	200	222	0	0	*	2
410	16421	202	221	0	0	*	2
411	16461	203	220	0	0	*	2
412	16501	204	219	0	0	*	2
413	16541	205	218	0	0	*	2
414	16581	206	217	0	0	*	2
415	16621	208	216	0	0	*	2
416	16661	209	215	0	0	*	2
417	16701	210	213	0	0	*	2
418	16741	212	212	0	0	*	2
419	16781	213	211	0	0	*	2
420	16821	214	210	0	0	*	2
421	16861	215	210	0	0	*	2
422	16901	216	208	0	0	*	2
423	16941	218	207	0	0	*	2
424	16981	219	206	0	0	*	2
425	17021	219	205	0	0	*	2
426	17061	220	204	0	0	*	2
427	17101	222	202	0	0	*	2
428	17141	223	201	0	0	*	2
429	17181	224	199	0	0	*	2
430	17221	225	198	0	0	*	2
431	17261	226	197	0	0	*	2
432	17301	227	196	0	0	*	2
433	17341	228	195	0	0	*	2
434	17381	229	193	0	0	*	2
435	17421	230	192	0	0	*	2
436	17461	231	190	0	0	*	2
437	17501	231	189	0	0	*	2
438	17541	232	188	0	0	*	2
439	17581	233	186	0	0	*	2
440	17621	233	185	0	0	*	2
441	17661	234	184	0	0	*	2
442	17701	235	182	0	0	*	2
443	17741	236	181	0	0	*	2
444	17781	236	180	0	0	*	2
445	17821	237	178	0	0	*	2
446	17861	238	176	0	0	*	2
447	17901	239	174	0	0	*	2
448	17941	239	173	0	0	*	2
449	17981	240	171	0	0	*	2
450	18021	241	170	0	0	*	2
451	18061	241	169	0	0	*	2
452	18101	242	167	0	0	*	2
453	18141	242	165	0	0	*	2
454	18181	243	164	0	0	*	2
455	18221	243	163	0	0	*	2
456	18261	244	162	0	0	*	2
457	18301	244	160	0	0	*	2
458	18341	244	159	0	0	*	2
459	18381	245	157	0	0	*	2
460	18421	245	155	0	0	*	2
461	18461	245	154	0	0	*	2
462	18501	246	153	0	0	*	2
463	18541	246	151	0	0	*	2
464	18581	247	149	0	0	*	2
465	18621	247	149	0	0	*	2
466	18661	247	147	0	0	*	2
467	18701	247	145	0	0	*	2
468	18741	247	145	0	0	*	2
469	18781	249	140	0	0	*	2
470	18821	249	139	0	0	*	2
471	18861	248	139	0	0	*	2
472	18901	248	139	0	0	*	2
473	18941	250	134	0	0	*	2
474	18981	250	133	0	0	*	2
475	19021	249	135	0	0	*	2
476	19061	250	131	0	0	*	2
477	19101	249	131	0	0	*	2
478	19141	250	127	0	0	*	2
479	19181	249	128	0	0	*	2
480	19221	250	124	0	0	*	2
481	19261	250	123	0	0	*	2
482	19301	250	123	0	0	*	2
483	19341	249	122	0	0	*	2
484	19381	249	121	0	0	*	2
485	19421	250	117	0	0	*	2
486	19461	250	116	0	0	*	2
487	19501	250	115	0	0	*	2
488	19541	250	114	0	0	*	2
489	19581	249	113	0	0	*	2
490	19621	249	113	0	0	*	2
491	19661	249	109	0	0	*	2
492	19701	249	111	0	0	*	2
493	19741	249	107	0	0	*	2
494	19781	249	106	0	0	*	2
495	19821	248	106	0	0	*	2
496	19861	248	105	0	0	*	2
497	19901	248	104	0	0	*	2
498	19941	247	103	0	0	*	2
499	19981	247	101	0	0	*	2
500	20021	247	99	0	0	*	2
501	20061	246	99	0	0	*	2
502	20101	246	97	0	0	*	2
503	20141	246	96	0	0	*	2
504	20181	246	95	0	0	*	2
505	20221	245	93	0	0	*	2
506	20261	245	91	0	0	*	2
507	20301	244	91	0	0	*	2
508	20341	244	89	0	0	*	2
509	20381	243	87	0	0	*	2
510	20421	243	85	0	0	*	2
511	20461	243	84	0	0	*	2
512	20501	243	84	0	0	*	2
513	20541	242	83	0	0	*	2
514	20581	241	82	0	0	*	2
515	20621	241	80	0	0	*	2
516	20661	239	75	0	0	*	2
517	20701	239	76	0	0	*	2
518	20741	239	74	0	0	*	2
519	20781	238	73	0	0	*	2
520	20821	238	73	0	0	*	2
521	20861	237	72	0	0	*	2
522	20901	237	70	0	0	*	2
523	20941	236	69	0	0	*	2
524	20981	235	68	0	0	*	2
525	21021	233	64	0	0	*	2
526	21061	234	67	0	0	*	2
527	21101	233	65	0	0	*	2
528	21141	232	64	0	0	*	2
529	21181	231	63	0	0	*	2
530	21221	231	62	0	0	*	2
531	21261	230	61	0	0	*	2
532	21301	227	55	0	0	*	2
533	21341	226	54	0	0	*	2
534	21381	227	55	0	0	*	2
535	21421	225	53	0	0	*	2
536	21461	225	52	0	0	*	2
537	21501	224	52	0	0	*	2
538	21541	224	52	0	0	*	2
539	21581	221	47	0	0	*	2
540	21621	221	46	0	0	*	2
541	21661	220	46	0	0	*	2
542	21701	220	46	0	0	*	2
543	21741	219	46	0	0	*	2
544	21781	219	43	0	0	*	2
545	21821	218	43	0	0	*	2
546	21861	217	42	0	0	*	2
547	21901	216	41	0	0	*	2
548	21941	216	41	0	0	*	2
549	21981	215	41	0	0	*	2
550	22021	215	40	0	0	*	2
551	22061	214	39	0	0	*	2
552	22101	212	37	0	0	*	2
553	22141	211	36	0	0	*	2
554	22181	210	36	0	0	*	2
555	22221	210	35	0	0	*	2
556	22261	209	35	0	0	*	2
557	22301	208	35	0	0	*	2
558	22341	208	34	0	0	*	2
559	22381	206	32	0	0	*	2
560	22421	206	31	0	0	*	2
561	22461	205	31	0	0	*	2
562	22501	205	30	0	0	*	2
563	22541	204	30	0	0	*	2
564	22581	203	28	0	0	*	2
565	22621	201	27	0	0	*	2
566	22661	201	27	0	0	*	2
567	22701	200	27	0	0	*	2
568	22741	200	27	0	0	*	2
569	22781	199	26	0	0	*	2
570	22821	197	25	0	0	*	2
571	22861	196	24	0	0	*	2
572	22901	196	24	0	0	*	2
573	22941	195	23	0	0	*	2
574	22981	194	23	0	0	*	2
575	23021	194	22	0	0	*	2
576	23061	193	22	0	0	*	2
577	23101	192	23	0	0	*	2
578	23141	190	21	0	0	*	2
579	23181	190	20	0	0	*	2
580	23221	189	20	0	0	*	2
581	23261	188	19	0	0	*	2
582	23301	187	18	0	0	*	2
583	23341	187	20	0	0	*	2
584	23381	184	17	0	0	*	2
585	23421	184	17	0	0	*	2
586	23461	183	17	0	0	*	2
587	23501	183	17	0	0	*	2
588	23541	182	17	0	0	*	2
589	23581	182	17	0	0	*	2
590	23621	180	16	0	0	*	2
591	23661	178	14	0	0	*	2
592	23701	177	14	0	0	*	2
593	23741	177	14	0	0	*	2
594	23781	176	14	0	0	*	2
595	23821	175	14	0	0	*	2
596	23861	173	13	0	0	*	2
597	23901	170	11	0	0	*	2
598	23941	170	11	0	0	*	2
599	23981	170	11	0	0	*	2
600	24021	169	11	0	0	*	2
601	24061	168	11	0	0	*	2
602	24101	167	10	0	0	*	2
603	24141	163	9	0	0	*	2
604	24181	163	8	0	0	*	2
605	24221	162	9	0	0	*	2
606	24261	162	9	0	0	*	2
607	24301	161	9	0	0	*	2
608	24341	158	8	0	0	*	2
609	24381	157	7	0	0	*	2
610	24421	157	7	0	0	*	2
611	24461	156	7	0	0	*	2
612	24501	156	8	0	0	*	2
613	24541	155	8	0	0	*	2
614	24581	150	5	0	0	*	2
615	24621	150	5	0	0	*	2
616	24661	149	5	0	0	*	2
617	24701	148	6	0	0	*	2
618	24741	147	6	0	0	*	2
619	24781	146	6	0	0	*	2
620	24821	145	5	0	0	*	2
621	24861	144	5	0	0	*	2
622	24901	143	5	0	0	*	2
623	24941	142	5	0	0	*	2
624	24981	140	5	0	0	*	2
625	25021	139	5	0	0	*	2
626	25061	138	5	0	0	*	2
627	25101	137	4	0	0	*	2
628	25141	135	4	0	0	*	2
629	25181	134	4	0	0	*	2
630	25221	132	4	0	0	*	2
631	25261	131	4	0	0	*	2
632	25301	129	4	0	0	*	2
633	25341	127	3	0	0	*	2
634	25381	127	4	0	0	*	2
635	25421	126	4	0	0	*	2
636	25461	124	4	0	0	*	2
637	25501	123	4	0	0	*	2
638	25541	122	4	0	0	*	2
639	25581	121	4	0	0	*	2
640	25621	120	4	0	0	*	2
641	25661	118	4	0	0	*	2
642	25701	116	4	0	0	*	2
643	25741	116	5	0	0	*	2
644	25781	114	5	0	0	*	2
645	25821	113	5	0	0	*	2
646	25861	112	5	0	0	*	2
647	25901	110	5	0	0	*	2
648	25941	109	5	0	0	*	2
649	25981	108	6	0	0	*	2
650	26021	107	6	0	0	*	2
651	26061	106	6	0	0	*	2
652	26101	104	6	0	0	*	2
653	26141	103	6	0	0	*	2
654	26181	101	6	0	0	*	2
655	26221	101	7	0	0	*	2
656	26261	99	7	0	0	*	2
657	26301	98	7	0	0	*	2
658	26341	97	8	0	0	*	2
659	26381	95	8	0	0	*	2
660	26421	94	8	0	0	*	2
661	26461	93	9	0	0	*	2
662	26501	92	9	0	0	*	2
663	26541	92	10	0	0	*	2
664	26581	91	10	0	0	*	2
665	26621	88	10	0	0	*	2
666	26661	88	11	0	0	*	2
667	26701	87	11	0	0	*	2
668	26741	85	11	0	0	*	2
669	26781	84	12	0	0	*	2
670	26821	83	12	0	0	*	2
671	26861	81	13	0	0	*	2
672	26901	80	13	0	0	*	2
673	26941	79	14	0	0	*	2
674	26981	78	14	0	0	*	2
675	27021	77	15	0	0	*	2
676	27061	77	15	0	0	*	2
677	27101	75	15	0	0	*	2
678	27141	74	16	0	0	*	2
679	27181	73	17	0	0	*	2
680	27221	71	17	0	0	*	2
681	27261	72	18	0	0	*	2
682	27301	71	18	0	0	*	2
683	27341	69	19	0	0	*	2
684	27381	68	19	0	0	*	2
685	27421	67	20	0	0	*	2
686	27461	65	20	0	0	*	2
687	27501	64	21	0	0	*	2
688	27541	64	21	0	0	*	2
689	27581	64	22	0	0	*	2
690	27621	63	22	0	0	*	2
691	27661	61	23	0	0	*	2
692	27701	61	23	0	0	*	2
693	27741	60	23	0	0	*	2
694	27781	60	24	0	0	*	2
695	27821	59	24	0	0	*	2
696	27861	58	25	0	0	*	2
697	27901	57	25	0	0	*	2
698	27941	56	26	0	0	*	2
699	27981	55	26	0	0	*	2
700	28021	55	27	0	0	*	2
701	28061	55	27	0	0	*	2
702	28101	53	28	0	0	*	2
703	28141	52	28	0	0	*	2
704	28181	51	29	0	0	*	2
705	28221	50	30	0	0	*	2
706	28261	50	30	0	0	*	2
707	28301	50	31	0	0	*	2
708	28341	49	31	0	0	*	2
709	28381	49	32	0	0	*	2
710	28421	49	32	0	0	*	2
711	28461	46	33	0	0	*	2
712	28501	46	34	0	0	*	2
713	28541	46	34	0	0	*	2
714	28581	46	35	0	0	*	2
715	28621	45	35	0	0	*	2
716	28661	45	36	0	0	*	2
717	28701	43	37	0	0	*	2
718	28741	43	37	0	0	*	2
719	28781	43	38	0	0	*	2
720	28821	42	38	0	0	*	2
721	28861	41	39	0	0	*	2
722	28901	41	39	0	0	*	2
723	28941	40	40	0	0	*	2
724	28981	39	41	0	0	*	2
725	29021	39	41	0	0	*	2
726	29061	39	42	0	0	*	2
727	29101	38	42	0	0	*	2
728	29141	36	44	0	0	*	2
729	29181	36	44	0	0	*	2
730	29221	36	45	0	0	*	2
731	29261	36	45	0	0	*	2
732	29301	36	46	0	0	*	2
733	29341	35	46	0	0	*	2
734	29381	34	47	0	0	*	2
735	29421	32	49	0	0	*	2
736	29461	34	49	0	0	*	2
737	29501	34	49	0	0	*	2
738	29541	33	50	0	0	*	2
739	29581	33	50	0	0	*	2
740	29621	29	53	0	0	*	2
741	29661	31	53	0	0	*	2
742	29701	30	53	0	0	*	2
743	29741	30	54	0	0	*	2
744	29781	29	55	0	0	*	2
745	29821	29	56	0	0	*	2
746	29861	28	57	0	0	*	2
747	29901	27	58	0	0	*	2
748	29941	27	58	0	0	*	2
749	29981	26	59	0	0	*	2
750	30021	25	60	0	0	*	2
751	30061	25	61	0	0	*	2
752	30101	24	62	0	0	*	2
753	30141	23	63	0	0	*	2
754	30181	22	64	0	0	*	2
755	30221	22	65	0	0	*	2
756	30261	21	67	0	0	*	2
757	30301	21	68	0	0	*	2
758	30341	20	69	0	0	*	2
759	30381	20	70	0	0	*	2
760	30421	19	71	0	0	*	2
761	30461	18	72	0	0	*	2
762	30501	18	74	0	0	*	2
763	30541	17	75	0	0	*	2
764	30581	16	76	0	0	*	2
765	30621	15	78	0	0	*	2
766	30661	15	80	0	0	*	2
767	30701	14	81	0	0	*	2
768	30741	13	84	0	0	*	2
769	30781	13	85	0	0	*	2
770	30821	12	86	0	0	*	2
771	30861	12	87	0	0	*	2
772	30901	12	89	0	0	*	2
773	30941	11	91	0	0	*	2
774	30981	10	93	0	0	*	2
775	31021	10	94	0	0	*	2
776	31061	10	95	0	0	*	2
777	31101	9	97	0	0	*	2
778	31141	9	99	0	0	*	2
779	31181	9	101	0	0	*	2
780	31221	8	103	0	0	*	2
781	31261	8	104	0	0	*	2
782	31301	8	105	0	0	*	2
783	31341	7	107	0	0	*	2
784	31381	7	109	0	0	*	2
785	31421	7	111	0	0	*	2
786	31461	7	113	0	0	*	2
787	31501	7	114	0	0	*	2
788	31541	7	115	0	0	*	2
789	31581	6	116	0	0	*	2
790	31621	7	118	0	0	*	2
791	31661	7	120	0	0	*	2
792	31701	7	122	0	0	*	2
793	31741	7	124	0	0	*	2
794	31781	7	125	0	0	*	2
795	31821	7	127	0	0	*	2
796	31861	7	128	0	0	*	2
797	31901	7	130	0	0	*	2
798	31941	7	132	0	0	*	2
799	31981	7	133	0	0	*	2
800	32021	7	135	0	0	*	2
801	32061	7	136	0	0	*	2
802	32101	8	137	0	0	*	2
803	32141	8	139	0	0	*	2
804	32181	8	140	0	0	*	2
805	32221	8	142	0	0	*	2
806	32261	8	143	0	0	*	2
807	32301	8	144	0	0	*	2
808	32341	9	146	0	0	*	2
809	32381	9	147	0	0	*	2
810	32421	9	148	0	0	*	2
811	32461	10	150	0	0	*	2
812	32501	10	151	0	0	*	2
813	32541	10	152	0	0	*	2
814	32581	11	154	0	0	*	2
815	32621	11	155	0	0	*	2
816	32661	12	156	0	0	*	2
817	32701	12	158	0	0	*	2
818	32741	12	159	0	0	*	2
819	32781	12	160	0	0	*	2
820	32821	13	161	0	0	*	2
821	32861	13	162	0	0	*	2
822	32901	14	163	0	0	*	2
823	32941	14	164	0	0	*	2
824	32981	14	165	0	0	*	2
825	33021	15	166	0	0	*	2
826	33061	15	167	0	0	*	2
827	33101	15	169	0	0	*	2
828	33141	16	170	0	0	*	2
829	33181	16	171	0	0	*	2
830	33221	17	172	0	0	*	2
831	33261	17	173	0	0	*	2
832	33301	17	174	0	0	*	2
833	33341	18	176	0	0	*	2
834	33381	18	177	0	0	*	2
835	33421	19	178	0	0	*	2
836	33461	19	179	0	0	*	2
837	33501	20	180	0	0	*	2
838	33541	21	180	0	0	*	2
839	33581	21	182	0	0	*	2
840	33621	22	183	0	0	*	2
841	33661	22	184	0	0	*	2
842	33701	23	185	0	0	*	2
843	33741	23	185	0	0	*	2
844	33781	24	186	0	0	*	2
845	33821	24	187	0	0	*	2
846	33861	25	188	0	0	*	2
847	33901	25	190	0	0	*	2
848	33941	26	190	0	0	*	2
849	33981	27	192	0	0	*	2
850	34021	27	192	0	0	*	2
851	34061	28	193	0	0	*	2
852	34101	28	195	0	0	*	2
853	34141	29	195	0	0	*	2
854	34181	30	196	0	0	*	2
855	34221	30	197	0	0	*	2
856	34261	31	197	0	0	*	2
857	34301	31	198	0	0	*	2
858	34341	32	199	0	0	*	2
859	34381	32	200	0	0	*	2
860	34421	33	200	0	0	*	2
861	34461	34	201	0	0	*	2
862	34501	34	202	0	0	*	2
863	34541	35	203	0	0	*	2
864	34581	35	204	0	0	*	2
865	34621	35	204	0	0	*	2
866	34661	36	204	0	0	*	2
867	34701	36	205	0	0	*	2
868	34741	37	206	0	0	*	2
869	34781	37	207	0	0	*	2
870	34821	38	207	0	0	*	2
871	34861	38	208	0	0	*	2
872	34901	39	209	0	0	*	2
873	34941	40	209	0	0	*	2
874	34981	40	209	0	0	*	2
875	35021	41	210	0	0	*	2
876	35061	41	210	0	0	*	2
877	35101	42	211	0	0	*	2
878	35141	43	212	0	0	*	2
879	35181	44	212	0	0	*	2
880	35221	44	213	0	0	*	2
881	35261	45	213	0	0	*	2
882	35301	45	213	0	0	*	2
883	35341	46	214	0	0	*	2
884	35381	46	214	0	0	*	2
885	35421	47	215	0	0	*	2
886	35461	48	216	0	0	*	2
887	35501	49	216	0	0	*	2
888	35541	49	217	0	0	*	2
889	35581	49	218	0	0	*	2
890	35621	50	218	0	0	*	2
891	35661	51	219	0	0	*	2
892	35701	52	220	0	0	*	2
893	35741	53	220	0	0	*	2
894	35781	53	221	0	0	*	2
895	35821	54	221	0	0	*	2
896	35861	55	221	0	0	*	2
897	35901	56	222	0	0	*	2
898	35941	57	223	0	0	*	2
899	35981	58	224	0	0	*	2
900	36021	59	224	0	0	*	2
901	36061	60	225	0	0	*	2
902	36101	61	226	0	0	*	2
903	36141	62	227	0	0	*	2
904	36181	62	227	0	0	*	2
905	36221	63	227	0	0	*	2
906	36261	64	228	0	0	*	2
907	36301	65	229	0	0	*	2
908	36341	66	229	0	0	*	2
909	36381	68	230	0	0	*	2
910	36421	68	230	0	0	*	2
911	36461	69	231	0	0	*	2
912	36501	71	232	0	0	*	2
913	36541	72	232	0	0	*	2
914	36581	73	232	0	0	*	2
915	36621	74	234	0	0	*	2
916	36661	75	234	0	0	*	2
917	36701	76	234	0	0	*	2
918	36741	77	235	0	0	*	2
919	36781	78	235	0	0	*	2
920	36821	78	235	0	0	*	2
921	36861	80	236	0	0	*	2
922	36901	81	237	0	0	*	2
923	36941	82	237	0	0	*	2
924	36981	82	238	0	0	*	2
925	37021	83	238	0	0	*	2
926	37061	84	238	0	0	*	2
927	37101	85	238	0	0	*	2
928	37141	86	239	0	0	*	2
929	37181	87	239	0	0	*	2
930	37221	87	239	0	0	*	2
931	37261	88	240	0	0	*	2
932	37301	89	240	0	0	*	2
933	37341	90	240	0	0	*	2
934	37381	91	240	0	0	*	2
935	37421	92	241	0	0	*	2
936	37461	92	241	0	0	*	2
937	37501	93	242	0	0	*	2
938	37541	94	242	0	0	*	2
939	37581	95	242	0	0	*	2
940	37621	96	242	0	0	*	2
941	37661	97	242	0	0	*	2
942	37701	97	242	0	0	*	2
943	37741	98	243	0	0	*	2
944	37781	99	243	0	0	*	2
945	37821	101	243	0	0	*	2
946	37861	102	244	0	0	*	2
947	37901	103	244	0	0	*	2
948	37941	104	244	0	0	*	2
949	37981	104	244	0	0	*	2
950	38021	105	244	0	0	*	2
951	38061	107	244	0	0	*	2
952	38101	108	245	0	0	*	2
953	38141	109	245	0	0	*	2
954	38181	109	245	0	0	*	2
955	38221	109	245	0	0	*	2
956	38261	110	245	0	0	*	2
957	38301	112	245	0	0	*	2
958	38341	113	245	0	0	*	2
959	38381	113	245	0	0	*	2
960	38421	114	245	0	0	*	2
961	38461	115	246	0	0	*	2
962	38501	116	245	0	0	*	2
963	38541	117	246	0	0	*	2
964	38581	117	245	0	0	*	2
965	38621	118	245	0	0	*	2
966	38661	119	245	0	0	*	2
967	38701	120	246	0	0	*	2
968	38741	121	246	0	0	*	2
969	38781	122	246	0	0	*	2
970	38821	123	246	0	0	*	2
971	38861	123	245	0	0	*	2
972	38901	125	246	0	0	*	2
973	38941	126	246	0	0	*	2
974	38981	127	246	0	0	*	2
975	39021	129	246	0	0	*	2
976	39061	129	246	0	0	*	2
977	39101	131	246	0	0	*	2
978	39141	133	246	0	0	*	2
979	39181	133	246	0	0	*	2
980	39221	135	246	0	0	*	2
981	39261	135	246	0	0	*	2
982	39301	136	246	0	0	*	2
983	39341	137	246	0	0	*	2
984	39381	140	246	0	0	*	2
985	39421	143	246	0	0	*	2
986	39461	142	245	0	0	*	2
987	39501	143	245	0	0	*	2
988	39541	144	245	0	0	*	2
989	39581	146	245	0	0	*	2
990	39621	147	245	0	0	*	2
991	39661	148	244	0	0	*	2
992	39701	150	244	0	0	*	2
993	39741	150	244	0	0	*	2
994	39781	151	244	0	0	*	2
995	39821	153	244	0	0	*	2
996	39861	155	243	0	0	*	2
997	39901	156	242	0	0	*	2
998	39941	158	242	0	0	*	2
999	39981	158	242	0	0	*	2
1000	40021	160	241	0	0	*	2
1001	40061	162	241	0	0	*	2
1002	40101	163	241	0	0	*	2
1003	40141	164	240	0	0	*	2
1004	40181	166	240	0	0	*	2
1005	40221	167	239	0	0	*	2
1006	40261	168	239	0	0	*	2
1007	40301	170	238	0	0	*	2
1008	40341	171	237	0	0	*	2
1009	40381	173	236	0	0	*	2
1010	40421	174	236	0	0	*	2
1011	40461	175	235	0	0	*	2
1012	40501	177	234	0	0	*	2
1013	40541	179	233	0	0	*	2
1014	40581	181	232	0	0	*	2
1015	40621	181	232	0	0	*	2
1016	40661	182	231	0	0	*	2
1017	40701	184	230	0	0	*	2
1018	40741	186	229	0	0	*	2
1019	40781	187	227	0	0	*	2
1020	40821	189	226	0	0	*	2
1021	40861	190	225	0	0	*	2
1022	40901	191	224	0	0	*	2
1023	40941	193	223	0	0	*	2
1024	40981	194	222	0	0	*	2
1025	41021	196	220	0	0	*	2
1026	41061	197	219	0	0	*	2
1027	41101	199	218	0	0	*	2
1028	41141	201	217	0	0	*	2
1029	41181	202	216	0	0	*	2
1030	41221	203	214	0	0	*	2
1031	41261	205	213	0	0	*	2
1032	41301	206	212	0	0	*	2
1033	41341	207	211	0	0	*	2
1034	41381	209	209	0	0	*	2
1035	41421	210	208	0	0	*	2
1036	41461	211	207	0	0	*	2
1037	41501	213	205	0	0	*	2
1038	41541	214	204	0	0	*	2
1039	41581	215	203	0	0	*	2
1040	41621	217	201	0	0	*	2
1041	41661	218	200	0	0	*	2
1042	41701	219	198	0	0	*	2
1043	41741	220	197	0	0	*	2
1044	41781	221	196	0	0	*	2
1045	41821	223	194	0	0	*	2
1046	41861	224	193	0	0	*	2
1047	41901	226	191	0	0	*	2
1048	41941	227	189	0	0	*	2
1049	41981	229	188	0	0	*	2
1050	42021	230	187	0	0	*	2
1051	42061	231	185	0	0	*	2
1052	42101	231	185	0	0	*	2
1053	42141	233	183	0	0	*	2
1054	42181	234	181	0	0	*	2
1055	42221	234	181	0	0	*	2
1056	42261	235	180	0	0	*	2
1057	42301	236	179	0	0	*	2
1058	42341	237	177	0	0	*	2
1059	42381	238	176	0	0	*	2
1060	42421	238	174	0	0	*	2
1061	42461	239	173	0	0	*	2
1062	42501	240	172	0	0	*	2
1063	42541	240	170	0	0	*	2
1064	42581	241	169	0	0	*	2
1065	42621	241	168	0	0	*	2
1066	42661	242	167	0	0	*	2
1067	42701	242	165	0	0	*	2
1068	42741	243	164	0	0	*	2
1069	42781	243	162	0	0	*	2
1070	42821	243	162	0	0	*	2
1071	42861	243	161	0	0	*	2
1072	42901	244	159	0	0	*	2
1073	42941	244	157	0	0	*	2
1074	42981	245	155	0	0	*	2
1075	43021	245	154	0	0	*	2
1076	43061	245	153	0	0	*	2
1077	43101	245	152	0	0	*	2
1078	43141	245	151	0	0	*	2
1079	43181	245	150	0	0	*	2
1080	43221	246	148	0	0	*	2
1081	43261	247	146	0	0	*	2
1082	43301	247	145	0	0	*	2
1083	43341	247	143	0	0	*	2
1084	43381	247	142	0	0	*	2
1085	43421	249	140	0	0	*	2
1086	43461	249	138	0	0	*	2
1087	43501	249	138	0	0	*	2
1088	43541	249	137	0	0	*	2
1089	43581	248	137	0	0	*	2
1090	43621	248	137	0	0	*	2
1091	43661	247	137	0	0	*	2
1092	43701	247	137	0	0	*	2
1093	43741	247	135	0	0	*	2
1094	43781	247	134	0	0	*	2
1095	43821	247	133	0	0	*	2
1096	43861	247	132	0	0	*	2
1097	43901	247	130	0	0	*	2
1098	43941	247	130	0	0	*	2
1099	43981	247	129	0	0	*	2
1100	44021	246	128	0	0	*	2
1101	44061	246	127	0	0	*	2
1102	44101	247	126	0	0	*	2
1103	44141	247	125	0	0	*	2
1104	44181	248	124	0	0	*	2
1105	44221	247	123	0	0	*	2
1106	44261	248	121	0	0	*	2
1107	44301	248	121	0	0	*	2
1108	44341	248	120	0	0	*	2
1109	44381	248	120	0	0	*	2
1110	44421	248	120	0	0	*	2
1111	44461	248	119	0	0	*	2
1112	44501	248	118	0	0	*	2
1113	44541	248	118	0	0	*	2
1114	44581	249	117	0	0	*	2
1115	44621	249	117	0	0	*	2
1116	44661	249	117	0	0	*	2
1117	44701	249	116	0	0	*	2
1118	44741	249	116	0	0	*	2
1119	44781	249	116	0	0	*	2
1120	44821	249	115	0	0	*	2
1121	44861	249	115	0	0	*	2
1122	44901	250	114	0	0	*	2
1123	44941	249	114	0	0	*	2
1124	44981	249	114	0	0	*	2
1125	45021	249	113	0	0	*	2
1126	45061	248	113	0	0	*	2
1127	45101	248	112	0	0	*	2
1128	45141	248	112	0	0	*	2
1129	45181	249	111	0	0	*	2
1130	45221	248	111	0	0	*	2
1131	45261	248	110	0	0	*	2
1132	45301	248	110	0	0	*	2
1133	45341	248	109	0	0	*	2
1134	45381	248	109	0	0	*	2
1135	45421	248	108	0	0	*	2
1136	45461	248	106	0	0	*	2
1137	45501	247	105	0	0	*	2
1138	45541	247	105	0	0	*	2
1139	45581	247	104	0	0	*	2
1140	45621	247	103	0	0	*	2
1141	45661	247	102	0	0	*	2
1142	45701	246	101	0	0	*	2
1143	45741	246	100	0	0	*	2
1144	45781	247	99	0	0	*	2
1145	45821	246	98	0	0	*	2
1146	45861	246	97	0	0	*	2
1147	45901	245	96	0	0	*	2
1148	45941	245	95	0	0	*	2
1149	45981	246	94	0	0	*	2
1150	46021	246	93	0	0	*	2
1151	46061	245	92	0	0	*	2
1152	46101	244	91	0	0	*	2
1153	46141	243	89	0	0	*	2
1154	46181	243	88	0	0	*	2
1155	46221	243	87	0	0	*	2
1156	46261	243	86	0	0	*	2
1157	46301	243	84	0	0	*	2
1158	46341	242	83	0	0	*	2
1159	46381	241	83	0	0	*	2
1160	46421	241	82	0	0	*	2
1161	46461	241	79	0	0	*	2
1162	46501	241	79	0	0	*	2
1163	46541	240	78	0	0	*	2
1164	46581	240	79	0	0	*	2
1165	46621	239	75	0	0	*	2
1166	46661	238	75	0	0	*	2
1167	46701	238	75	0	0	*	2
1168	46741	238	75	0	0	*	2
1169	46781	237	74	0	0	*	2
1170	46821	236	73	0	0	*	2
1171	46861	236	72	0	0	*	2
1172	46901	235	70	0	0	*	2
1173	46941	234	70	0	0	*	2
1174	46981	234	69	0	0	*	2
1175	47021	233	68	0	0	*	2
1176	47061	232	67	0	0	*	2
1177	47101	231	66	0	0	*	2
1178	47141	231	64	0	0	*	2
1179	47181	229	63	0	0	*	2
1180	47221	228	62	0	0	*	2
1181	47261	227	60	0	0	*	2
1182	47301	225	58	0	0	*	2
1183	47341	225	57	0	0	*	2
1184	47381	224	55	0	0	*	2
1185	47421	223	54	0	0	*	2
1186	47461	221	52	0	0	*	2
1187	47501	220	51	0	0	*	2
1188	47541	219	50	0	0	*	2
1189	47581	219	48	0	0	*	2
1190	47621	218	47	0	0	*	2
1191	47661	216	46	0	0	*	2
1192	47701	215	44	0	0	*	2
1193	47741	214	43	0	0	*	2
1194	47781	213	41	0	0	*	2
1195	47821	212	39	0	0	*	2
1196	47861	211	38	0	0	*	2
1197	47901	210	37	0	0	*	2
1198	47941	209	36	0	0	*	2
1199	47981	208	35	0	0	*	2
1200	48021	207	34	0	0	*	2
1201	48061	206	32	0	0	*	2
1202	48101	205	32	0	0	*	2
1203	48141	204	30	0	0	*	2
1204	48181	202	29	0	0	*	2
1205	48221	201	28	0	0	*	2
1206	48261	200	28	0	0	*	2
1207	48301	198	27	0	0	*	2
1208	48341	197	26	0	0	*	2
1209	48381	196	25	0	0	*	2
1210	48421	195	24	0	0	*	2
1211	48461	194	24	0	0	*	2
1212	48501	193	23	0	0	*	2
1213	48541	191	22	0	0	*	2
1214	48581	190	22	0	0	*	2
1215	48621	189	21	0	0	*	2
1216	48661	187	20	0	0	*	2
1217	48701	186	20	0	0	*	2
1218	48741	185	19	0	0	*	2
1219	48781	183	18	0	0	*	2
1220	48821	182	17	0	0	*	2
1221	48861	181	17	0	0	*	2
1222	48901	180	17	0	0	*	2
1223	48941	178	15	0	0	*	2
1224	48981	176	14	0	0	*	2
1225	49021	176	14	0	0	*	2
1226	49061	175	15	0	0	*	2
1227	49101	174	14	0	0	*	2
1228	49141	173	13	0	0	*	2
1229	49181	169	11	0	0	*	2
1230	49221	168	11	0	0	*	2
1231	49261	168	11	0	0	*	2
1232	49301	168	11	0	0	*	2
1233	49341	168	12	0	0	*	2
1234	49381	167	11	0	0	*	2
1235	49421	166	11	0	0	*	2
1236	49461	164	10	0	0	*	2
1237	49501	163	9	0	0	*	2
1238	49541	161	8	0	0	*	2
1239	49581	160	8	0	0	*	2
1240	49621	159	9	0	0	*	2
1241	49661	158	8	0	0	*	2
1242	49701	157	8	0	0	*	2
1243	49741	155	7	0	0	*	2
1244	49781	155	7	0	0	*	2
1245	49821	153	7	0	0	*	2
1246	49861	153	7	0	0	*	2
1247	49901	152	7	0	0	*	2
1248	49941	150	7	0	0	*	2
1249	49981	147	5	0	0	*	2
1250	50021	147	5	0	0	*	2
1251	50061	146	6	0	0	*	2
1252	50101	146	6	0	0	*	2
1253	50141	145	5	0	0	*	2
1254	50181	142	5	0	0	*	2
1255	50221	141	5	0	0	*	2
1256	50261	141	5	0	0	*	2
1257	50301	140	5	0	0	*	2
1258	50341	139	5	0	0	*	2
1259	50381	137	4	0	0	*	2
1260	50421	135	4	0	0	*	2
1261	50461	134	4	0	0	*	2
1262	50501	133	4	0	0	*	2
1263	50541	134	4	0	0	*	2
1264	50581	133	5	0	0	*	2
1265	50621	132	5	0	0	*	2
1266	50661	130	4	0	0	*	2
1267	50701	127	3	0	0	*	2
1268	50741	126	3	0	0	*	2
1269	50781	126	3	0	0	*	2
1270	50821	125	3	0	0	*	2
1271	50861	124	3	0	0	*	2
1272	50901	122	3	0	0	*	2
1273	50941	121	3	0	0	*	2
1274	50981	121	3	0	0	*	2
1275	51021	120	3	0	0	*	2
1276	51061	120	4	0	0	*	2
1277	51101	120	4	0	0	*	2
1278	51141	118	4	0	0	*	2
1279	51181	116	4	0	0	*	2
1280	51221	115	4	0	0	*	2
1281	51261	115	4	0	0	*	2
1282	51301	114	4	0	0	*	2
1283	51341	113	4	0	0	*	2
1284	51381	112	4	0	0	*	2
1285	51421	111	4	0	0	*	2
1286	51461	110	5	0	0	*	2
1287	51501	109	5	0	0	*	2
1288	51541	108	5	0	0	*	2
1289	51581	108	5	0	0	*	2
1290	51621	107	5	0	0	*	2
1291	51661	105	5	0	0	*	2
1292	51701	104	6	0	0	*	2
1293	51741	103	5	0	0	*	2
1294	51781	103	5	0	0	*	2
1295	51821	102	6	0	0	*	2
1296	51861	101	6	0	0	*	2
1297	51901	100	6	0	0	*	2
1298	51941	99	6	0	0	*	2
1299	51981	99	7	0	0	*	2
1300	52021	98	7	0	0	*	2
1301	52061	97	7	0	0	*	2
1302	52101	97	8	0	0	*	2
1303	52141	96	8	0	0	*	2
1304	52181	93	8	0	0	*	2
1305	52221	92	8	0	0	*	2
1306	52261	91	8	0	0	*	2
1307	52301	90	9	0	0	*	2
1308	52341	89	9	0	0	*	2
1309	52381	90	10	0	0	*	2
1310	52421	87	10	0	0	*	2
1311	52461	87	10	0	0	*	2
1312	52501	87	11	0	0	*	2
1313	52541	87	11	0	0	*	2
1314	52581	86	12	0	0	*	2
1315	52621	85	12	0	0	*	2
1316	52661	84	12	0	0	*	2
1317	52701	82	13	0	0	*	2
1318	52741	81	13	0	0	*	2
1319	52781	79	14	0	0	*	2
1320	52821	78	14	0	0	*	2
1321	52861	77	15	0	0	*	2
1322	52901	78	15	0	0	*	2
1323	52941	76	15	0	0	*	2
1324	52981	75	16	0	0	*	2
1325	53021	74	17	0	0	*	2
1326	53061	73	17	0	0	*	2
1327	53101	71	18	0	0	*	2
1328	53141	71	18	0	0	*	2
1329	53181	69	19	0	0	*	2
1330	53221	68	19	0	0	*	2
1331	53261	67	20	0	0	*	2
1332	53301	66	21	0	0	*	2
1333	53341	64	22	0	0	*	2
1334	53381	64	22	0	0	*	2
1335	53421	64	22	0	0	*	2
1336	53461	62	23	0	0	*	2
1337	53501	61	23	0	0	*	2
1338	53541	58	25	0	0	*	2
1339	53581	59	25	0	0	*	2
1340	53621	59	25	0	0	*	2
1341	53661	59	26	0	0	*	2
1342	53701	57	26	0	0	*	2
1343	53741	57	27	0	0	*	2
1344	53781	56	28	0	0	*	2
1345	53821	52	29	0	0	*	2
1346	53861	53	29	0	0	*	2
1347	53901	53	30	0	0	*	2
1348	53941	51	31	0	0	*	2
1349	53981	49	32	0	0	*	2
1350	54021	48	33	0	0	*	2
1351	54061	49	33	0	0	*	2
1352	54101	47	34	0	0	*	2
1353	54141	47	35	0	0	*	2
1354	54181	47	35	0	0	*	2
1355	54221	46	36	0	0	*	2
1356	54261	45	37	0	0	*	2
1357	54301	44	38	0	0	*	2
1358	54341	42	38	0	0	*	2
1359	54381	43	38	0	0	*	2
1360	54421	43	39	0	0	*	2
1361	54461	41	40	0	0	*	2
1362	54501	40	41	0	0	*	2
1363	54541	39	41	0	0	*	2
1364	54581	38	42	0	0	*	2
1365	54621	38	43	0	0	*	2
1366	54661	38	43	0	0	*	2
1367	54701	37	44	0	0	*	2
1368	54741	37	44	0	0	*	2
1369	54781	36	45	0	0	*	2
1370	54821	35	46	0	0	*	2
1371	54861	35	46	0	0	*	2
1372	54901	35	46	0	0	*	2
1373	54941	34	47	0	0	*	2
1374	54981	34	48	0	0	*	2
1375	55021	33	48	0	0	*	2
1376	55061	33	49	0	0	*	2
1377	55101	32	49	0	0	*	2
1378	55141	32	50	0	0	*	2
1379	55181	32	50	0	0	*	2
1380	55221	31	50	0	0	*	2
1381	55261	30	51	0	0	*	2
1382	55301	30	52	0	0	*	2
1383	55341	30	52	0	0	*	2
1384	55381	30	52	0	0	*	2
1385	55421	29	53	0	0	*	2
1386	55461	29	53	0	0	*	2
1387	55501	28	54	0	0	*	2
1388	55541	28	55	0	0	*	2
1389	55581	27	55	0	0	*	2
1390	55621	28	56	0	0	*	2
1391	55661	27	56	0	0	*	2
1392	55701	27	57	0	0	*	2
1393	55741	26	57	0	0	*	2
1394	55781	26	58	0	0	*	2
1395	55821	26	58	0	0	*	2
1396	55861	26	59	0	0	*	2
1397	55901	26	59	0	0	*	2
1398	55941	25	60	0	0	*	2
1399	55981	24	61	0	0	*	2
1400	56021	24	62	0	0	*	2
1401	56061	24	62	0	0	*	2
1402	56101	24	62	0	0	*	2
1403	56141	23	63	0	0	*	2
1404	56181	23	64	0	0	*	2
1405	56221	22	65	0	0	*	2
1406	56261	22	65	0	0	*	2
1407	56301	22	66	0	0	*	2
1408	56341	22	66	0	0	*	2
1409	56381	21	67	0	0	*	2
1410	56421	21	67	0	0	*	2
1411	56461	20	68	0	0	*	2
1412	56501	20	70	0	0	*	2
1413	56541	20	70	0	0	*	2
1414	56581	20	70	0	0	*	2
1415	56621	20	70	0	0	*	2
1416	56661	20	71	0	0	*	2
1417	56701	18	73	0	0	*	2
1418	56741	17	73	0	0	*	2
1419	56781	17	74	0	0	*	2
1420	56821	17	74	0	0	*	2
1421	56861	17	75	0	0	*	2
1422	56901	17	75	0	0	*	2
1423	56941	17	76	0	0	*	2
1424	56981	17	77	0	0	*	2
1425	57021	17	77	0	0	*	2
1426	57061	16	78	0	0	*	2
1427	57101	16	78	0	0	*	2
1428	57141	16	79	0	0	*	2
1429	57181	15	80	0	0	*	2
1430	57221	15	81	0	0	*	2
1431	57261	15	82	0	0	*	2
1432	57301	15	81	0	0	*	2
1433	57341	15	82	0	0	*	2
1434	57381	14	84	0	0	*	2
1435	57421	14	85	0	0	*	2
1436	57461	14	85	0	0	*	2
1437	57501	14	85	0	0	*	2
1438	57541	13	87	0	0	*	2
1439	57581	12	88	0	0	*	2
1440	57621	12	89	0	0	*	2
1441	57661	12	90	0	0	*	2
1442	57701	12	90	0	0	*	2
1443	57741	12	91	0	0	*	2
1444	57781	11	92	0	0	*	2
1445	57821	11	93	0	0	*	2
1446	57861	11	95	0	0	*	2
1447	57901	11	95	0	0	*	2
1448	57941	11	96	0	0	*	2
1449	57981	10	97	0	0	*	2
1450	58021	10	98	0	0	*	2
1451	58061	9	100	0	0	*	2
1452	58101	9	101	0	0	*	2
1453	58141	10	102	0	0	*	2
1454	58181	10	103	0	0	*	2
1455	58221	9	104	0	0	*	2
1456	58261	9	106	0	0	*	2
1457	58301	9	106	0	0	*	2
1458	58341	8	108	0	0	*	2
1459	58381	8	109	0	0	*	2
1460	58421	9	109	0	0	*	2
1461	58461	8	111	0	0	*	2
1462	58501	8	113	0	0	*	2
1463	58541	8	114	0	0	*	2
1464	58581	8	115	0	0	*	2
1465	58621	8	116	0	0	*	2
1466	58661	8	116	0	0	*	2
1467	58701	7	117	0	0	*	2
1468	58741	7	119	0	0	*	2
1469	58781	8	120	0	0	*	2
1470	58821	8	120	0	0	*	2
1471	58861	7	121	0	0	*	2
1472	58901	7	122	0	0	*	2
1473	58941	7	123	0	0	*	2
1474	58981	7	123	0	0	*	2
1475	59021	7	124	0	0	*	2
1476	59061	7	125	0	0	*	2
1477	59101	6	127	0	0	*	2
1478	59141	6	127	0	0	*	2
1479	59181	6	127	0	0	*	2
1480	59221	6	128	0	0	*	2
1481	59261	7	129	0	0	*	2
1482	59301	7	130	0	0	*	2
1483	59341	7	130	0	0	*	2
1484	59381	6	131	0	0	*	2
1485	59421	6	132	0	0	*	2
1486	59461	6	132	0	0	*	2
1487	59501	7	132	0	0	*	2
1488	59541	7	133	0	0	*	2
1489	59581	7	133	0	0	*	2
1490	59621	7	134	0	0	*	2
1491	59661	7	134	0	0	*	2
1492	59701	7	134	0	0	*	2
1493	59741	7	134	0	0	*	2
1494	59781	7	135	0	0	*	2
1495	59821	7	136	0	0	*	2
1496	59861	7	137	0	0	*	2
1497	59901	7	138	0	0	*	2
1498	59941	7	139	0	0	*	2
1499	59981	8	140	0	0	*	2
1500	60021	8	142	0	0	*	2
1501	60061	8	143	0	0	*	2
1502	60101	9	143	0	0	*	2
1503	60141	9	143	0	0	*	2
1504	60181	9	145	0	0	*	2
1505	60221	9	146	0	0	*	2
1506	60261	10	146	0	0	*	2
1507	60301	10	147	0	0	*	2
1508	60341	10	147	0	0	*	2
1509	60381	10	148	0	0	*	2
1510	60421	11	149	0	0	*	2
1511	60461	11	150	0	0	*	2
1512	60501	11	151	0	0	*	2
1513	60541	11	152	0	0	*	2
1514	60581	11	153	0	0	*	2
1515	60621	11	154	0	0	*	2
1516	60661	11	156	0	0	*	2
1517	60701	11	156	0	0	*	2
1518	60741	12	157	0	0	*	2
1519	60781	12	158	0	0	*	2
1520	60821	12	160	0	0	*	2
1521	60861	12	161	0	0	*	2
1522	60901	13	162	0	0	*	2
1523	60941	13	163	0	0	*	2
1524	60981	13	164	0	0	*	2
1525	61021	14	166	0	0	*	2
1526	61061	14	167	0	0	*	2
1527	61101	15	169	0	0	*	2
1528	61141	15	170	0	0	*	2
1529	61181	16	171	0	0	*	2
1530	61221	16	173	0	0	*	2
1531	61261	17	174	0	0	*	2
1532	61301	18	176	0	0	*	2
1533	61341	18	177	0	0	*	2
1534	61381	19	178	0	0	*	2
1535	61421	19	179	0	0	*	2
1536	61461	20	181	0	0	*	2
1537	61501	21	182	0	0	*	2
1538	61541	22	184	0	0	*	2
1539	61581	22	185	0	0	*	2
1540	61621	23	185	0	0	*	2
1541	61661	24	187	0	0	*	2
