%%BEGIN_HEADER
	%%BEGIN DATABASE_INFORMATION
		%Date.0 ( 16.10.2019 )
		%Time.0 ( 12:02 )
	%%END DATABASE_INFORMATION
	%%BEGIN SETUP_INFORMATION
		%TrackerVersion.0 ( Tracker version 2.38 release 12.8.2012 )
		%ElapsedTime_ms.0 ( 60386 )
		%Paradigm.0 ( PlacePreference )
		%FeederParameters.0 ( 1500 0 )
			// %FeederParameters.0 ( ENTRANCE_LATENCY EXIT_LATENCY )
		%ElapsedPath_m.0 ( 0.00 )
		%ArenaDiameter_m.0 ( 1.80 )
		%TrackerResolution_PixPerCM.0 ( 1.4222 )
		%ArenaCenterXY.0 ( 127.5 127.5 )
		%Frame.0 ( RoomFrame )
		%ReinforcedSector.0 ( 64.3907 190.6093 7 )
			//%ReinforcedSector.0 ( CENTER_X CENTER_Y RADIUS )
		%RoomTrackReinforcedSector.0 ( 64.3907 190.6093 7 )
			//%RoomTrackReinforcedSector.0 ( CENTER_X CENTER_Y RADIUS )
	%%END SETUP_INFORMATION
	%%BEGIN RECORD_FORMAT
		%Sample.0 ( FrameCount 1msTimeStamp RoomX RoomY Sectors State Flags FrameInfo )
			//Sectors indicate if the object is in a target. Number is binary coded. Sectors = 0: no target, Sectors = 1: room target, Sectors: = 2 arena target, Sectors: = 3 room and arena target
			////State indicates the Watermaze State: OutsideTarget = 0, EntranceLatency = 1, InsideTarget = 3, OutsideRefractory = 4, BadSpot = 5
			//FrameInfo indicates succesfuly tracked spots: ReferencePoint * 2^0 + Spot0 * 2^(1+0) + Spot1 * 2^(1+1) + Spot2 * 2^(1+2) .... 
	%%END RECORD_FORMAT
%%END_HEADER
1	66	152	11	0	0	*	2
2	106	153	12	0	0	*	2
3	146	154	13	0	0	*	2
4	186	155	13	0	0	*	2
5	226	157	14	0	0	*	2
6	266	158	15	0	0	*	2
7	306	160	15	0	0	*	2
8	346	162	16	0	0	*	2
9	386	165	17	0	0	*	2
10	426	167	18	0	0	*	2
11	466	170	19	0	0	*	2
12	506	172	20	0	0	*	2
13	546	174	22	0	0	*	2
14	586	177	23	0	0	*	2
15	626	179	24	0	0	*	2
16	666	182	26	0	0	*	2
17	706	184	28	0	0	*	2
18	746	186	30	0	0	*	2
19	786	189	32	0	0	*	2
20	826	191	34	0	0	*	2
21	866	193	36	0	0	*	2
22	906	195	39	0	0	*	2
23	946	197	41	0	0	*	2
24	986	200	44	0	0	*	2
25	1026	202	46	0	0	*	2
26	1066	204	48	0	0	*	2
27	1106	206	52	0	0	*	2
28	1146	207	55	0	0	*	2
29	1186	209	58	0	0	*	2
30	1226	210	61	0	0	*	2
31	1266	212	64	0	0	*	2
32	1306	213	68	0	0	*	2
33	1346	215	71	0	0	*	2
34	1386	216	75	0	0	*	2
35	1426	217	78	0	0	*	2
36	1466	218	82	0	0	*	2
37	1506	219	86	0	0	*	2
38	1546	219	89	0	0	*	2
39	1586	220	93	0	0	*	2
40	1626	221	96	0	0	*	2
41	1666	221	100	0	0	*	2
42	1706	221	105	0	0	*	2
43	1746	221	108	0	0	*	2
44	1786	221	112	0	0	*	2
45	1826	222	116	0	0	*	2
46	1866	222	119	0	0	*	2
47	1906	222	124	0	0	*	2
48	1946	221	127	0	0	*	2
49	1986	221	131	0	0	*	2
50	2026	221	135	0	0	*	2
51	2066	221	139	0	0	*	2
52	2106	221	143	0	0	*	2
53	2146	220	146	0	0	*	2
54	2186	220	150	0	0	*	2
55	2226	220	154	0	0	*	2
56	2266	219	157	0	0	*	2
57	2306	219	161	0	0	*	2
58	2346	219	164	0	0	*	2
59	2386	218	168	0	0	*	2
60	2426	218	172	0	0	*	2
61	2466	217	175	0	0	*	2
62	2506	216	179	0	0	*	2
63	2546	215	182	0	0	*	2
64	2586	214	185	0	0	*	2
65	2626	213	189	0	0	*	2
66	2666	211	192	0	0	*	2
67	2706	210	195	0	0	*	2
68	2746	209	198	0	0	*	2
69	2786	207	202	0	0	*	2
70	2826	206	204	0	0	*	2
71	2866	204	208	0	0	*	2
72	2906	202	210	0	0	*	2
73	2946	200	213	0	0	*	2
74	2986	199	216	0	0	*	2
75	3026	197	219	0	0	*	2
76	3066	195	221	0	0	*	2
77	3106	193	225	0	0	*	2
78	3146	191	227	0	0	*	2
79	3186	189	230	0	0	*	2
80	3226	187	232	0	0	*	2
81	3266	184	233	0	0	*	2
82	3306	182	235	0	0	*	2
83	3346	180	236	0	0	*	2
84	3386	178	237	0	0	*	2
85	3426	175	238	0	0	*	2
86	3466	172	239	0	0	*	2
87	3506	170	240	0	0	*	2
88	3546	168	241	0	0	*	2
89	3586	165	242	0	0	*	2
90	3626	162	242	0	0	*	2
91	3666	160	243	0	0	*	2
92	3706	157	243	0	0	*	2
93	3746	155	244	0	0	*	2
94	3786	152	244	0	0	*	2
95	3826	149	245	0	0	*	2
96	3866	147	246	0	0	*	2
97	3906	145	246	0	0	*	2
98	3946	142	247	0	0	*	2
99	3986	139	247	0	0	*	2
100	4026	137	247	0	0	*	2
101	4066	135	248	0	0	*	2
102	4106	133	248	0	0	*	2
103	4146	130	248	0	0	*	2
104	4186	127	248	0	0	*	2
105	4226	125	247	0	0	*	2
106	4266	122	247	0	0	*	2
107	4306	119	247	0	0	*	2
108	4346	117	247	0	0	*	2
109	4386	114	246	0	0	*	2
110	4426	111	246	0	0	*	2
111	4466	109	245	0	0	*	2
112	4506	106	245	0	0	*	2
113	4546	103	244	0	0	*	2
114	4586	100	244	0	0	*	2
115	4626	97	243	0	0	*	2
116	4666	95	243	0	0	*	2
117	4706	93	242	0	0	*	2
118	4746	90	241	0	0	*	2
119	4786	87	241	0	0	*	2
120	4826	85	240	0	0	*	2
121	4866	82	239	0	0	*	2
122	4906	80	238	0	0	*	2
123	4946	77	237	0	0	*	2
124	4986	75	236	0	0	*	2
125	5026	73	235	0	0	*	2
126	5066	70	233	0	0	*	2
127	5106	68	232	0	0	*	2
128	5146	66	231	0	0	*	2
129	5186	63	230	0	0	*	2
130	5226	61	228	0	0	*	2
131	5266	59	227	0	0	*	2
132	5306	57	225	0	0	*	2
133	5346	55	223	0	0	*	2
134	5386	53	222	0	0	*	2
135	5426	50	220	0	0	*	2
136	5466	48	218	0	0	*	2
137	5506	47	217	0	0	*	2
138	5546	44	215	0	0	*	2
139	5586	42	213	0	0	*	2
140	5626	40	211	0	0	*	2
141	5666	38	209	0	0	*	2
142	5706	36	208	0	0	*	2
143	5746	35	206	0	0	*	2
144	5786	33	204	0	0	*	2
145	5826	31	201	0	0	*	2
146	5866	29	199	0	0	*	2
147	5906	28	197	0	0	*	2
148	5946	26	195	0	0	*	2
149	5986	24	193	0	0	*	2
150	6026	23	190	0	0	*	2
151	6066	22	188	0	0	*	2
152	6106	24	191	0	0	*	2
153	6146	23	189	0	0	*	2
154	6186	18	181	0	0	*	2
155	6226	16	179	0	0	*	2
156	6266	15	176	0	0	*	2
157	6306	14	174	0	0	*	2
158	6346	13	171	0	0	*	2
159	6386	15	174	0	0	*	2
160	6426	14	171	0	0	*	2
161	6466	10	163	0	0	*	2
162	6506	10	160	0	0	*	2
163	6546	12	164	0	0	*	2
164	6586	8	155	0	0	*	2
165	6626	7	152	0	0	*	2
166	6666	9	156	0	0	*	2
167	6706	6	146	0	0	*	2
168	6746	5	143	0	0	*	2
169	6786	5	141	0	0	*	2
170	6826	5	138	0	0	*	2
171	6866	6	142	0	0	*	2
172	6906	6	139	0	0	*	2
173	6946	4	130	0	0	*	2
174	6986	4	127	0	0	*	2
175	7026	4	124	0	0	*	2
176	7066	5	130	0	0	*	2
177	7106	5	126	0	0	*	2
178	7146	5	123	0	0	*	2
179	7186	5	121	0	0	*	2
180	7226	5	118	0	0	*	2
181	7266	5	108	0	0	*	2
182	7306	5	105	0	0	*	2
183	7346	6	103	0	0	*	2
184	7386	6	107	0	0	*	2
185	7426	7	104	0	0	*	2
186	7466	8	94	0	0	*	2
187	7506	9	92	0	0	*	2
188	7546	10	89	0	0	*	2
189	7586	11	86	0	0	*	2
190	7626	12	83	0	0	*	2
191	7666	12	80	0	0	*	2
192	7706	13	78	0	0	*	2
193	7746	15	75	0	0	*	2
194	7786	16	72	0	0	*	2
195	7826	17	70	0	0	*	2
196	7866	19	67	0	0	*	2
197	7906	20	65	0	0	*	2
198	7946	22	62	0	0	*	2
199	7986	23	59	0	0	*	2
200	8026	24	57	0	0	*	2
201	8066	26	54	0	0	*	2
202	8106	28	52	0	0	*	2
203	8146	30	50	0	0	*	2
204	8186	32	47	0	0	*	2
205	8226	34	45	0	0	*	2
206	8266	36	43	0	0	*	2
207	8306	37	41	0	0	*	2
208	8346	39	38	0	0	*	2
209	8386	41	37	0	0	*	2
210	8426	43	35	0	0	*	2
211	8466	45	33	0	0	*	2
212	8506	48	31	0	0	*	2
213	8546	49	29	0	0	*	2
214	8586	52	27	0	0	*	2
215	8626	54	26	0	0	*	2
216	8666	56	24	0	0	*	2
217	8706	58	23	0	0	*	2
218	8746	61	22	0	0	*	2
219	8786	63	20	0	0	*	2
220	8826	65	19	0	0	*	2
221	8866	68	17	0	0	*	2
222	8906	70	16	0	0	*	2
223	8946	72	15	0	0	*	2
224	8986	74	14	0	0	*	2
225	9026	77	13	0	0	*	2
226	9066	79	12	0	0	*	2
227	9106	82	11	0	0	*	2
228	9146	85	10	0	0	*	2
229	9186	87	9	0	0	*	2
230	9226	90	8	0	0	*	2
231	9266	93	7	0	0	*	2
232	9306	95	6	0	0	*	2
233	9346	97	6	0	0	*	2
234	9386	100	5	0	0	*	2
235	9426	103	4	0	0	*	2
236	9466	106	4	0	0	*	2
237	9506	109	3	0	0	*	2
238	9546	111	3	0	0	*	2
239	9586	114	2	0	0	*	2
240	9626	117	2	0	0	*	2
241	9666	119	2	0	0	*	2
242	9706	122	2	0	0	*	2
243	9746	125	2	0	0	*	2
244	9786	128	2	0	0	*	2
245	9826	131	2	0	0	*	2
246	9866	134	2	0	0	*	2
247	9906	136	2	0	0	*	2
248	9946	139	2	0	0	*	2
249	9986	142	3	0	0	*	2
250	10026	144	3	0	0	*	2
251	10066	146	4	0	0	*	2
252	10106	149	4	0	0	*	2
253	10146	152	4	0	0	*	2
254	10186	154	5	0	0	*	2
255	10226	156	5	0	0	*	2
256	10266	159	6	0	0	*	2
257	10306	161	7	0	0	*	2
258	10346	164	8	0	0	*	2
259	10386	166	8	0	0	*	2
260	10426	169	9	0	0	*	2
261	10466	170	10	0	0	*	2
262	10506	173	11	0	0	*	2
263	10546	175	12	0	0	*	2
264	10586	177	13	0	0	*	2
265	10626	180	14	0	0	*	2
266	10666	182	15	0	0	*	2
267	10706	184	16	0	0	*	2
268	10746	186	17	0	0	*	2
269	10786	188	18	0	0	*	2
270	10826	191	20	0	0	*	2
271	10866	193	21	0	0	*	2
272	10906	195	22	0	0	*	2
273	10946	197	23	0	0	*	2
274	10986	199	25	0	0	*	2
275	11026	201	26	0	0	*	2
276	11066	203	28	0	0	*	2
277	11106	205	29	0	0	*	2
278	11146	206	31	0	0	*	2
279	11186	193	24	0	0	*	2
280	11226	195	26	0	0	*	2
281	11266	198	27	0	0	*	2
282	11306	200	29	0	0	*	2
283	11346	217	41	0	0	*	2
284	11386	219	43	0	0	*	2
285	11426	220	45	0	0	*	2
286	11466	221	46	0	0	*	2
287	11506	222	48	0	0	*	2
288	11546	224	50	0	0	*	2
289	11586	226	53	0	0	*	2
290	11626	228	55	0	0	*	2
291	11666	230	58	0	0	*	2
292	11706	231	60	0	0	*	2
293	11746	233	62	0	0	*	2
294	11786	234	65	0	0	*	2
295	11826	236	67	0	0	*	2
296	11866	237	70	0	0	*	2
297	11906	239	72	0	0	*	2
298	11946	240	75	0	0	*	2
299	11986	241	77	0	0	*	2
300	12026	243	80	0	0	*	2
301	12066	243	82	0	0	*	2
302	12106	244	85	0	0	*	2
303	12146	245	88	0	0	*	2
304	12186	246	90	0	0	*	2
305	12226	247	93	0	0	*	2
306	12266	248	96	0	0	*	2
307	12306	248	99	0	0	*	2
308	12346	249	102	0	0	*	2
309	12386	249	104	0	0	*	2
310	12426	250	107	0	0	*	2
311	12466	250	110	0	0	*	2
312	12506	251	113	0	0	*	2
313	12546	251	116	0	0	*	2
314	12586	251	118	0	0	*	2
315	12626	251	121	0	0	*	2
316	12666	250	118	0	0	*	2
317	12706	250	121	0	0	*	2
318	12746	251	130	0	0	*	2
319	12786	251	133	0	0	*	2
320	12826	251	136	0	0	*	2
321	12866	250	139	0	0	*	2
322	12906	250	135	0	0	*	2
323	12946	249	138	0	0	*	2
324	12986	249	147	0	0	*	2
325	13026	249	149	0	0	*	2
326	13066	248	152	0	0	*	2
327	13106	247	155	0	0	*	2
328	13146	247	152	0	0	*	2
329	13186	246	154	0	0	*	2
330	13226	245	163	0	0	*	2
331	13266	244	166	0	0	*	2
332	13306	243	168	0	0	*	2
333	13346	242	171	0	0	*	2
334	13386	242	167	0	0	*	2
335	13426	241	170	0	0	*	2
336	13466	239	178	0	0	*	2
337	13506	238	181	0	0	*	2
338	13546	237	183	0	0	*	2
339	13586	235	185	0	0	*	2
340	13626	234	187	0	0	*	2
341	13666	234	184	0	0	*	2
342	13706	231	191	0	0	*	2
343	13746	230	194	0	0	*	2
344	13786	231	190	0	0	*	2
345	13826	227	198	0	0	*	2
346	13866	225	201	0	0	*	2
347	13906	223	203	0	0	*	2
348	13946	222	205	0	0	*	2
349	13986	220	207	0	0	*	2
350	14026	219	209	0	0	*	2
351	14066	217	210	0	0	*	2
352	14106	215	212	0	0	*	2
353	14146	213	214	0	0	*	2
354	14186	211	216	0	0	*	2
355	14226	209	218	0	0	*	2
356	14266	207	220	0	0	*	2
357	14306	205	221	0	0	*	2
358	14346	203	223	0	0	*	2
359	14386	201	225	0	0	*	2
360	14426	199	226	0	0	*	2
361	14466	197	228	0	0	*	2
362	14506	194	229	0	0	*	2
363	14546	192	230	0	0	*	2
364	14586	190	232	0	0	*	2
365	14626	187	233	0	0	*	2
366	14666	185	234	0	0	*	2
367	14706	183	235	0	0	*	2
368	14746	181	236	0	0	*	2
369	14786	178	237	0	0	*	2
370	14826	176	238	0	0	*	2
371	14866	173	239	0	0	*	2
372	14906	171	240	0	0	*	2
373	14946	169	241	0	0	*	2
374	14986	166	242	0	0	*	2
375	15026	163	243	0	0	*	2
376	15066	161	244	0	0	*	2
377	15106	158	244	0	0	*	2
378	15146	156	245	0	0	*	2
379	15186	154	245	0	0	*	2
380	15226	151	246	0	0	*	2
381	15266	148	247	0	0	*	2
382	15306	146	247	0	0	*	2
383	15346	143	247	0	0	*	2
384	15386	140	248	0	0	*	2
385	15426	138	248	0	0	*	2
386	15466	135	248	0	0	*	2
387	15506	133	248	0	0	*	2
388	15546	131	248	0	0	*	2
389	15586	128	248	0	0	*	2
390	15626	125	248	0	0	*	2
391	15666	123	248	0	0	*	2
392	15706	121	248	0	0	*	2
393	15746	118	247	0	0	*	2
394	15786	116	247	0	0	*	2
395	15826	114	247	0	0	*	2
396	15866	111	246	0	0	*	2
397	15906	109	246	0	0	*	2
398	15946	107	246	0	0	*	2
399	15986	104	246	0	0	*	2
400	16026	102	245	0	0	*	2
401	16066	99	245	0	0	*	2
402	16106	97	244	0	0	*	2
403	16146	94	244	0	0	*	2
404	16186	92	243	0	0	*	2
405	16226	89	243	0	0	*	2
406	16266	87	242	0	0	*	2
407	16306	85	241	0	0	*	2
408	16346	82	240	0	0	*	2
409	16386	80	239	0	0	*	2
410	16426	78	238	0	0	*	2
411	16466	75	237	0	0	*	2
412	16506	73	236	0	0	*	2
413	16546	71	234	0	0	*	2
414	16586	69	233	0	0	*	2
415	16626	66	232	0	0	*	2
416	16666	64	231	0	0	*	2
417	16706	62	229	0	0	*	2
418	16746	60	228	0	0	*	2
419	16786	58	226	0	0	*	2
420	16826	56	225	0	0	*	2
421	16866	53	223	0	0	*	2
422	16906	51	222	0	0	*	2
423	16946	49	220	0	0	*	2
424	16986	47	218	0	0	*	2
425	17026	45	216	0	0	*	2
426	17066	43	215	0	0	*	2
427	17106	41	212	0	0	*	2
428	17146	39	211	0	0	*	2
429	17186	37	209	0	0	*	2
430	17226	36	207	0	0	*	2
431	17266	34	205	0	0	*	2
432	17306	32	203	0	0	*	2
433	17346	30	201	0	0	*	2
434	17386	28	199	0	0	*	2
435	17426	27	197	0	0	*	2
436	17466	25	195	0	0	*	2
437	17506	24	192	0	0	*	2
438	17546	23	190	0	0	*	2
439	17586	25	192	0	0	*	2
440	17626	24	190	0	0	*	2
441	17666	18	183	0	0	*	2
442	17706	17	181	0	0	*	2
443	17746	16	178	0	0	*	2
444	17786	15	176	0	0	*	2
445	17826	18	178	0	0	*	2
446	17866	17	176	0	0	*	2
447	17906	16	174	0	0	*	2
448	17946	11	166	0	0	*	2
449	17986	10	163	0	0	*	2
450	18026	13	166	0	0	*	2
451	18066	9	158	0	0	*	2
452	18106	11	161	0	0	*	2
453	18146	11	159	0	0	*	2
454	18186	7	151	0	0	*	2
455	18226	6	148	0	0	*	2
456	18266	8	152	0	0	*	2
457	18306	8	149	0	0	*	2
458	18346	5	140	0	0	*	2
459	18386	7	144	0	0	*	2
460	18426	4	135	0	0	*	2
461	18466	4	132	0	0	*	2
462	18506	4	129	0	0	*	2
463	18546	4	126	0	0	*	2
464	18586	4	124	0	0	*	2
465	18626	4	121	0	0	*	2
466	18666	4	118	0	0	*	2
467	18706	4	116	0	0	*	2
468	18746	4	113	0	0	*	2
469	18786	5	110	0	0	*	2
470	18826	5	107	0	0	*	2
471	18866	5	105	0	0	*	2
472	18906	6	102	0	0	*	2
473	18946	7	99	0	0	*	2
474	18986	7	96	0	0	*	2
475	19026	8	94	0	0	*	2
476	19066	9	98	0	0	*	2
477	19106	10	88	0	0	*	2
478	19146	10	93	0	0	*	2
479	19186	11	83	0	0	*	2
480	19226	12	81	0	0	*	2
481	19266	13	78	0	0	*	2
482	19306	14	76	0	0	*	2
483	19346	14	80	0	0	*	2
484	19386	16	78	0	0	*	2
485	19426	18	69	0	0	*	2
486	19466	19	66	0	0	*	2
487	19506	21	64	0	0	*	2
488	19546	20	68	0	0	*	2
489	19586	23	59	0	0	*	2
490	19626	24	57	0	0	*	2
491	19666	26	54	0	0	*	2
492	19706	28	52	0	0	*	2
493	19746	30	50	0	0	*	2
494	19786	31	47	0	0	*	2
495	19826	33	46	0	0	*	2
496	19866	35	44	0	0	*	2
497	19906	36	41	0	0	*	2
498	19946	38	40	0	0	*	2
499	19986	40	37	0	0	*	2
500	20026	43	35	0	0	*	2
501	20066	45	34	0	0	*	2
502	20106	47	32	0	0	*	2
503	20146	49	30	0	0	*	2
504	20186	51	28	0	0	*	2
505	20226	53	26	0	0	*	2
506	20266	55	25	0	0	*	2
507	20306	58	23	0	0	*	2
508	20346	60	22	0	0	*	2
509	20386	62	20	0	0	*	2
510	20426	65	19	0	0	*	2
511	20466	68	18	0	0	*	2
512	20506	70	16	0	0	*	2
513	20546	73	15	0	0	*	2
514	20586	75	14	0	0	*	2
515	20626	78	12	0	0	*	2
516	20666	81	11	0	0	*	2
517	20706	84	10	0	0	*	2
518	20746	86	9	0	0	*	2
519	20786	89	8	0	0	*	2
520	20826	92	7	0	0	*	2
521	20866	94	6	0	0	*	2
522	20906	97	6	0	0	*	2
523	20946	100	5	0	0	*	2
524	20986	103	4	0	0	*	2
525	21026	106	4	0	0	*	2
526	21066	109	3	0	0	*	2
527	21106	111	3	0	0	*	2
528	21146	114	3	0	0	*	2
529	21186	118	2	0	0	*	2
530	21226	120	2	0	0	*	2
531	21266	123	2	0	0	*	2
532	21306	126	2	0	0	*	2
533	21346	130	2	0	0	*	2
534	21386	133	2	0	0	*	2
535	21426	136	2	0	0	*	2
536	21466	138	2	0	0	*	2
537	21506	142	3	0	0	*	2
538	21546	145	3	0	0	*	2
539	21586	148	4	0	0	*	2
540	21626	151	4	0	0	*	2
541	21666	154	5	0	0	*	2
542	21706	157	6	0	0	*	2
543	21746	160	6	0	0	*	2
544	21786	162	7	0	0	*	2
545	21826	166	8	0	0	*	2
546	21866	169	9	0	0	*	2
547	21906	171	10	0	0	*	2
548	21946	174	11	0	0	*	2
549	21986	177	13	0	0	*	2
550	22026	180	14	0	0	*	2
551	22066	182	15	0	0	*	2
552	22106	185	17	0	0	*	2
553	22146	187	18	0	0	*	2
554	22186	190	19	0	0	*	2
555	22226	193	21	0	0	*	2
556	22266	194	23	0	0	*	2
557	22306	197	24	0	0	*	2
558	22346	199	25	0	0	*	2
559	22386	202	27	0	0	*	2
560	22426	204	29	0	0	*	2
561	22466	206	31	0	0	*	2
562	22506	208	33	0	0	*	2
563	22546	210	34	0	0	*	2
564	22586	212	36	0	0	*	2
565	22626	214	38	0	0	*	2
566	22666	216	40	0	0	*	2
567	22706	218	42	0	0	*	2
568	22746	219	44	0	0	*	2
569	22786	220	46	0	0	*	2
570	22826	221	47	0	0	*	2
571	22866	223	49	0	0	*	2
572	22906	224	52	0	0	*	2
573	22946	226	54	0	0	*	2
574	22986	228	56	0	0	*	2
575	23026	230	59	0	0	*	2
576	23066	231	61	0	0	*	2
577	23106	233	63	0	0	*	2
578	23146	234	65	0	0	*	2
579	23186	235	67	0	0	*	2
580	23226	237	70	0	0	*	2
581	23266	239	72	0	0	*	2
582	23306	240	74	0	0	*	2
583	23346	241	77	0	0	*	2
584	23386	242	79	0	0	*	2
585	23426	243	82	0	0	*	2
586	23466	244	84	0	0	*	2
587	23506	245	87	0	0	*	2
588	23546	246	90	0	0	*	2
589	23586	246	92	0	0	*	2
590	23626	247	94	0	0	*	2
591	23666	248	97	0	0	*	2
592	23706	248	100	0	0	*	2
593	23746	249	103	0	0	*	2
594	23786	249	105	0	0	*	2
595	23826	250	108	0	0	*	2
596	23866	250	111	0	0	*	2
597	23906	250	114	0	0	*	2
598	23946	251	116	0	0	*	2
599	23986	251	119	0	0	*	2
600	24026	251	122	0	0	*	2
601	24066	251	125	0	0	*	2
602	24106	251	128	0	0	*	2
603	24146	251	131	0	0	*	2
604	24186	251	134	0	0	*	2
605	24226	250	132	0	0	*	2
606	24266	250	139	0	0	*	2
607	24306	250	142	0	0	*	2
608	24346	250	145	0	0	*	2
609	24386	249	148	0	0	*	2
610	24426	248	145	0	0	*	2
611	24466	247	148	0	0	*	2
612	24506	247	156	0	0	*	2
613	24546	246	160	0	0	*	2
614	24586	245	162	0	0	*	2
615	24626	244	164	0	0	*	2
616	24666	244	162	0	0	*	2
617	24706	243	170	0	0	*	2
618	24746	242	173	0	0	*	2
619	24786	241	176	0	0	*	2
620	24826	239	178	0	0	*	2
621	24866	238	181	0	0	*	2
622	24906	238	177	0	0	*	2
623	24946	235	186	0	0	*	2
624	24986	234	188	0	0	*	2
625	25026	232	191	0	0	*	2
626	25066	231	193	0	0	*	2
627	25106	229	196	0	0	*	2
628	25146	227	198	0	0	*	2
629	25186	226	200	0	0	*	2
630	25226	224	203	0	0	*	2
631	25266	222	205	0	0	*	2
632	25306	220	206	0	0	*	2
633	25346	218	209	0	0	*	2
634	25386	216	210	0	0	*	2
635	25426	214	212	0	0	*	2
636	25466	212	215	0	0	*	2
637	25506	210	217	0	0	*	2
638	25546	208	218	0	0	*	2
639	25586	206	220	0	0	*	2
640	25626	204	222	0	0	*	2
641	25666	202	224	0	0	*	2
642	25706	199	226	0	0	*	2
643	25746	197	227	0	0	*	2
644	25786	194	229	0	0	*	2
645	25826	192	231	0	0	*	2
646	25866	190	232	0	0	*	2
647	25906	187	233	0	0	*	2
648	25946	184	235	0	0	*	2
649	25986	182	236	0	0	*	2
650	26026	180	237	0	0	*	2
651	26066	177	238	0	0	*	2
652	26106	175	239	0	0	*	2
653	26146	172	240	0	0	*	2
654	26186	170	241	0	0	*	2
655	26226	167	242	0	0	*	2
656	26266	164	243	0	0	*	2
657	26306	161	244	0	0	*	2
658	26346	159	244	0	0	*	2
659	26386	156	245	0	0	*	2
660	26426	154	246	0	0	*	2
661	26466	151	246	0	0	*	2
662	26506	148	247	0	0	*	2
663	26546	146	247	0	0	*	2
664	26586	143	247	0	0	*	2
665	26626	140	248	0	0	*	2
666	26666	137	248	0	0	*	2
667	26706	135	248	0	0	*	2
668	26746	133	248	0	0	*	2
669	26786	130	248	0	0	*	2
670	26826	127	248	0	0	*	2
671	26866	124	248	0	0	*	2
672	26906	122	248	0	0	*	2
673	26946	120	247	0	0	*	2
674	26986	117	247	0	0	*	2
675	27026	114	247	0	0	*	2
676	27066	112	246	0	0	*	2
677	27106	109	246	0	0	*	2
678	27146	107	246	0	0	*	2
679	27186	104	245	0	0	*	2
680	27226	102	245	0	0	*	2
681	27266	99	244	0	0	*	2
682	27306	97	244	0	0	*	2
683	27346	94	244	0	0	*	2
684	27386	92	243	0	0	*	2
685	27426	89	242	0	0	*	2
686	27466	86	241	0	0	*	2
687	27506	84	241	0	0	*	2
688	27546	82	240	0	0	*	2
689	27586	79	239	0	0	*	2
690	27626	77	237	0	0	*	2
691	27666	74	236	0	0	*	2
692	27706	72	235	0	0	*	2
693	27746	70	233	0	0	*	2
694	27786	67	232	0	0	*	2
695	27826	65	231	0	0	*	2
696	27866	63	230	0	0	*	2
697	27906	61	228	0	0	*	2
698	27946	58	227	0	0	*	2
699	27986	56	225	0	0	*	2
700	28026	54	224	0	0	*	2
701	28066	52	222	0	0	*	2
702	28106	50	220	0	0	*	2
703	28146	47	218	0	0	*	2
704	28186	45	216	0	0	*	2
705	28226	43	215	0	0	*	2
706	28266	41	213	0	0	*	2
707	28306	39	210	0	0	*	2
708	28346	37	209	0	0	*	2
709	28386	35	207	0	0	*	2
710	28426	33	204	0	0	*	2
711	28466	31	202	0	0	*	2
712	28506	29	200	0	0	*	2
713	28546	27	198	0	0	*	2
714	28586	26	195	0	0	*	2
715	28626	24	193	0	0	*	2
716	28666	23	190	0	0	*	2
717	28706	22	188	0	0	*	2
718	28746	20	186	0	0	*	2
719	28786	19	183	0	0	*	2
720	28826	17	181	0	0	*	2
721	28866	20	183	0	0	*	2
722	28906	19	181	0	0	*	2
723	28946	18	178	0	0	*	2
724	28986	12	171	0	0	*	2
725	29026	12	168	0	0	*	2
726	29066	11	165	0	0	*	2
727	29106	13	168	0	0	*	2
728	29146	12	165	0	0	*	2
729	29186	12	163	0	0	*	2
730	29226	8	156	0	0	*	2
731	29266	7	153	0	0	*	2
732	29306	6	150	0	0	*	2
733	29346	6	148	0	0	*	2
734	29386	9	150	0	0	*	2
735	29426	8	148	0	0	*	2
736	29466	7	145	0	0	*	2
737	29506	4	137	0	0	*	2
738	29546	4	134	0	0	*	2
739	29586	6	138	0	0	*	2
740	29626	6	135	0	0	*	2
741	29666	6	132	0	0	*	2
742	29706	4	123	0	0	*	2
743	29746	4	120	0	0	*	2
744	29786	4	117	0	0	*	2
745	29826	4	115	0	0	*	2
746	29866	5	112	0	0	*	2
747	29906	5	110	0	0	*	2
748	29946	5	107	0	0	*	2
749	29986	6	104	0	0	*	2
750	30026	6	102	0	0	*	2
751	30066	7	99	0	0	*	2
752	30106	8	96	0	0	*	2
753	30146	8	93	0	0	*	2
754	30186	9	91	0	0	*	2
755	30226	10	88	0	0	*	2
756	30266	11	86	0	0	*	2
757	30306	12	83	0	0	*	2
758	30346	13	80	0	0	*	2
759	30386	14	77	0	0	*	2
760	30426	15	74	0	0	*	2
761	30466	16	71	0	0	*	2
762	30506	18	69	0	0	*	2
763	30546	19	66	0	0	*	2
764	30586	19	71	0	0	*	2
765	30626	22	61	0	0	*	2
766	30666	24	59	0	0	*	2
767	30706	25	56	0	0	*	2
768	30746	26	54	0	0	*	2
769	30786	28	51	0	0	*	2
770	30826	30	49	0	0	*	2
771	30866	32	46	0	0	*	2
772	30906	34	45	0	0	*	2
773	30946	36	43	0	0	*	2
774	30986	37	41	0	0	*	2
775	31026	39	39	0	0	*	2
776	31066	41	37	0	0	*	2
777	31106	43	35	0	0	*	2
778	31146	45	33	0	0	*	2
779	31186	47	31	0	0	*	2
780	31226	49	29	0	0	*	2
781	31266	52	28	0	0	*	2
782	31306	54	26	0	0	*	2
783	31346	56	24	0	0	*	2
784	31386	58	23	0	0	*	2
785	31426	61	22	0	0	*	2
786	31466	63	20	0	0	*	2
787	31506	65	19	0	0	*	2
788	31546	67	18	0	0	*	2
789	31586	70	16	0	0	*	2
790	31626	73	15	0	0	*	2
791	31666	75	14	0	0	*	2
792	31706	77	13	0	0	*	2
793	31746	80	12	0	0	*	2
794	31786	82	11	0	0	*	2
795	31826	85	10	0	0	*	2
796	31866	86	9	0	0	*	2
797	31906	89	8	0	0	*	2
798	31946	92	8	0	0	*	2
799	31986	94	7	0	0	*	2
800	32026	97	6	0	0	*	2
801	32066	99	5	0	0	*	2
802	32106	102	5	0	0	*	2
803	32146	104	5	0	0	*	2
804	32186	107	4	0	0	*	2
805	32226	109	3	0	0	*	2
806	32266	112	3	0	0	*	2
807	32306	115	3	0	0	*	2
808	32346	117	3	0	0	*	2
809	32386	120	2	0	0	*	2
810	32426	123	2	0	0	*	2
811	32466	125	2	0	0	*	2
812	32506	128	2	0	0	*	2
813	32546	131	2	0	0	*	2
814	32586	134	2	0	0	*	2
815	32626	136	2	0	0	*	2
816	32666	139	3	0	0	*	2
817	32706	142	3	0	0	*	2
818	32746	145	3	0	0	*	2
819	32786	147	4	0	0	*	2
820	32826	150	4	0	0	*	2
821	32866	153	5	0	0	*	2
822	32906	155	5	0	0	*	2
823	32946	158	6	0	0	*	2
824	32986	161	7	0	0	*	2
825	33026	163	7	0	0	*	2
826	33066	166	8	0	0	*	2
827	33106	169	9	0	0	*	2
828	33146	171	10	0	0	*	2
829	33186	173	11	0	0	*	2
830	33226	176	12	0	0	*	2
831	33266	178	13	0	0	*	2
832	33306	181	15	0	0	*	2
833	33346	183	16	0	0	*	2
834	33386	185	17	0	0	*	2
835	33426	188	18	0	0	*	2
836	33466	190	19	0	0	*	2
837	33506	192	21	0	0	*	2
838	33546	194	22	0	0	*	2
839	33586	196	23	0	0	*	2
840	33626	198	25	0	0	*	2
841	33666	200	26	0	0	*	2
842	33706	202	28	0	0	*	2
843	33746	204	29	0	0	*	2
844	33786	206	31	0	0	*	2
845	33826	206	32	0	0	*	2
846	33866	208	34	0	0	*	2
847	33906	210	36	0	0	*	2
848	33946	212	38	0	0	*	2
849	33986	214	40	0	0	*	2
850	34026	217	42	0	0	*	2
851	34066	219	44	0	0	*	2
852	34106	220	45	0	0	*	2
853	34146	221	46	0	0	*	2
854	34186	222	48	0	0	*	2
855	34226	223	50	0	0	*	2
856	34266	225	52	0	0	*	2
857	34306	227	55	0	0	*	2
858	34346	228	56	0	0	*	2
859	34386	230	58	0	0	*	2
860	34426	231	60	0	0	*	2
861	34466	232	63	0	0	*	2
862	34506	233	64	0	0	*	2
863	34546	235	66	0	0	*	2
864	34586	236	69	0	0	*	2
865	34626	237	70	0	0	*	2
866	34666	239	73	0	0	*	2
867	34706	240	75	0	0	*	2
868	34746	241	77	0	0	*	2
869	34786	242	80	0	0	*	2
870	34826	243	82	0	0	*	2
871	34866	243	84	0	0	*	2
872	34906	244	87	0	0	*	2
873	34946	245	90	0	0	*	2
874	34986	246	92	0	0	*	2
875	35026	247	94	0	0	*	2
876	35066	248	97	0	0	*	2
877	35106	248	99	0	0	*	2
878	35146	249	102	0	0	*	2
879	35186	249	105	0	0	*	2
880	35226	250	108	0	0	*	2
881	35266	250	111	0	0	*	2
882	35306	250	114	0	0	*	2
883	35346	251	116	0	0	*	2
884	35386	251	119	0	0	*	2
885	35426	251	122	0	0	*	2
886	35466	251	125	0	0	*	2
887	35506	251	128	0	0	*	2
888	35546	251	131	0	0	*	2
889	35586	251	134	0	0	*	2
890	35626	249	131	0	0	*	2
891	35666	250	140	0	0	*	2
892	35706	250	143	0	0	*	2
893	35746	249	146	0	0	*	2
894	35786	249	149	0	0	*	2
895	35826	248	146	0	0	*	2
896	35866	247	149	0	0	*	2
897	35906	247	152	0	0	*	2
898	35946	246	161	0	0	*	2
899	35986	245	163	0	0	*	2
900	36026	244	165	0	0	*	2
901	36066	243	162	0	0	*	2
902	36106	243	165	0	0	*	2
903	36146	241	173	0	0	*	2
904	36186	240	176	0	0	*	2
905	36226	239	177	0	0	*	2
906	36266	238	180	0	0	*	2
907	36306	238	178	0	0	*	2
908	36346	236	185	0	0	*	2
909	36386	234	186	0	0	*	2
910	36426	233	189	0	0	*	2
911	36466	232	190	0	0	*	2
912	36506	231	193	0	0	*	2
913	36546	229	195	0	0	*	2
914	36586	228	197	0	0	*	2
915	36626	226	199	0	0	*	2
916	36666	225	201	0	0	*	2
917	36706	223	202	0	0	*	2
918	36746	222	204	0	0	*	2
919	36786	220	206	0	0	*	2
920	36826	219	208	0	0	*	2
921	36866	217	210	0	0	*	2
922	36906	215	211	0	0	*	2
923	36946	213	213	0	0	*	2
924	36986	211	215	0	0	*	2
925	37026	209	217	0	0	*	2
926	37066	208	218	0	0	*	2
927	37106	206	220	0	0	*	2
928	37146	204	222	0	0	*	2
929	37186	202	223	0	0	*	2
930	37226	200	225	0	0	*	2
931	37266	198	226	0	0	*	2
932	37306	196	228	0	0	*	2
933	37346	194	230	0	0	*	2
934	37386	191	231	0	0	*	2
935	37426	189	232	0	0	*	2
936	37466	186	233	0	0	*	2
937	37506	184	234	0	0	*	2
938	37546	182	236	0	0	*	2
939	37586	180	237	0	0	*	2
940	37626	177	238	0	0	*	2
941	37666	174	239	0	0	*	2
942	37706	171	240	0	0	*	2
943	37746	169	241	0	0	*	2
944	37786	167	242	0	0	*	2
945	37826	164	243	0	0	*	2
946	37866	161	244	0	0	*	2
947	37906	158	244	0	0	*	2
948	37946	156	245	0	0	*	2
949	37986	153	246	0	0	*	2
950	38026	150	246	0	0	*	2
951	38066	147	247	0	0	*	2
952	38106	145	247	0	0	*	2
953	38146	142	247	0	0	*	2
954	38186	139	248	0	0	*	2
955	38226	136	248	0	0	*	2
956	38266	134	248	0	0	*	2
957	38306	131	248	0	0	*	2
958	38346	128	248	0	0	*	2
959	38386	125	248	0	0	*	2
960	38426	121	248	0	0	*	2
961	38466	119	248	0	0	*	2
962	38506	116	247	0	0	*	2
963	38546	113	247	0	0	*	2
964	38586	110	246	0	0	*	2
965	38626	107	246	0	0	*	2
966	38666	104	245	0	0	*	2
967	38706	102	245	0	0	*	2
968	38746	98	244	0	0	*	2
969	38786	96	244	0	0	*	2
970	38826	93	243	0	0	*	2
971	38866	90	242	0	0	*	2
972	38906	87	242	0	0	*	2
973	38946	85	241	0	0	*	2
974	38986	82	240	0	0	*	2
975	39026	79	239	0	0	*	2
976	39066	77	237	0	0	*	2
977	39106	74	236	0	0	*	2
978	39146	72	234	0	0	*	2
979	39186	70	233	0	0	*	2
980	39226	67	232	0	0	*	2
981	39266	64	230	0	0	*	2
982	39306	62	229	0	0	*	2
983	39346	60	227	0	0	*	2
984	39386	57	226	0	0	*	2
985	39426	55	224	0	0	*	2
986	39466	52	222	0	0	*	2
987	39506	50	221	0	0	*	2
988	39546	48	219	0	0	*	2
989	39586	46	217	0	0	*	2
990	39626	44	215	0	0	*	2
991	39666	42	213	0	0	*	2
992	39706	40	211	0	0	*	2
993	39746	38	209	0	0	*	2
994	39786	36	207	0	0	*	2
995	39826	34	205	0	0	*	2
996	39866	32	203	0	0	*	2
997	39906	31	201	0	0	*	2
998	39946	28	199	0	0	*	2
999	39986	27	197	0	0	*	2
1000	40026	25	194	0	0	*	2
1001	40066	24	192	0	0	*	2
1002	40106	22	189	0	0	*	2
1003	40146	21	187	0	0	*	2
1004	40186	19	185	0	0	*	2
1005	40226	18	182	0	0	*	2
1006	40266	16	179	0	0	*	2
1007	40306	15	177	0	0	*	2
1008	40346	14	174	0	0	*	2
1009	40386	13	171	0	0	*	2
1010	40426	12	168	0	0	*	2
1011	40466	11	165	0	0	*	2
1012	40506	10	163	0	0	*	2
1013	40546	9	160	0	0	*	2
1014	40586	8	157	0	0	*	2
1015	40626	11	161	0	0	*	2
1016	40666	7	152	0	0	*	2
1017	40706	6	149	0	0	*	2
1018	40746	6	146	0	0	*	2
1019	40786	5	143	0	0	*	2
1020	40826	5	139	0	0	*	2
1021	40866	4	137	0	0	*	2
1022	40906	4	134	0	0	*	2
1023	40946	4	131	0	0	*	2
1024	40986	4	128	0	0	*	2
1025	41026	4	126	0	0	*	2
1026	41066	4	123	0	0	*	2
1027	41106	5	127	0	0	*	2
1028	41146	4	117	0	0	*	2
1029	41186	4	115	0	0	*	2
1030	41226	4	112	0	0	*	2
1031	41266	5	109	0	0	*	2
1032	41306	5	106	0	0	*	2
1033	41346	7	111	0	0	*	2
1034	41386	6	101	0	0	*	2
1035	41426	7	98	0	0	*	2
1036	41466	8	95	0	0	*	2
1037	41506	9	93	0	0	*	2
1038	41546	9	90	0	0	*	2
1039	41586	10	87	0	0	*	2
1040	41626	11	85	0	0	*	2
1041	41666	12	82	0	0	*	2
1042	41706	13	79	0	0	*	2
1043	41746	14	77	0	0	*	2
1044	41786	15	74	0	0	*	2
1045	41826	16	71	0	0	*	2
1046	41866	17	69	0	0	*	2
1047	41906	19	67	0	0	*	2
1048	41946	20	64	0	0	*	2
1049	41986	22	62	0	0	*	2
1050	42026	24	59	0	0	*	2
1051	42066	25	57	0	0	*	2
1052	42106	26	54	0	0	*	2
1053	42146	28	52	0	0	*	2
1054	42186	30	50	0	0	*	2
1055	42226	32	47	0	0	*	2
1056	42266	34	45	0	0	*	2
1057	42306	35	44	0	0	*	2
1058	42346	37	41	0	0	*	2
1059	42386	39	39	0	0	*	2
1060	42426	41	37	0	0	*	2
1061	42466	43	35	0	0	*	2
1062	42506	45	33	0	0	*	2
1063	42546	47	31	0	0	*	2
1064	42586	49	29	0	0	*	2
1065	42626	52	27	0	0	*	2
1066	42666	54	26	0	0	*	2
1067	42706	57	24	0	0	*	2
1068	42746	59	23	0	0	*	2
1069	42786	61	21	0	0	*	2
1070	42826	63	20	0	0	*	2
1071	42866	66	18	0	0	*	2
1072	42906	69	17	0	0	*	2
1073	42946	71	16	0	0	*	2
1074	42986	73	14	0	0	*	2
1075	43026	76	13	0	0	*	2
1076	43066	79	12	0	0	*	2
1077	43106	81	11	0	0	*	2
1078	43146	84	10	0	0	*	2
1079	43186	87	9	0	0	*	2
1080	43226	89	8	0	0	*	2
1081	43266	92	7	0	0	*	2
1082	43306	95	6	0	0	*	2
1083	43346	98	6	0	0	*	2
1084	43386	100	5	0	0	*	2
1085	43426	103	4	0	0	*	2
1086	43466	106	4	0	0	*	2
1087	43506	109	3	0	0	*	2
1088	43546	111	3	0	0	*	2
1089	43586	115	2	0	0	*	2
1090	43626	117	2	0	0	*	2
1091	43666	120	2	0	0	*	2
1092	43706	123	2	0	0	*	2
1093	43746	125	2	0	0	*	2
1094	43786	128	2	0	0	*	2
1095	43826	131	2	0	0	*	2
1096	43866	134	2	0	0	*	2
1097	43906	136	2	0	0	*	2
1098	43946	139	3	0	0	*	2
1099	43986	142	3	0	0	*	2
1100	44026	145	3	0	0	*	2
1101	44066	147	4	0	0	*	2
1102	44106	150	4	0	0	*	2
1103	44146	153	5	0	0	*	2
1104	44186	156	5	0	0	*	2
1105	44226	158	6	0	0	*	2
1106	44266	161	7	0	0	*	2
1107	44306	164	8	0	0	*	2
1108	44346	166	8	0	0	*	2
1109	44386	169	9	0	0	*	2
1110	44426	171	10	0	0	*	2
1111	44466	174	11	0	0	*	2
1112	44506	176	12	0	0	*	2
1113	44546	179	13	0	0	*	2
1114	44586	181	15	0	0	*	2
1115	44626	183	16	0	0	*	2
1116	44666	186	17	0	0	*	2
1117	44706	188	18	0	0	*	2
1118	44746	190	20	0	0	*	2
1119	44786	193	21	0	0	*	2
1120	44826	195	23	0	0	*	2
1121	44866	197	24	0	0	*	2
1122	44906	200	26	0	0	*	2
1123	44946	201	27	0	0	*	2
1124	44986	203	28	0	0	*	2
1125	45026	205	30	0	0	*	2
1126	45066	206	32	0	0	*	2
1127	45106	194	26	0	0	*	2
1128	45146	197	28	0	0	*	2
1129	45186	199	30	0	0	*	2
1130	45226	201	31	0	0	*	2
1131	45266	218	42	0	0	*	2
1132	45306	219	44	0	0	*	2
1133	45346	221	46	0	0	*	2
1134	45386	222	48	0	0	*	2
1135	45426	212	40	0	0	*	2
1136	45466	214	42	0	0	*	2
1137	45506	216	44	0	0	*	2
1138	45546	229	58	0	0	*	2
1139	45586	231	60	0	0	*	2
1140	45626	232	63	0	0	*	2
1141	45666	233	64	0	0	*	2
1142	45706	235	67	0	0	*	2
1143	45746	237	70	0	0	*	2
1144	45786	238	72	0	0	*	2
1145	45826	240	75	0	0	*	2
1146	45866	241	78	0	0	*	2
1147	45906	242	80	0	0	*	2
1148	45946	243	82	0	0	*	2
1149	45986	244	85	0	0	*	2
1150	46026	245	88	0	0	*	2
1151	46066	246	90	0	0	*	2
1152	46106	246	93	0	0	*	2
1153	46146	247	95	0	0	*	2
1154	46186	248	97	0	0	*	2
1155	46226	248	100	0	0	*	2
1156	46266	249	103	0	0	*	2
1157	46306	249	105	0	0	*	2
1158	46346	250	108	0	0	*	2
1159	46386	250	110	0	0	*	2
1160	46426	250	113	0	0	*	2
1161	46466	251	116	0	0	*	2
1162	46506	251	118	0	0	*	2
1163	46546	251	121	0	0	*	2
1164	46586	251	123	0	0	*	2
1165	46626	251	126	0	0	*	2
1166	46666	251	128	0	0	*	2
1167	46706	251	131	0	0	*	2
1168	46746	251	134	0	0	*	2
1169	46786	250	136	0	0	*	2
1170	46826	250	139	0	0	*	2
1171	46866	250	141	0	0	*	2
1172	46906	249	143	0	0	*	2
1173	46946	249	146	0	0	*	2
1174	46986	249	149	0	0	*	2
1175	47026	248	151	0	0	*	2
1176	47066	247	154	0	0	*	2
1177	47106	246	157	0	0	*	2
1178	47146	246	159	0	0	*	2
1179	47186	245	161	0	0	*	2
1180	47226	244	164	0	0	*	2
1181	47266	244	166	0	0	*	2
1182	47306	243	169	0	0	*	2
1183	47346	242	166	0	0	*	2
1184	47386	241	174	0	0	*	2
1185	47426	240	176	0	0	*	2
1186	47466	239	179	0	0	*	2
1187	47506	238	181	0	0	*	2
1188	47546	236	183	0	0	*	2
1189	47586	235	186	0	0	*	2
1190	47626	234	188	0	0	*	2
1191	47666	232	190	0	0	*	2
1192	47706	231	192	0	0	*	2
1193	47746	230	195	0	0	*	2
1194	47786	228	197	0	0	*	2
1195	47826	226	199	0	0	*	2
1196	47866	225	201	0	0	*	2
1197	47906	223	203	0	0	*	2
1198	47946	221	205	0	0	*	2
1199	47986	219	208	0	0	*	2
1200	48026	218	209	0	0	*	2
1201	48066	216	211	0	0	*	2
1202	48106	214	213	0	0	*	2
1203	48146	212	214	0	0	*	2
1204	48186	210	216	0	0	*	2
1205	48226	208	218	0	0	*	2
1206	48266	206	220	0	0	*	2
1207	48306	204	221	0	0	*	2
1208	48346	202	223	0	0	*	2
1209	48386	200	225	0	0	*	2
1210	48426	198	226	0	0	*	2
1211	48466	196	228	0	0	*	2
1212	48506	194	229	0	0	*	2
1213	48546	192	231	0	0	*	2
1214	48586	189	232	0	0	*	2
1215	48626	187	233	0	0	*	2
1216	48666	185	234	0	0	*	2
1217	48706	182	235	0	0	*	2
1218	48746	180	237	0	0	*	2
1219	48786	178	238	0	0	*	2
1220	48826	175	239	0	0	*	2
1221	48866	172	240	0	0	*	2
1222	48906	170	241	0	0	*	2
1223	48946	168	241	0	0	*	2
1224	48986	165	242	0	0	*	2
1225	49026	163	243	0	0	*	2
1226	49066	160	243	0	0	*	2
1227	49106	158	244	0	0	*	2
1228	49146	155	245	0	0	*	2
1229	49186	152	246	0	0	*	2
1230	49226	150	246	0	0	*	2
1231	49266	147	247	0	0	*	2
1232	49306	145	247	0	0	*	2
1233	49346	141	247	0	0	*	2
1234	49386	139	248	0	0	*	2
1235	49426	136	248	0	0	*	2
1236	49466	134	248	0	0	*	2
1237	49506	131	248	0	0	*	2
1238	49546	128	248	0	0	*	2
1239	49586	125	248	0	0	*	2
1240	49626	122	248	0	0	*	2
1241	49666	121	247	0	0	*	2
1242	49706	118	247	0	0	*	2
1243	49746	115	247	0	0	*	2
1244	49786	112	246	0	0	*	2
1245	49826	109	246	0	0	*	2
1246	49866	107	246	0	0	*	2
1247	49906	105	245	0	0	*	2
1248	49946	103	245	0	0	*	2
1249	49986	99	245	0	0	*	2
1250	50026	97	244	0	0	*	2
1251	50066	95	243	0	0	*	2
1252	50106	92	243	0	0	*	2
1253	50146	89	242	0	0	*	2
1254	50186	87	242	0	0	*	2
1255	50226	85	241	0	0	*	2
1256	50266	82	240	0	0	*	2
1257	50306	80	239	0	0	*	2
1258	50346	78	238	0	0	*	2
1259	50386	75	237	0	0	*	2
1260	50426	73	236	0	0	*	2
1261	50466	71	234	0	0	*	2
1262	50506	69	233	0	0	*	2
1263	50546	67	232	0	0	*	2
1264	50586	65	231	0	0	*	2
1265	50626	62	229	0	0	*	2
1266	50666	61	228	0	0	*	2
1267	50706	59	227	0	0	*	2
1268	50746	56	225	0	0	*	2
1269	50786	54	224	0	0	*	2
1270	50826	52	222	0	0	*	2
1271	50866	50	220	0	0	*	2
1272	50906	48	219	0	0	*	2
1273	50946	46	217	0	0	*	2
1274	50986	44	215	0	0	*	2
1275	51026	42	213	0	0	*	2
1276	51066	40	212	0	0	*	2
1277	51106	38	210	0	0	*	2
1278	51146	36	208	0	0	*	2
1279	51186	35	207	0	0	*	2
1280	51226	33	204	0	0	*	2
1281	51266	31	202	0	0	*	2
1282	51306	29	200	0	0	*	2
1283	51346	28	198	0	0	*	2
1284	51386	26	196	0	0	*	2
1285	51426	25	194	0	0	*	2
1286	51466	23	192	0	0	*	2
1287	51506	22	189	0	0	*	2
1288	51546	21	187	0	0	*	2
1289	51586	19	185	0	0	*	2
1290	51626	18	182	0	0	*	2
1291	51666	17	180	0	0	*	2
1292	51706	15	178	0	0	*	2
1293	51746	14	175	0	0	*	2
1294	51786	14	173	0	0	*	2
1295	51826	12	170	0	0	*	2
1296	51866	15	174	0	0	*	2
1297	51906	11	165	0	0	*	2
1298	51946	10	163	0	0	*	2
1299	51986	9	160	0	0	*	2
1300	52026	9	158	0	0	*	2
1301	52066	8	155	0	0	*	2
1302	52106	11	159	0	0	*	2
1303	52146	10	157	0	0	*	2
1304	52186	6	147	0	0	*	2
1305	52226	5	145	0	0	*	2
1306	52266	5	142	0	0	*	2
1307	52306	5	139	0	0	*	2
1308	52346	7	144	0	0	*	2
1309	52386	7	141	0	0	*	2
1310	52426	7	139	0	0	*	2
1311	52466	4	129	0	0	*	2
1312	52506	4	127	0	0	*	2
1313	52546	4	124	0	0	*	2
1314	52586	6	128	0	0	*	2
1315	52626	6	126	0	0	*	2
1316	52666	6	123	0	0	*	2
1317	52706	4	114	0	0	*	2
1318	52746	5	111	0	0	*	2
1319	52786	5	109	0	0	*	2
1320	52826	7	113	0	0	*	2
1321	52866	7	110	0	0	*	2
1322	52906	7	108	0	0	*	2
1323	52946	7	99	0	0	*	2
1324	52986	8	96	0	0	*	2
1325	53026	8	93	0	0	*	2
1326	53066	9	92	0	0	*	2
1327	53106	10	95	0	0	*	2
1328	53146	11	87	0	0	*	2
1329	53186	11	84	0	0	*	2
1330	53226	12	82	0	0	*	2
1331	53266	13	79	0	0	*	2
1332	53306	14	77	0	0	*	2
1333	53346	15	75	0	0	*	2
1334	53386	15	80	0	0	*	2
1335	53426	16	78	0	0	*	2
1336	53466	18	68	0	0	*	2
1337	53506	19	66	0	0	*	2
1338	53546	21	64	0	0	*	2
1339	53586	22	62	0	0	*	2
1340	53626	24	59	0	0	*	2
1341	53666	23	65	0	0	*	2
1342	53706	26	55	0	0	*	2
1343	53746	27	53	0	0	*	2
1344	53786	29	51	0	0	*	2
1345	53826	31	49	0	0	*	2
1346	53866	32	47	0	0	*	2
1347	53906	34	45	0	0	*	2
1348	53946	35	43	0	0	*	2
1349	53986	37	41	0	0	*	2
1350	54026	39	39	0	0	*	2
1351	54066	40	37	0	0	*	2
1352	54106	42	35	0	0	*	2
1353	54146	44	34	0	0	*	2
1354	54186	46	32	0	0	*	2
1355	54226	48	30	0	0	*	2
1356	54266	50	29	0	0	*	2
1357	54306	52	27	0	0	*	2
1358	54346	54	26	0	0	*	2
1359	54386	56	24	0	0	*	2
1360	54426	58	23	0	0	*	2
1361	54466	60	22	0	0	*	2
1362	54506	62	20	0	0	*	2
1363	54546	64	19	0	0	*	2
1364	54586	66	18	0	0	*	2
1365	54626	69	17	0	0	*	2
1366	54666	66	21	0	0	*	2
1367	54706	73	15	0	0	*	2
1368	54746	75	14	0	0	*	2
1369	54786	77	13	0	0	*	2
1370	54826	79	12	0	0	*	2
1371	54866	82	11	0	0	*	2
1372	54906	84	10	0	0	*	2
1373	54946	86	9	0	0	*	2
1374	54986	88	9	0	0	*	2
1375	55026	91	8	0	0	*	2
1376	55066	93	7	0	0	*	2
1377	55106	95	6	0	0	*	2
1378	55146	98	6	0	0	*	2
1379	55186	100	5	0	0	*	2
1380	55226	102	5	0	0	*	2
1381	55266	105	4	0	0	*	2
1382	55306	108	4	0	0	*	2
1383	55346	110	3	0	0	*	2
1384	55386	112	3	0	0	*	2
1385	55426	115	2	0	0	*	2
1386	55466	117	2	0	0	*	2
1387	55506	120	2	0	0	*	2
1388	55546	123	2	0	0	*	2
1389	55586	125	2	0	0	*	2
1390	55626	129	2	0	0	*	2
1391	55666	131	2	0	0	*	2
1392	55706	133	2	0	0	*	2
1393	55746	136	2	0	0	*	2
1394	55786	139	3	0	0	*	2
1395	55826	141	3	0	0	*	2
1396	55866	144	3	0	0	*	2
1397	55906	146	4	0	0	*	2
1398	55946	148	4	0	0	*	2
1399	55986	151	4	0	0	*	2
1400	56026	154	5	0	0	*	2
1401	56066	156	6	0	0	*	2
1402	56106	158	6	0	0	*	2
1403	56146	161	7	0	0	*	2
1404	56186	163	8	0	0	*	2
1405	56226	165	8	0	0	*	2
1406	56266	168	9	0	0	*	2
1407	56306	170	10	0	0	*	2
1408	56346	172	11	0	0	*	2
1409	56386	175	12	0	0	*	2
1410	56426	177	13	0	0	*	2
1411	56466	179	14	0	0	*	2
1412	56506	181	15	0	0	*	2
1413	56546	183	16	0	0	*	2
1414	56586	185	17	0	0	*	2
1415	56626	187	18	0	0	*	2
1416	56666	189	19	0	0	*	2
1417	56706	191	20	0	0	*	2
1418	56746	193	21	0	0	*	2
1419	56786	195	23	0	0	*	2
1420	56826	197	24	0	0	*	2
1421	56866	199	26	0	0	*	2
1422	56906	201	27	0	0	*	2
1423	56946	203	28	0	0	*	2
1424	56986	204	29	0	0	*	2
1425	57026	206	31	0	0	*	2
1426	57066	208	32	0	0	*	2
1427	57106	209	34	0	0	*	2
1428	57146	211	35	0	0	*	2
1429	57186	212	36	0	0	*	2
1430	57226	214	38	0	0	*	2
1431	57266	215	40	0	0	*	2
1432	57306	217	42	0	0	*	2
1433	57346	218	43	0	0	*	2
1434	57386	219	45	0	0	*	2
1435	57426	221	46	0	0	*	2
1436	57466	222	48	0	0	*	2
1437	57506	223	49	0	0	*	2
1438	57546	224	51	0	0	*	2
1439	57586	226	53	0	0	*	2
1440	57626	228	56	0	0	*	2
1441	57666	229	57	0	0	*	2
1442	57706	230	59	0	0	*	2
1443	57746	232	61	0	0	*	2
1444	57786	233	63	0	0	*	2
1445	57826	234	65	0	0	*	2
1446	57866	236	68	0	0	*	2
1447	57906	237	69	0	0	*	2
1448	57946	238	71	0	0	*	2
1449	57986	239	73	0	0	*	2
1450	58026	241	75	0	0	*	2
1451	58066	241	78	0	0	*	2
1452	58106	242	80	0	0	*	2
1453	58146	243	82	0	0	*	2
1454	58186	244	84	0	0	*	2
1455	58226	245	87	0	0	*	2
1456	58266	246	89	0	0	*	2
1457	58306	246	92	0	0	*	2
1458	58346	247	94	0	0	*	2
1459	58386	248	96	0	0	*	2
1460	58426	248	98	0	0	*	2
1461	58466	249	101	0	0	*	2
1462	58506	249	104	0	0	*	2
1463	58546	249	106	0	0	*	2
1464	58586	250	109	0	0	*	2
1465	58626	250	111	0	0	*	2
1466	58666	251	113	0	0	*	2
1467	58706	251	116	0	0	*	2
1468	58746	251	118	0	0	*	2
1469	58786	251	121	0	0	*	2
1470	58826	251	123	0	0	*	2
1471	58866	251	126	0	0	*	2
1472	58906	251	128	0	0	*	2
1473	58946	251	130	0	0	*	2
1474	58986	251	134	0	0	*	2
1475	59026	250	136	0	0	*	2
1476	59066	250	138	0	0	*	2
1477	59106	250	140	0	0	*	2
1478	59146	249	138	0	0	*	2
1479	59186	249	145	0	0	*	2
1480	59226	249	147	0	0	*	2
1481	59266	248	150	0	0	*	2
1482	59306	248	152	0	0	*	2
1483	59346	247	149	0	0	*	2
1484	59386	247	151	0	0	*	2
1485	59426	246	154	0	0	*	2
1486	59466	246	160	0	0	*	2
1487	59506	245	162	0	0	*	2
1488	59546	244	163	0	0	*	2
1489	59586	243	166	0	0	*	2
1490	59626	243	168	0	0	*	2
1491	59666	242	170	0	0	*	2
1492	59706	242	172	0	0	*	2
1493	59746	241	174	0	0	*	2
1494	59786	240	176	0	0	*	2
1495	59826	239	178	0	0	*	2
1496	59866	238	180	0	0	*	2
1497	59906	237	177	0	0	*	2
1498	59946	236	184	0	0	*	2
1499	59986	235	185	0	0	*	2
1500	60026	234	187	0	0	*	2
1501	60066	232	189	0	0	*	2
1502	60106	231	191	0	0	*	2
1503	60146	231	188	0	0	*	2
1504	60186	229	195	0	0	*	2
1505	60226	227	197	0	0	*	2
1506	60266	226	199	0	0	*	2
1507	60306	224	201	0	0	*	2
1508	60346	225	197	0	0	*	2
1509	60386	222	205	0	0	*	2
