%%BEGIN_HEADER
	%%BEGIN DATABASE_INFORMATION
		%Date.0 ( 30.9.2019 )
		%Time.0 ( 14:42 )
	%%END DATABASE_INFORMATION
	%%BEGIN SETUP_INFORMATION
		%TrackerVersion.0 ( Tracker version 2.38 release 12.8.2012 )
		%ElapsedTime_ms.0 ( 60658 )
		%Paradigm.0 ( PlacePreference )
		%FeederParameters.0 ( 1500 0 )
			// %FeederParameters.0 ( ENTRANCE_LATENCY EXIT_LATENCY )
		%ElapsedPath_m.0 ( 0.00 )
		%ArenaDiameter_m.0 ( 1.80 )
		%TrackerResolution_PixPerCM.0 ( 1.4222 )
		%ArenaCenterXY.0 ( 127.5 127.5 )
		%Frame.0 ( RoomFrame )
		%ReinforcedSector.0 ( 190.6093 190.6093 7 )
			//%ReinforcedSector.0 ( CENTER_X CENTER_Y RADIUS )
		%RoomTrackReinforcedSector.0 ( 190.6093 190.6093 7 )
			//%RoomTrackReinforcedSector.0 ( CENTER_X CENTER_Y RADIUS )
	%%END SETUP_INFORMATION
	%%BEGIN RECORD_FORMAT
		%Sample.0 ( FrameCount 1msTimeStamp RoomX RoomY Sectors State Flags FrameInfo )
			//Sectors indicate if the object is in a target. Number is binary coded. Sectors = 0: no target, Sectors = 1: room target, Sectors: = 2 arena target, Sectors: = 3 room and arena target
			////State indicates the Watermaze State: OutsideTarget = 0, EntranceLatency = 1, InsideTarget = 3, OutsideRefractory = 4, BadSpot = 5
			//FrameInfo indicates succesfuly tracked spots: ReferencePoint * 2^0 + Spot0 * 2^(1+0) + Spot1 * 2^(1+1) + Spot2 * 2^(1+2) .... 
	%%END RECORD_FORMAT
%%END_HEADER
1	58	50	33	0	0	*	2
2	98	50	32	0	0	*	2
3	138	51	31	0	0	*	2
4	178	51	30	0	0	*	2
5	218	52	30	0	0	*	2
6	258	53	29	0	0	*	2
7	298	54	28	0	0	*	2
8	338	55	27	0	0	*	2
9	378	56	26	0	0	*	2
10	418	57	26	0	0	*	2
11	458	59	26	0	0	*	2
12	498	61	26	0	0	*	2
13	538	61	26	0	0	*	2
14	578	62	26	0	0	*	2
15	618	64	27	0	0	*	2
16	658	67	28	0	0	*	2
17	698	69	28	0	0	*	2
18	738	69	29	0	0	*	2
19	778	70	30	0	0	*	2
20	818	72	31	0	0	*	2
21	858	74	32	0	0	*	2
22	898	76	34	0	0	*	2
23	938	78	35	0	0	*	2
24	978	80	37	0	0	*	2
25	1018	81	39	0	0	*	2
26	1058	82	40	0	0	*	2
27	1098	85	43	0	0	*	2
28	1138	86	45	0	0	*	2
29	1178	87	48	0	0	*	2
30	1218	88	50	0	0	*	2
31	1258	88	53	0	0	*	2
32	1298	88	56	0	0	*	2
33	1338	88	59	0	0	*	2
34	1378	88	61	0	0	*	2
35	1418	88	64	0	0	*	2
36	1458	88	67	0	0	*	2
37	1498	87	69	0	0	*	2
38	1538	87	71	0	0	*	2
39	1578	86	74	0	0	*	2
40	1618	85	77	0	0	*	2
41	1658	84	79	0	0	*	2
42	1698	83	82	0	0	*	2
43	1738	82	84	0	0	*	2
44	1778	81	87	0	0	*	2
45	1818	80	90	0	0	*	2
46	1858	80	92	0	0	*	2
47	1898	79	94	0	0	*	2
48	1938	79	97	0	0	*	2
49	1978	79	99	0	0	*	2
50	2018	79	101	0	0	*	2
51	2058	79	104	0	0	*	2
52	2098	80	106	0	0	*	2
53	2138	80	108	0	0	*	2
54	2178	81	109	0	0	*	2
55	2218	82	110	0	0	*	2
56	2258	83	111	0	0	*	2
57	2298	85	112	0	0	*	2
58	2338	86	113	0	0	*	2
59	2378	88	114	0	0	*	2
60	2418	89	114	0	0	*	2
61	2458	90	114	0	0	*	2
62	2498	91	114	0	0	*	2
63	2538	92	114	0	0	*	2
64	2578	93	113	0	0	*	2
65	2618	94	112	0	0	*	2
66	2658	94	111	0	0	*	2
67	2698	94	110	0	0	*	2
68	2738	94	108	0	0	*	2
69	2778	93	107	0	0	*	2
70	2818	93	106	0	0	*	2
71	2858	92	105	0	0	*	2
72	2898	91	103	0	0	*	2
73	2938	90	102	0	0	*	2
74	2978	89	101	0	0	*	2
75	3018	88	101	0	0	*	2
76	3058	86	100	0	0	*	2
77	3098	85	99	0	0	*	2
78	3138	84	99	0	0	*	2
79	3178	82	99	0	0	*	2
80	3218	80	99	0	0	*	2
81	3258	78	100	0	0	*	2
82	3298	76	100	0	0	*	2
83	3338	75	100	0	0	*	2
84	3378	73	101	0	0	*	2
85	3418	71	102	0	0	*	2
86	3458	70	103	0	0	*	2
87	3498	68	104	0	0	*	2
88	3538	67	105	0	0	*	2
89	3578	65	106	0	0	*	2
90	3618	63	108	0	0	*	2
91	3658	62	109	0	0	*	2
92	3698	61	111	0	0	*	2
93	3738	59	112	0	0	*	2
94	3778	57	114	0	0	*	2
95	3818	55	115	0	0	*	2
96	3858	53	116	0	0	*	2
97	3898	51	118	0	0	*	2
98	3938	49	119	0	0	*	2
99	3978	48	120	0	0	*	2
100	4018	46	122	0	0	*	2
101	4058	44	124	0	0	*	2
102	4098	43	124	0	0	*	2
103	4138	42	125	0	0	*	2
104	4178	40	126	0	0	*	2
105	4218	39	127	0	0	*	2
106	4258	37	128	0	0	*	2
107	4298	36	129	0	0	*	2
108	4338	35	130	0	0	*	2
109	4378	35	131	0	0	*	2
110	4418	35	131	0	0	*	2
111	4458	36	132	0	0	*	2
112	4498	37	133	0	0	*	2
113	4538	36	133	0	0	*	2
114	4578	37	134	0	0	*	2
115	4618	38	135	0	0	*	2
116	4658	38	136	0	0	*	2
117	4698	39	136	0	0	*	2
118	4738	40	137	0	0	*	2
119	4778	41	137	0	0	*	2
120	4818	41	137	0	0	*	2
121	4858	43	138	0	0	*	2
122	4898	44	138	0	0	*	2
123	4938	45	137	0	0	*	2
124	4978	46	137	0	0	*	2
125	5018	47	137	0	0	*	2
126	5058	48	136	0	0	*	2
127	5098	49	135	0	0	*	2
128	5138	50	133	0	0	*	2
129	5178	50	131	0	0	*	2
130	5218	51	129	0	0	*	2
131	5258	51	128	0	0	*	2
132	5298	51	127	0	0	*	2
133	5338	51	125	0	0	*	2
134	5378	51	123	0	0	*	2
135	5418	51	121	0	0	*	2
136	5458	50	119	0	0	*	2
137	5498	50	118	0	0	*	2
138	5538	49	116	0	0	*	2
139	5578	48	115	0	0	*	2
140	5618	48	113	0	0	*	2
141	5658	47	112	0	0	*	2
142	5698	46	109	0	0	*	2
143	5738	45	107	0	0	*	2
144	5778	44	105	0	0	*	2
145	5818	43	103	0	0	*	2
146	5858	42	102	0	0	*	2
147	5898	41	100	0	0	*	2
148	5938	40	98	0	0	*	2
149	5978	39	97	0	0	*	2
150	6018	38	95	0	0	*	2
151	6058	36	93	0	0	*	2
152	6098	36	93	0	0	*	2
153	6138	35	92	0	0	*	2
154	6178	34	91	0	0	*	2
155	6218	32	90	0	0	*	2
156	6258	32	90	0	0	*	2
157	6298	31	89	0	0	*	2
158	6338	30	88	0	0	*	2
159	6378	30	87	0	0	*	2
160	6418	28	86	0	0	*	2
161	6458	28	84	0	0	*	2
162	6498	28	83	0	0	*	2
163	6538	29	82	0	0	*	2
164	6578	30	81	0	0	*	2
165	6618	31	81	0	0	*	2
166	6658	32	81	0	0	*	2
167	6698	34	80	0	0	*	2
168	6738	35	79	0	0	*	2
169	6778	36	79	0	0	*	2
170	6818	37	78	0	0	*	2
171	6858	38	78	0	0	*	2
172	6898	39	78	0	0	*	2
173	6938	41	77	0	0	*	2
174	6978	42	77	0	0	*	2
175	7018	44	76	0	0	*	2
176	7058	46	76	0	0	*	2
177	7098	48	75	0	0	*	2
178	7138	50	75	0	0	*	2
179	7178	53	75	0	0	*	2
180	7218	56	75	0	0	*	2
181	7258	58	74	0	0	*	2
182	7298	61	74	0	0	*	2
183	7338	63	73	0	0	*	2
184	7378	66	72	0	0	*	2
185	7418	70	71	0	0	*	2
186	7458	71	71	0	0	*	2
187	7498	72	70	0	0	*	2
188	7538	74	70	0	0	*	2
189	7578	77	68	0	0	*	2
190	7618	80	66	0	0	*	2
191	7658	81	65	0	0	*	2
192	7698	83	64	0	0	*	2
193	7738	83	62	0	0	*	2
194	7778	84	60	0	0	*	2
195	7818	84	59	0	0	*	2
196	7858	85	57	0	0	*	2
197	7898	85	56	0	0	*	2
198	7938	85	54	0	0	*	2
199	7978	85	52	0	0	*	2
200	8018	86	51	0	0	*	2
201	8058	86	49	0	0	*	2
202	8098	86	47	0	0	*	2
203	8138	86	45	0	0	*	2
204	8178	86	43	0	0	*	2
205	8218	86	42	0	0	*	2
206	8258	85	40	0	0	*	2
207	8298	85	39	0	0	*	2
208	8338	85	38	0	0	*	2
209	8378	84	38	0	0	*	2
210	8418	83	37	0	0	*	2
211	8458	82	36	0	0	*	2
212	8498	80	36	0	0	*	2
213	8538	79	36	0	0	*	2
214	8578	78	37	0	0	*	2
215	8618	77	37	0	0	*	2
216	8658	76	39	0	0	*	2
217	8698	76	39	0	0	*	2
218	8738	75	40	0	0	*	2
219	8778	74	41	0	0	*	2
220	8818	74	42	0	0	*	2
221	8858	73	44	0	0	*	2
222	8898	73	45	0	0	*	2
223	8938	72	46	0	0	*	2
224	8978	71	48	0	0	*	2
225	9018	70	50	0	0	*	2
226	9058	69	53	0	0	*	2
227	9098	68	55	0	0	*	2
228	9138	67	57	0	0	*	2
229	9178	66	59	0	0	*	2
230	9218	65	61	0	0	*	2
231	9258	64	64	0	0	*	2
232	9298	62	68	0	0	*	2
233	9338	61	70	0	0	*	2
234	9378	61	71	0	0	*	2
235	9418	60	74	0	0	*	2
236	9458	59	76	0	0	*	2
237	9498	57	79	0	0	*	2
238	9538	55	82	0	0	*	2
239	9578	54	84	0	0	*	2
240	9618	53	86	0	0	*	2
241	9658	51	89	0	0	*	2
242	9698	49	92	0	0	*	2
243	9738	48	95	0	0	*	2
244	9778	47	97	0	0	*	2
245	9818	46	99	0	0	*	2
246	9858	45	101	0	0	*	2
247	9898	43	104	0	0	*	2
248	9938	42	106	0	0	*	2
249	9978	40	109	0	0	*	2
250	10018	37	111	0	0	*	2
251	10058	36	112	0	0	*	2
252	10098	34	113	0	0	*	2
253	10138	32	114	0	0	*	2
254	10178	31	114	0	0	*	2
255	10218	30	114	0	0	*	2
256	10258	30	114	0	0	*	2
257	10298	29	114	0	0	*	2
258	10338	29	114	0	0	*	2
259	10378	29	114	0	0	*	2
260	10418	28	113	0	0	*	2
261	10458	28	112	0	0	*	2
262	10498	28	111	0	0	*	2
263	10538	28	110	0	0	*	2
264	10578	28	108	0	0	*	2
265	10618	28	107	0	0	*	2
266	10658	29	105	0	0	*	2
267	10698	29	104	0	0	*	2
268	10738	30	102	0	0	*	2
269	10778	31	101	0	0	*	2
270	10818	32	99	0	0	*	2
271	10858	33	98	0	0	*	2
272	10898	34	96	0	0	*	2
273	10938	35	94	0	0	*	2
274	10978	36	93	0	0	*	2
275	11018	38	91	0	0	*	2
276	11058	39	89	0	0	*	2
277	11098	40	86	0	0	*	2
278	11138	42	84	0	0	*	2
279	11178	43	82	0	0	*	2
280	11218	44	80	0	0	*	2
281	11258	45	77	0	0	*	2
282	11298	47	75	0	0	*	2
283	11338	48	73	0	0	*	2
284	11378	49	70	0	0	*	2
285	11418	50	68	0	0	*	2
286	11458	51	66	0	0	*	2
287	11498	52	64	0	0	*	2
288	11538	53	62	0	0	*	2
289	11578	55	59	0	0	*	2
290	11618	56	56	0	0	*	2
291	11658	57	54	0	0	*	2
292	11698	58	52	0	0	*	2
293	11738	59	50	0	0	*	2
294	11778	61	49	0	0	*	2
295	11818	61	49	0	0	*	2
296	11858	62	48	0	0	*	2
297	11898	63	47	0	0	*	2
298	11938	64	47	0	0	*	2
299	11978	66	46	0	0	*	2
300	12018	68	46	0	0	*	2
301	12058	69	47	0	0	*	2
302	12098	71	47	0	0	*	2
303	12138	73	48	0	0	*	2
304	12178	74	50	0	0	*	2
305	12218	77	52	0	0	*	2
306	12258	78	53	0	0	*	2
307	12298	79	54	0	0	*	2
308	12338	81	56	0	0	*	2
309	12378	82	58	0	0	*	2
310	12418	84	60	0	0	*	2
311	12458	85	62	0	0	*	2
312	12498	86	64	0	0	*	2
313	12538	88	67	0	0	*	2
314	12578	89	68	0	0	*	2
315	12618	91	70	0	0	*	2
316	12658	93	73	0	0	*	2
317	12698	93	74	0	0	*	2
318	12738	95	77	0	0	*	2
319	12778	96	79	0	0	*	2
320	12818	97	82	0	0	*	2
321	12858	99	85	0	0	*	2
322	12898	101	88	0	0	*	2
323	12938	102	91	0	0	*	2
324	12978	104	93	0	0	*	2
325	13018	105	96	0	0	*	2
326	13058	106	97	0	0	*	2
327	13098	108	100	0	0	*	2
328	13138	109	104	0	0	*	2
329	13178	110	106	0	0	*	2
330	13218	112	109	0	0	*	2
331	13258	113	112	0	0	*	2
332	13298	114	115	0	0	*	2
333	13338	115	117	0	0	*	2
334	13378	115	121	0	0	*	2
335	13418	115	123	0	0	*	2
336	13458	116	126	0	0	*	2
337	13498	116	130	0	0	*	2
338	13538	116	132	0	0	*	2
339	13578	116	135	0	0	*	2
340	13618	115	138	0	0	*	2
341	13658	115	140	0	0	*	2
342	13698	114	143	0	0	*	2
343	13738	113	145	0	0	*	2
344	13778	112	148	0	0	*	2
345	13818	111	151	0	0	*	2
346	13858	110	153	0	0	*	2
347	13898	109	155	0	0	*	2
348	13938	108	158	0	0	*	2
349	13978	107	160	0	0	*	2
350	14018	105	162	0	0	*	2
351	14058	104	165	0	0	*	2
352	14098	103	167	0	0	*	2
353	14138	101	169	0	0	*	2
354	14178	100	171	0	0	*	2
355	14218	98	173	0	0	*	2
356	14258	97	175	0	0	*	2
357	14298	95	177	0	0	*	2
358	14338	94	179	0	0	*	2
359	14378	92	180	0	0	*	2
360	14418	90	182	0	0	*	2
361	14458	88	183	0	0	*	2
362	14498	86	185	0	0	*	2
363	14538	85	186	0	0	*	2
364	14578	83	187	0	0	*	2
365	14618	81	188	0	0	*	2
366	14658	79	189	0	0	*	2
367	14698	77	190	0	0	*	2
368	14738	75	190	0	0	*	2
369	14778	73	190	0	0	*	2
370	14818	71	190	0	0	*	2
371	14858	70	190	0	0	*	2
372	14898	67	189	0	0	*	2
373	14938	65	189	0	0	*	2
374	14978	64	188	0	0	*	2
375	15018	62	188	0	0	*	2
376	15058	61	187	0	0	*	2
377	15098	59	186	0	0	*	2
378	15138	58	185	0	0	*	2
379	15178	56	183	0	0	*	2
380	15218	54	182	0	0	*	2
381	15258	53	180	0	0	*	2
382	15298	51	179	0	0	*	2
383	15338	50	177	0	0	*	2
384	15378	49	175	0	0	*	2
385	15418	48	173	0	0	*	2
386	15458	46	171	0	0	*	2
387	15498	45	169	0	0	*	2
388	15538	44	167	0	0	*	2
389	15578	43	165	0	0	*	2
390	15618	42	163	0	0	*	2
391	15658	42	161	0	0	*	2
392	15698	41	158	0	0	*	2
393	15738	40	156	0	0	*	2
394	15778	39	153	0	0	*	2
395	15818	38	150	0	0	*	2
396	15858	37	148	0	0	*	2
397	15898	36	145	0	0	*	2
398	15938	36	142	0	0	*	2
399	15978	35	140	0	0	*	2
400	16018	34	138	0	0	*	2
401	16058	33	135	0	0	*	2
402	16098	32	132	0	0	*	2
403	16138	31	130	0	0	*	2
404	16178	30	128	0	0	*	2
405	16218	29	126	0	0	*	2
406	16258	28	124	0	0	*	2
407	16298	28	122	0	0	*	2
408	16338	27	119	0	0	*	2
409	16378	26	117	0	0	*	2
410	16418	26	116	0	0	*	2
411	16458	25	113	0	0	*	2
412	16498	25	111	0	0	*	2
413	16538	25	109	0	0	*	2
414	16578	25	107	0	0	*	2
415	16618	25	105	0	0	*	2
416	16658	24	103	0	0	*	2
417	16698	25	100	0	0	*	2
418	16738	25	97	0	0	*	2
419	16778	25	95	0	0	*	2
420	16818	25	93	0	0	*	2
421	16858	26	91	0	0	*	2
422	16898	26	89	0	0	*	2
423	16938	27	87	0	0	*	2
424	16978	28	85	0	0	*	2
425	17018	29	83	0	0	*	2
426	17058	30	80	0	0	*	2
427	17098	31	77	0	0	*	2
428	17138	32	75	0	0	*	2
429	17178	33	73	0	0	*	2
430	17218	33	72	0	0	*	2
431	17258	34	71	0	0	*	2
432	17298	35	70	0	0	*	2
433	17338	36	69	0	0	*	2
434	17378	37	67	0	0	*	2
435	17418	39	66	0	0	*	2
436	17458	41	65	0	0	*	2
437	17498	42	64	0	0	*	2
438	17538	45	63	0	0	*	2
439	17578	47	62	0	0	*	2
440	17618	49	61	0	0	*	2
441	17658	53	60	0	0	*	2
442	17698	54	59	0	0	*	2
443	17738	57	59	0	0	*	2
444	17778	59	59	0	0	*	2
445	17818	61	58	0	0	*	2
446	17858	63	58	0	0	*	2
447	17898	66	58	0	0	*	2
448	17938	69	57	0	0	*	2
449	17978	71	57	0	0	*	2
450	18018	73	56	0	0	*	2
451	18058	74	55	0	0	*	2
452	18098	76	53	0	0	*	2
453	18138	77	53	0	0	*	2
454	18178	78	51	0	0	*	2
455	18218	79	51	0	0	*	2
456	18258	79	50	0	0	*	2
457	18298	80	50	0	0	*	2
458	18338	80	49	0	0	*	2
459	18378	81	48	0	0	*	2
460	18418	82	47	0	0	*	2
461	18458	82	46	0	0	*	2
462	18498	83	43	0	0	*	2
463	18538	83	40	0	0	*	2
464	18578	83	38	0	0	*	2
465	18618	83	37	0	0	*	2
466	18658	83	36	0	0	*	2
467	18698	84	34	0	0	*	2
468	18738	84	33	0	0	*	2
469	18778	85	31	0	0	*	2
470	18818	85	29	0	0	*	2
471	18858	85	26	0	0	*	2
472	18898	86	25	0	0	*	2
473	18938	86	24	0	0	*	2
474	18978	87	23	0	0	*	2
475	19018	87	24	0	0	*	2
476	19058	88	23	0	0	*	2
477	19098	89	23	0	0	*	2
478	19138	90	23	0	0	*	2
479	19178	91	23	0	0	*	2
480	19218	92	23	0	0	*	2
481	19258	94	23	0	0	*	2
482	19298	95	23	0	0	*	2
483	19338	96	23	0	0	*	2
484	19378	97	24	0	0	*	2
485	19418	98	25	0	0	*	2
486	19458	100	26	0	0	*	2
487	19498	100	27	0	0	*	2
488	19538	102	29	0	0	*	2
489	19578	103	30	0	0	*	2
490	19618	104	32	0	0	*	2
491	19658	106	35	0	0	*	2
492	19698	107	37	0	0	*	2
493	19738	107	38	0	0	*	2
494	19778	108	40	0	0	*	2
495	19818	109	42	0	0	*	2
496	19858	109	45	0	0	*	2
497	19898	110	47	0	0	*	2
498	19938	110	49	0	0	*	2
499	19978	110	51	0	0	*	2
500	20018	111	53	0	0	*	2
501	20058	111	56	0	0	*	2
502	20098	111	60	0	0	*	2
503	20138	110	63	0	0	*	2
504	20178	110	65	0	0	*	2
505	20218	110	67	0	0	*	2
506	20258	109	69	0	0	*	2
507	20298	109	71	0	0	*	2
508	20338	107	75	0	0	*	2
509	20378	106	77	0	0	*	2
510	20418	104	79	0	0	*	2
511	20458	103	81	0	0	*	2
512	20498	101	83	0	0	*	2
513	20538	98	85	0	0	*	2
514	20578	97	86	0	0	*	2
515	20618	94	87	0	0	*	2
516	20658	92	87	0	0	*	2
517	20698	90	87	0	0	*	2
518	20738	87	87	0	0	*	2
519	20778	85	87	0	0	*	2
520	20818	83	87	0	0	*	2
521	20858	81	86	0	0	*	2
522	20898	79	86	0	0	*	2
523	20938	76	86	0	0	*	2
524	20978	74	85	0	0	*	2
525	21018	71	85	0	0	*	2
526	21058	69	84	0	0	*	2
527	21098	67	84	0	0	*	2
528	21138	65	83	0	0	*	2
529	21178	63	83	0	0	*	2
530	21218	60	82	0	0	*	2
531	21258	58	82	0	0	*	2
532	21298	55	81	0	0	*	2
533	21338	54	80	0	0	*	2
534	21378	51	80	0	0	*	2
535	21418	49	79	0	0	*	2
536	21458	47	79	0	0	*	2
537	21498	44	78	0	0	*	2
538	21538	42	77	0	0	*	2
539	21578	41	76	0	0	*	2
540	21618	39	75	0	0	*	2
541	21658	38	74	0	0	*	2
542	21698	38	73	0	0	*	2
543	21738	37	72	0	0	*	2
544	21778	36	71	0	0	*	2
545	21818	34	70	0	0	*	2
546	21858	31	67	0	0	*	2
547	21898	28	65	0	0	*	2
548	21938	28	64	0	0	*	2
549	21978	27	63	0	0	*	2
550	22018	27	63	0	0	*	2
551	22058	26	62	0	0	*	2
552	22098	26	61	0	0	*	2
553	22138	25	61	0	0	*	2
554	22178	25	60	0	0	*	2
555	22218	25	59	0	0	*	2
556	22258	25	59	0	0	*	2
557	22298	25	59	0	0	*	2
558	22338	26	58	0	0	*	2
559	22378	26	58	0	0	*	2
560	22418	26	58	0	0	*	2
561	22458	26	57	0	0	*	2
562	22498	27	58	0	0	*	2
563	22538	26	57	0	0	*	2
564	22578	26	57	0	0	*	2
565	22618	26	57	0	0	*	2
566	22658	26	56	0	0	*	2
567	22698	26	56	0	0	*	2
568	22738	27	55	0	0	*	2
569	22778	27	55	0	0	*	2
570	22818	27	54	0	0	*	2
571	22858	28	53	0	0	*	2
572	22898	29	53	0	0	*	2
573	22938	30	52	0	0	*	2
574	22978	30	52	0	0	*	2
575	23018	30	51	0	0	*	2
576	23058	31	50	0	0	*	2
577	23098	33	50	0	0	*	2
578	23138	34	50	0	0	*	2
579	23178	36	50	0	0	*	2
580	23218	40	51	0	0	*	2
581	23258	42	51	0	0	*	2
582	23298	43	51	0	0	*	2
583	23338	45	52	0	0	*	2
584	23378	47	52	0	0	*	2
585	23418	49	52	0	0	*	2
586	23458	50	52	0	0	*	2
587	23498	52	53	0	0	*	2
588	23538	53	53	0	0	*	2
589	23578	55	54	0	0	*	2
590	23618	57	55	0	0	*	2
591	23658	59	56	0	0	*	2
592	23698	61	57	0	0	*	2
593	23738	63	58	0	0	*	2
594	23778	66	60	0	0	*	2
595	23818	68	62	0	0	*	2
596	23858	70	63	0	0	*	2
597	23898	72	65	0	0	*	2
598	23938	74	67	0	0	*	2
599	23978	76	69	0	0	*	2
600	24018	79	71	0	0	*	2
601	24058	81	73	0	0	*	2
602	24098	83	75	0	0	*	2
603	24138	85	77	0	0	*	2
604	24178	87	79	0	0	*	2
605	24218	89	81	0	0	*	2
606	24258	90	83	0	0	*	2
607	24298	92	85	0	0	*	2
608	24338	94	87	0	0	*	2
609	24378	97	89	0	0	*	2
610	24418	99	92	0	0	*	2
611	24458	101	93	0	0	*	2
612	24498	105	96	0	0	*	2
613	24538	106	98	0	0	*	2
614	24578	109	100	0	0	*	2
615	24618	111	103	0	0	*	2
616	24658	113	104	0	0	*	2
617	24698	116	106	0	0	*	2
618	24738	119	108	0	0	*	2
619	24778	121	110	0	0	*	2
620	24818	123	112	0	0	*	2
621	24858	126	114	0	0	*	2
622	24898	128	116	0	0	*	2
623	24938	131	117	0	0	*	2
624	24978	134	119	0	0	*	2
625	25018	136	120	0	0	*	2
626	25058	138	122	0	0	*	2
627	25098	141	124	0	0	*	2
628	25138	144	125	0	0	*	2
629	25178	146	127	0	0	*	2
630	25218	148	129	0	0	*	2
631	25258	151	130	0	0	*	2
632	25298	153	132	0	0	*	2
633	25338	156	134	0	0	*	2
634	25378	158	135	0	0	*	2
635	25418	160	137	0	0	*	2
636	25458	162	139	0	0	*	2
637	25498	165	140	0	0	*	2
638	25538	167	141	0	0	*	2
639	25578	169	143	0	0	*	2
640	25618	170	145	0	0	*	2
641	25658	170	146	0	0	*	2
642	25698	171	147	0	0	*	2
643	25738	171	149	0	0	*	2
644	25778	171	152	0	0	*	2
645	25818	170	154	0	0	*	2
646	25858	170	156	0	0	*	2
647	25898	170	158	0	0	*	2
648	25938	170	160	0	0	*	2
649	25978	169	162	0	0	*	2
650	26018	168	163	0	0	*	2
651	26058	167	164	0	0	*	2
652	26098	166	166	0	0	*	2
653	26138	164	167	0	0	*	2
654	26178	163	168	0	0	*	2
655	26218	161	169	0	0	*	2
656	26258	158	170	0	0	*	2
657	26298	157	170	0	0	*	2
658	26338	155	171	0	0	*	2
659	26378	153	172	0	0	*	2
660	26418	151	172	0	0	*	2
661	26458	148	173	0	0	*	2
662	26498	146	173	0	0	*	2
663	26538	143	173	0	0	*	2
664	26578	141	173	0	0	*	2
665	26618	139	173	0	0	*	2
666	26658	137	172	0	0	*	2
667	26698	134	172	0	0	*	2
668	26738	132	172	0	0	*	2
669	26778	129	171	0	0	*	2
670	26818	126	170	0	0	*	2
671	26858	124	170	0	0	*	2
672	26898	122	169	0	0	*	2
673	26938	119	168	0	0	*	2
674	26978	117	167	0	0	*	2
675	27018	114	166	0	0	*	2
676	27058	111	165	0	0	*	2
677	27098	109	164	0	0	*	2
678	27138	107	164	0	0	*	2
679	27178	104	162	0	0	*	2
680	27218	101	162	0	0	*	2
681	27258	99	161	0	0	*	2
682	27298	97	160	0	0	*	2
683	27338	94	159	0	0	*	2
684	27378	91	158	0	0	*	2
685	27418	88	157	0	0	*	2
686	27458	86	156	0	0	*	2
687	27498	84	155	0	0	*	2
688	27538	81	154	0	0	*	2
689	27578	79	153	0	0	*	2
690	27618	76	152	0	0	*	2
691	27658	74	151	0	0	*	2
692	27698	72	149	0	0	*	2
693	27738	70	148	0	0	*	2
694	27778	67	147	0	0	*	2
695	27818	65	145	0	0	*	2
696	27858	63	144	0	0	*	2
697	27898	61	143	0	0	*	2
698	27938	59	141	0	0	*	2
699	27978	56	140	0	0	*	2
700	28018	54	139	0	0	*	2
701	28058	52	138	0	0	*	2
702	28098	50	136	0	0	*	2
703	28138	49	135	0	0	*	2
704	28178	47	133	0	0	*	2
705	28218	46	131	0	0	*	2
706	28258	43	128	0	0	*	2
707	28298	42	127	0	0	*	2
708	28338	40	125	0	0	*	2
709	28378	39	124	0	0	*	2
710	28418	37	122	0	0	*	2
711	28458	36	120	0	0	*	2
712	28498	35	118	0	0	*	2
713	28538	33	116	0	0	*	2
714	28578	32	115	0	0	*	2
715	28618	31	113	0	0	*	2
716	28658	30	111	0	0	*	2
717	28698	30	109	0	0	*	2
718	28738	29	107	0	0	*	2
719	28778	28	105	0	0	*	2
720	28818	28	102	0	0	*	2
721	28858	27	100	0	0	*	2
722	28898	27	99	0	0	*	2
723	28938	27	96	0	0	*	2
724	28978	27	94	0	0	*	2
725	29018	27	92	0	0	*	2
726	29058	27	90	0	0	*	2
727	29098	27	89	0	0	*	2
728	29138	28	87	0	0	*	2
729	29178	29	85	0	0	*	2
730	29218	30	83	0	0	*	2
731	29258	31	82	0	0	*	2
732	29298	33	80	0	0	*	2
733	29338	34	78	0	0	*	2
734	29378	36	77	0	0	*	2
735	29418	37	75	0	0	*	2
736	29458	40	73	0	0	*	2
737	29498	42	71	0	0	*	2
738	29538	44	70	0	0	*	2
739	29578	46	69	0	0	*	2
740	29618	47	67	0	0	*	2
741	29658	49	66	0	0	*	2
742	29698	51	63	0	0	*	2
743	29738	53	61	0	0	*	2
744	29778	54	60	0	0	*	2
745	29818	56	57	0	0	*	2
746	29858	57	56	0	0	*	2
747	29898	59	54	0	0	*	2
748	29938	60	52	0	0	*	2
749	29978	62	49	0	0	*	2
750	30018	63	48	0	0	*	2
751	30058	64	46	0	0	*	2
752	30098	65	45	0	0	*	2
753	30138	66	44	0	0	*	2
754	30178	68	41	0	0	*	2
755	30218	69	39	0	0	*	2
756	30258	70	39	0	0	*	2
757	30298	70	38	0	0	*	2
758	30338	71	38	0	0	*	2
759	30378	72	38	0	0	*	2
760	30418	74	37	0	0	*	2
761	30458	76	38	0	0	*	2
762	30498	77	38	0	0	*	2
763	30538	78	38	0	0	*	2
764	30578	80	39	0	0	*	2
765	30618	82	40	0	0	*	2
766	30658	84	42	0	0	*	2
767	30698	85	43	0	0	*	2
768	30738	86	44	0	0	*	2
769	30778	87	45	0	0	*	2
770	30818	89	46	0	0	*	2
771	30858	90	49	0	0	*	2
772	30898	92	51	0	0	*	2
773	30938	93	53	0	0	*	2
774	30978	94	55	0	0	*	2
775	31018	96	57	0	0	*	2
776	31058	97	59	0	0	*	2
777	31098	97	61	0	0	*	2
778	31138	98	64	0	0	*	2
779	31178	99	66	0	0	*	2
780	31218	100	68	0	0	*	2
781	31258	101	70	0	0	*	2
782	31298	102	72	0	0	*	2
783	31338	103	75	0	0	*	2
784	31378	104	80	0	0	*	2
785	31418	104	81	0	0	*	2
786	31458	105	84	0	0	*	2
787	31498	105	86	0	0	*	2
788	31538	106	89	0	0	*	2
789	31578	106	92	0	0	*	2
790	31618	105	95	0	0	*	2
791	31658	105	97	0	0	*	2
792	31698	105	100	0	0	*	2
793	31738	104	102	0	0	*	2
794	31778	103	105	0	0	*	2
795	31818	102	107	0	0	*	2
796	31858	101	109	0	0	*	2
797	31898	99	112	0	0	*	2
798	31938	98	114	0	0	*	2
799	31978	97	116	0	0	*	2
800	32018	94	117	0	0	*	2
801	32058	93	119	0	0	*	2
802	32098	90	119	0	0	*	2
803	32138	88	120	0	0	*	2
804	32178	86	121	0	0	*	2
805	32218	84	122	0	0	*	2
806	32258	82	122	0	0	*	2
807	32298	80	122	0	0	*	2
808	32338	78	122	0	0	*	2
809	32378	76	122	0	0	*	2
810	32418	74	121	0	0	*	2
811	32458	72	121	0	0	*	2
812	32498	71	120	0	0	*	2
813	32538	69	119	0	0	*	2
814	32578	68	118	0	0	*	2
815	32618	67	117	0	0	*	2
816	32658	66	115	0	0	*	2
817	32698	65	114	0	0	*	2
818	32738	64	112	0	0	*	2
819	32778	63	109	0	0	*	2
820	32818	62	107	0	0	*	2
821	32858	61	105	0	0	*	2
822	32898	60	103	0	0	*	2
823	32938	59	101	0	0	*	2
824	32978	57	99	0	0	*	2
825	33018	56	97	0	0	*	2
826	33058	55	96	0	0	*	2
827	33098	54	94	0	0	*	2
828	33138	53	93	0	0	*	2
829	33178	51	91	0	0	*	2
830	33218	49	89	0	0	*	2
831	33258	48	87	0	0	*	2
832	33298	47	85	0	0	*	2
833	33338	45	83	0	0	*	2
834	33378	43	82	0	0	*	2
835	33418	41	80	0	0	*	2
836	33458	39	79	0	0	*	2
837	33498	37	77	0	0	*	2
838	33538	36	76	0	0	*	2
839	33578	34	75	0	0	*	2
840	33618	31	73	0	0	*	2
841	33658	27	72	0	0	*	2
842	33698	25	70	0	0	*	2
843	33738	24	69	0	0	*	2
844	33778	22	69	0	0	*	2
845	33818	22	68	0	0	*	2
846	33858	21	68	0	0	*	2
847	33898	21	68	0	0	*	2
848	33938	21	68	0	0	*	2
849	33978	20	68	0	0	*	2
850	34018	20	68	0	0	*	2
851	34058	20	68	0	0	*	2
852	34098	20	68	0	0	*	2
853	34138	20	68	0	0	*	2
854	34178	20	68	0	0	*	2
855	34218	20	68	0	0	*	2
856	34258	20	68	0	0	*	2
857	34298	20	68	0	0	*	2
858	34338	20	68	0	0	*	2
859	34378	19	69	0	0	*	2
860	34418	19	69	0	0	*	2
861	34458	19	69	0	0	*	2
862	34498	19	69	0	0	*	2
863	34538	19	69	0	0	*	2
864	34578	19	70	0	0	*	2
865	34618	18	70	0	0	*	2
866	34658	18	70	0	0	*	2
867	34698	18	70	0	0	*	2
868	34738	18	70	0	0	*	2
869	34778	18	71	0	0	*	2
870	34818	17	72	0	0	*	2
871	34858	17	73	0	0	*	2
872	34898	16	74	0	0	*	2
873	34938	16	75	0	0	*	2
874	34978	16	76	0	0	*	2
875	35018	17	76	0	0	*	2
876	35058	16	77	0	0	*	2
877	35098	15	78	0	0	*	2
878	35138	15	80	0	0	*	2
879	35178	14	84	0	0	*	2
880	35218	14	85	0	0	*	2
881	35258	14	86	0	0	*	2
882	35298	13	88	0	0	*	2
883	35338	13	90	0	0	*	2
884	35378	13	92	0	0	*	2
885	35418	13	93	0	0	*	2
886	35458	12	94	0	0	*	2
887	35498	12	96	0	0	*	2
888	35538	12	99	0	0	*	2
889	35578	12	98	0	0	*	2
890	35618	12	99	0	0	*	2
891	35658	12	100	0	0	*	2
892	35698	12	103	0	0	*	2
893	35738	12	104	0	0	*	2
894	35778	11	106	0	0	*	2
895	35818	11	108	0	0	*	2
896	35858	12	110	0	0	*	2
897	35898	12	112	0	0	*	2
898	35938	12	114	0	0	*	2
899	35978	13	117	0	0	*	2
900	36018	14	119	0	0	*	2
901	36058	16	123	0	0	*	2
902	36098	22	128	0	0	*	2
903	36138	20	129	0	0	*	2
904	36178	24	133	0	0	*	2
905	36218	26	135	0	0	*	2
906	36258	27	137	0	0	*	2
907	36298	29	139	0	0	*	2
908	36338	31	141	0	0	*	2
909	36378	33	143	0	0	*	2
910	36418	35	145	0	0	*	2
911	36458	36	146	0	0	*	2
912	36498	39	148	0	0	*	2
913	36538	41	149	0	0	*	2
914	36578	43	151	0	0	*	2
915	36618	45	152	0	0	*	2
916	36658	48	153	0	0	*	2
917	36698	50	153	0	0	*	2
918	36738	52	153	0	0	*	2
919	36778	55	153	0	0	*	2
920	36818	57	153	0	0	*	2
921	36858	60	152	0	0	*	2
922	36898	61	151	0	0	*	2
923	36938	62	149	0	0	*	2
924	36978	64	148	0	0	*	2
925	37018	65	146	0	0	*	2
926	37058	66	145	0	0	*	2
927	37098	67	143	0	0	*	2
928	37138	68	142	0	0	*	2
929	37178	69	139	0	0	*	2
930	37218	69	138	0	0	*	2
931	37258	70	136	0	0	*	2
932	37298	70	134	0	0	*	2
933	37338	70	132	0	0	*	2
934	37378	70	130	0	0	*	2
935	37418	70	128	0	0	*	2
936	37458	70	126	0	0	*	2
937	37498	69	124	0	0	*	2
938	37538	69	121	0	0	*	2
939	37578	68	119	0	0	*	2
940	37618	68	118	0	0	*	2
941	37658	67	115	0	0	*	2
942	37698	66	113	0	0	*	2
943	37738	66	111	0	0	*	2
944	37778	65	108	0	0	*	2
945	37818	64	106	0	0	*	2
946	37858	62	104	0	0	*	2
947	37898	62	103	0	0	*	2
948	37938	60	101	0	0	*	2
949	37978	59	99	0	0	*	2
950	38018	58	97	0	0	*	2
951	38058	56	95	0	0	*	2
952	38098	55	93	0	0	*	2
953	38138	53	92	0	0	*	2
954	38178	52	90	0	0	*	2
955	38218	50	88	0	0	*	2
956	38258	49	86	0	0	*	2
957	38298	47	84	0	0	*	2
958	38338	46	82	0	0	*	2
959	38378	45	80	0	0	*	2
960	38418	44	78	0	0	*	2
961	38458	43	77	0	0	*	2
962	38498	43	75	0	0	*	2
963	38538	43	74	0	0	*	2
964	38578	43	71	0	0	*	2
965	38618	43	70	0	0	*	2
966	38658	43	69	0	0	*	2
967	38698	43	68	0	0	*	2
968	38738	44	66	0	0	*	2
969	38778	46	65	0	0	*	2
970	38818	47	64	0	0	*	2
971	38858	48	63	0	0	*	2
972	38898	49	62	0	0	*	2
973	38938	50	62	0	0	*	2
974	38978	52	62	0	0	*	2
975	39018	54	61	0	0	*	2
976	39058	55	61	0	0	*	2
977	39098	57	61	0	0	*	2
978	39138	58	61	0	0	*	2
979	39178	60	62	0	0	*	2
980	39218	62	62	0	0	*	2
981	39258	64	62	0	0	*	2
982	39298	66	63	0	0	*	2
983	39338	68	64	0	0	*	2
984	39378	70	64	0	0	*	2
985	39418	73	65	0	0	*	2
986	39458	75	66	0	0	*	2
987	39498	77	66	0	0	*	2
988	39538	79	67	0	0	*	2
989	39578	81	67	0	0	*	2
990	39618	84	67	0	0	*	2
991	39658	86	67	0	0	*	2
992	39698	89	67	0	0	*	2
993	39738	91	67	0	0	*	2
994	39778	93	67	0	0	*	2
995	39818	95	67	0	0	*	2
996	39858	96	66	0	0	*	2
997	39898	100	65	0	0	*	2
998	39938	102	64	0	0	*	2
999	39978	104	63	0	0	*	2
1000	40018	106	62	0	0	*	2
1001	40058	108	61	0	0	*	2
1002	40098	109	60	0	0	*	2
1003	40138	113	58	0	0	*	2
1004	40178	115	56	0	0	*	2
1005	40218	117	54	0	0	*	2
1006	40258	118	54	0	0	*	2
1007	40298	119	52	0	0	*	2
1008	40338	120	51	0	0	*	2
1009	40378	121	50	0	0	*	2
1010	40418	122	46	0	0	*	2
1011	40458	123	46	0	0	*	2
1012	40498	124	43	0	0	*	2
1013	40538	125	41	0	0	*	2
1014	40578	126	39	0	0	*	2
1015	40618	126	38	0	0	*	2
1016	40658	127	36	0	0	*	2
1017	40698	127	34	0	0	*	2
1018	40738	127	32	0	0	*	2
1019	40778	128	30	0	0	*	2
1020	40818	128	28	0	0	*	2
1021	40858	128	27	0	0	*	2
1022	40898	127	25	0	0	*	2
1023	40938	127	24	0	0	*	2
1024	40978	126	24	0	0	*	2
1025	41018	125	23	0	0	*	2
1026	41058	124	23	0	0	*	2
1027	41098	123	23	0	0	*	2
1028	41138	122	22	0	0	*	2
1029	41178	121	22	0	0	*	2
1030	41218	120	22	0	0	*	2
1031	41258	119	22	0	0	*	2
1032	41298	118	22	0	0	*	2
1033	41338	117	23	0	0	*	2
1034	41378	115	23	0	0	*	2
1035	41418	114	23	0	0	*	2
1036	41458	113	24	0	0	*	2
1037	41498	112	24	0	0	*	2
1038	41538	110	25	0	0	*	2
1039	41578	109	27	0	0	*	2
1040	41618	108	28	0	0	*	2
1041	41658	107	29	0	0	*	2
1042	41698	106	30	0	0	*	2
1043	41738	104	31	0	0	*	2
1044	41778	103	33	0	0	*	2
1045	41818	101	34	0	0	*	2
1046	41858	99	36	0	0	*	2
1047	41898	98	38	0	0	*	2
1048	41938	96	40	0	0	*	2
1049	41978	95	41	0	0	*	2
1050	42018	93	42	0	0	*	2
1051	42058	91	44	0	0	*	2
1052	42098	89	45	0	0	*	2
1053	42138	86	47	0	0	*	2
1054	42178	85	48	0	0	*	2
1055	42218	82	49	0	0	*	2
1056	42258	80	50	0	0	*	2
1057	42298	79	51	0	0	*	2
1058	42338	76	52	0	0	*	2
1059	42378	73	54	0	0	*	2
1060	42418	72	55	0	0	*	2
1061	42458	69	56	0	0	*	2
1062	42498	66	57	0	0	*	2
1063	42538	64	58	0	0	*	2
1064	42578	61	59	0	0	*	2
1065	42618	58	61	0	0	*	2
1066	42658	56	61	0	0	*	2
1067	42698	53	62	0	0	*	2
1068	42738	50	63	0	0	*	2
1069	42778	48	64	0	0	*	2
1070	42818	45	65	0	0	*	2
1071	42858	42	65	0	0	*	2
1072	42898	40	66	0	0	*	2
1073	42938	37	67	0	0	*	2
1074	42978	35	67	0	0	*	2
1075	43018	30	68	0	0	*	2
1076	43058	26	68	0	0	*	2
1077	43098	25	68	0	0	*	2
1078	43138	24	68	0	0	*	2
1079	43178	23	69	0	0	*	2
1080	43218	21	70	0	0	*	2
1081	43258	20	72	0	0	*	2
1082	43298	19	73	0	0	*	2
1083	43338	19	73	0	0	*	2
1084	43378	18	75	0	0	*	2
1085	43418	17	76	0	0	*	2
1086	43458	16	77	0	0	*	2
1087	43498	16	78	0	0	*	2
1088	43538	15	80	0	0	*	2
1089	43578	14	82	0	0	*	2
1090	43618	14	83	0	0	*	2
1091	43658	13	85	0	0	*	2
1092	43698	12	86	0	0	*	2
1093	43738	12	88	0	0	*	2
1094	43778	11	91	0	0	*	2
1095	43818	11	93	0	0	*	2
1096	43858	10	94	0	0	*	2
1097	43898	10	96	0	0	*	2
1098	43938	10	98	0	0	*	2
1099	43978	10	100	0	0	*	2
1100	44018	10	101	0	0	*	2
1101	44058	9	102	0	0	*	2
1102	44098	9	103	0	0	*	2
1103	44138	9	105	0	0	*	2
1104	44178	8	107	0	0	*	2
1105	44218	7	110	0	0	*	2
1106	44258	7	111	0	0	*	2
1107	44298	6	113	0	0	*	2
1108	44338	6	115	0	0	*	2
1109	44378	6	117	0	0	*	2
1110	44418	6	117	0	0	*	2
1111	44458	5	119	0	0	*	2
1112	44498	5	122	0	0	*	2
1113	44538	5	124	0	0	*	2
1114	44578	5	125	0	0	*	2
1115	44618	5	127	0	0	*	2
1116	44658	5	127	0	0	*	2
1117	44698	5	127	0	0	*	2
1118	44738	5	129	0	0	*	2
1119	44778	5	131	0	0	*	2
1120	44818	5	132	0	0	*	2
1121	44858	5	132	0	0	*	2
1122	44898	5	135	0	0	*	2
1123	44938	5	136	0	0	*	2
1124	44978	6	137	0	0	*	2
1125	45018	6	139	0	0	*	2
1126	45058	6	140	0	0	*	2
1127	45098	7	141	0	0	*	2
1128	45138	7	141	0	0	*	2
1129	45178	7	143	0	0	*	2
1130	45218	8	144	0	0	*	2
1131	45258	8	145	0	0	*	2
1132	45298	8	146	0	0	*	2
1133	45338	9	148	0	0	*	2
1134	45378	9	150	0	0	*	2
1135	45418	10	151	0	0	*	2
1136	45458	10	154	0	0	*	2
1137	45498	11	155	0	0	*	2
1138	45538	11	156	0	0	*	2
1139	45578	12	157	0	0	*	2
1140	45618	12	157	0	0	*	2
1141	45658	12	159	0	0	*	2
1142	45698	13	161	0	0	*	2
1143	45738	13	163	0	0	*	2
1144	45778	15	165	0	0	*	2
1145	45818	16	167	0	0	*	2
1146	45858	16	169	0	0	*	2
1147	45898	17	171	0	0	*	2
1148	45938	19	173	0	0	*	2
1149	45978	20	175	0	0	*	2
1150	46018	21	177	0	0	*	2
1151	46058	23	179	0	0	*	2
1152	46098	24	181	0	0	*	2
1153	46138	26	183	0	0	*	2
1154	46178	28	185	0	0	*	2
1155	46218	30	185	0	0	*	2
1156	46258	37	189	0	0	*	2
1157	46298	39	191	0	0	*	2
1158	46338	41	193	0	0	*	2
1159	46378	43	195	0	0	*	2
1160	46418	45	197	0	0	*	2
1161	46458	47	198	0	0	*	2
1162	46498	49	201	0	0	*	2
1163	46538	51	203	0	0	*	2
1164	46578	53	204	0	0	*	2
1165	46618	55	206	0	0	*	2
1166	46658	57	208	0	0	*	2
1167	46698	60	209	0	0	*	2
1168	46738	61	209	0	0	*	2
1169	46778	63	210	0	0	*	2
1170	46818	64	211	0	0	*	2
1171	46858	66	211	0	0	*	2
1172	46898	68	211	0	0	*	2
1173	46938	70	210	0	0	*	2
1174	46978	72	210	0	0	*	2
1175	47018	73	209	0	0	*	2
1176	47058	75	209	0	0	*	2
1177	47098	77	208	0	0	*	2
1178	47138	79	206	0	0	*	2
1179	47178	81	205	0	0	*	2
1180	47218	83	204	0	0	*	2
1181	47258	84	203	0	0	*	2
1182	47298	86	202	0	0	*	2
1183	47338	88	201	0	0	*	2
1184	47378	89	200	0	0	*	2
1185	47418	90	199	0	0	*	2
1186	47458	92	198	0	0	*	2
1187	47498	96	196	0	0	*	2
1188	47538	96	196	0	0	*	2
1189	47578	98	195	0	0	*	2
1190	47618	100	194	0	0	*	2
1191	47658	102	194	0	0	*	2
1192	47698	104	193	0	0	*	2
1193	47738	106	192	0	0	*	2
1194	47778	109	191	0	0	*	2
1195	47818	111	190	0	0	*	2
1196	47858	113	190	0	0	*	2
1197	47898	116	189	0	0	*	2
1198	47938	119	188	0	0	*	2
1199	47978	121	187	0	0	*	2
1200	48018	123	186	0	0	*	2
1201	48058	125	186	0	0	*	2
1202	48098	129	185	0	0	*	2
1203	48138	132	184	0	0	*	2
1204	48178	134	183	0	0	*	2
1205	48218	135	182	0	0	*	2
1206	48258	136	182	0	0	*	2
1207	48298	139	181	0	0	*	2
1208	48338	142	180	0	0	*	2
1209	48378	144	179	0	0	*	2
1210	48418	146	178	0	0	*	2
1211	48458	148	177	0	0	*	2
1212	48498	151	176	0	0	*	2
1213	48538	153	176	0	0	*	2
1214	48578	156	175	0	0	*	2
1215	48618	158	174	0	0	*	2
1216	48658	160	174	0	0	*	2
1217	48698	162	173	0	0	*	2
1218	48738	165	173	0	0	*	2
1219	48778	166	172	0	0	*	2
1220	48818	168	171	0	0	*	2
1221	48858	171	170	0	0	*	2
1222	48898	173	170	0	0	*	2
1223	48938	174	169	0	0	*	2
1224	48978	177	169	0	0	*	2
1225	49018	180	168	0	0	*	2
1226	49058	182	167	0	0	*	2
1227	49098	183	167	0	0	*	2
1228	49138	185	166	0	0	*	2
1229	49178	188	166	0	0	*	2
1230	49218	190	165	0	0	*	2
1231	49258	192	164	0	0	*	2
1232	49298	194	164	0	0	*	2
1233	49338	195	163	0	0	*	2
1234	49378	197	162	0	0	*	2
1235	49418	199	162	0	0	*	2
1236	49458	200	161	0	0	*	2
1237	49498	200	160	0	0	*	2
1238	49538	201	160	0	0	*	2
1239	49578	201	158	0	0	*	2
1240	49618	201	157	0	0	*	2
1241	49658	201	156	0	0	*	2
1242	49698	201	155	0	0	*	2
1243	49738	200	154	0	0	*	2
1244	49778	200	153	0	0	*	2
1245	49818	199	152	0	0	*	2
1246	49858	198	151	0	0	*	2
1247	49898	197	151	0	0	*	2
1248	49938	197	150	0	0	*	2
1249	49978	195	149	0	0	*	2
1250	50018	194	148	0	0	*	2
1251	50058	193	147	0	0	*	2
1252	50098	192	146	0	0	*	2
1253	50138	191	144	0	0	*	2
1254	50178	189	143	0	0	*	2
1255	50218	187	142	0	0	*	2
1256	50258	187	142	0	0	*	2
1257	50298	186	141	0	0	*	2
1258	50338	184	140	0	0	*	2
1259	50378	182	139	0	0	*	2
1260	50418	181	138	0	0	*	2
1261	50458	180	137	0	0	*	2
1262	50498	177	135	0	0	*	2
1263	50538	176	134	0	0	*	2
1264	50578	174	133	0	0	*	2
1265	50618	172	131	0	0	*	2
1266	50658	170	129	0	0	*	2
1267	50698	169	129	0	0	*	2
1268	50738	167	128	0	0	*	2
1269	50778	165	126	0	0	*	2
1270	50818	163	125	0	0	*	2
1271	50858	161	123	0	0	*	2
1272	50898	158	122	0	0	*	2
1273	50938	156	121	0	0	*	2
1274	50978	154	119	0	0	*	2
1275	51018	152	118	0	0	*	2
1276	51058	150	117	0	0	*	2
1277	51098	146	115	0	0	*	2
1278	51138	143	114	0	0	*	2
1279	51178	143	114	0	0	*	2
1280	51218	140	112	0	0	*	2
1281	51258	138	111	0	0	*	2
1282	51298	135	110	0	0	*	2
1283	51338	133	109	0	0	*	2
1284	51378	130	108	0	0	*	2
1285	51418	128	107	0	0	*	2
1286	51458	125	106	0	0	*	2
1287	51498	122	104	0	0	*	2
1288	51538	120	104	0	0	*	2
1289	51578	118	103	0	0	*	2
1290	51618	115	102	0	0	*	2
1291	51658	112	101	0	0	*	2
1292	51698	109	100	0	0	*	2
1293	51738	107	99	0	0	*	2
1294	51778	105	98	0	0	*	2
1295	51818	102	97	0	0	*	2
1296	51858	99	96	0	0	*	2
1297	51898	97	96	0	0	*	2
1298	51938	94	95	0	0	*	2
1299	51978	92	94	0	0	*	2
1300	52018	90	93	0	0	*	2
1301	52058	88	92	0	0	*	2
1302	52098	85	91	0	0	*	2
1303	52138	83	90	0	0	*	2
1304	52178	81	89	0	0	*	2
1305	52218	79	87	0	0	*	2
1306	52258	76	86	0	0	*	2
1307	52298	75	85	0	0	*	2
1308	52338	73	83	0	0	*	2
1309	52378	71	82	0	0	*	2
1310	52418	69	80	0	0	*	2
1311	52458	67	78	0	0	*	2
1312	52498	66	77	0	0	*	2
1313	52538	64	75	0	0	*	2
1314	52578	62	73	0	0	*	2
1315	52618	61	71	0	0	*	2
1316	52658	59	69	0	0	*	2
1317	52698	58	68	0	0	*	2
1318	52738	56	66	0	0	*	2
1319	52778	55	64	0	0	*	2
1320	52818	54	62	0	0	*	2
1321	52858	53	61	0	0	*	2
1322	52898	52	59	0	0	*	2
1323	52938	51	56	0	0	*	2
1324	52978	51	55	0	0	*	2
1325	53018	51	53	0	0	*	2
1326	53058	51	51	0	0	*	2
1327	53098	51	49	0	0	*	2
1328	53138	51	47	0	0	*	2
1329	53178	51	46	0	0	*	2
1330	53218	51	45	0	0	*	2
1331	53258	51	44	0	0	*	2
1332	53298	51	42	0	0	*	2
1333	53338	50	40	0	0	*	2
1334	53378	51	37	0	0	*	2
1335	53418	52	35	0	0	*	2
1336	53458	52	33	0	0	*	2
1337	53498	53	32	0	0	*	2
1338	53538	53	31	0	0	*	2
1339	53578	54	30	0	0	*	2
1340	53618	55	29	0	0	*	2
1341	53658	56	29	0	0	*	2
1342	53698	57	29	0	0	*	2
1343	53738	59	29	0	0	*	2
1344	53778	60	31	0	0	*	2
1345	53818	60	31	0	0	*	2
1346	53858	61	30	0	0	*	2
1347	53898	61	30	0	0	*	2
1348	53938	63	30	0	0	*	2
1349	53978	65	31	0	0	*	2
1350	54018	67	31	0	0	*	2
1351	54058	70	32	0	0	*	2
1352	54098	73	34	0	0	*	2
1353	54138	75	35	0	0	*	2
1354	54178	77	37	0	0	*	2
1355	54218	79	39	0	0	*	2
1356	54258	81	41	0	0	*	2
1357	54298	83	43	0	0	*	2
1358	54338	84	45	0	0	*	2
1359	54378	85	47	0	0	*	2
1360	54418	86	48	0	0	*	2
1361	54458	86	51	0	0	*	2
1362	54498	87	53	0	0	*	2
1363	54538	88	56	0	0	*	2
1364	54578	88	58	0	0	*	2
1365	54618	89	60	0	0	*	2
1366	54658	89	63	0	0	*	2
1367	54698	89	66	0	0	*	2
1368	54738	88	68	0	0	*	2
1369	54778	88	70	0	0	*	2
1370	54818	88	71	0	0	*	2
1371	54858	87	74	0	0	*	2
1372	54898	87	76	0	0	*	2
1373	54938	86	78	0	0	*	2
1374	54978	85	80	0	0	*	2
1375	55018	83	82	0	0	*	2
1376	55058	82	84	0	0	*	2
1377	55098	80	86	0	0	*	2
1378	55138	79	87	0	0	*	2
1379	55178	76	89	0	0	*	2
1380	55218	75	89	0	0	*	2
1381	55258	73	90	0	0	*	2
1382	55298	72	91	0	0	*	2
1383	55338	70	91	0	0	*	2
1384	55378	67	92	0	0	*	2
1385	55418	65	92	0	0	*	2
1386	55458	63	93	0	0	*	2
1387	55498	61	93	0	0	*	2
1388	55538	60	93	0	0	*	2
1389	55578	57	93	0	0	*	2
1390	55618	56	93	0	0	*	2
1391	55658	54	93	0	0	*	2
1392	55698	51	92	0	0	*	2
1393	55738	50	91	0	0	*	2
1394	55778	49	90	0	0	*	2
1395	55818	47	89	0	0	*	2
1396	55858	45	88	0	0	*	2
1397	55898	44	87	0	0	*	2
1398	55938	44	86	0	0	*	2
1399	55978	43	85	0	0	*	2
1400	56018	43	84	0	0	*	2
1401	56058	43	82	0	0	*	2
1402	56098	43	82	0	0	*	2
1403	56138	43	80	0	0	*	2
1404	56178	43	79	0	0	*	2
1405	56218	44	77	0	0	*	2
1406	56258	44	76	0	0	*	2
1407	56298	45	74	0	0	*	2
1408	56338	46	73	0	0	*	2
1409	56378	46	72	0	0	*	2
1410	56418	47	71	0	0	*	2
1411	56458	48	70	0	0	*	2
1412	56498	50	69	0	0	*	2
1413	56538	51	68	0	0	*	2
1414	56578	52	67	0	0	*	2
1415	56618	53	66	0	0	*	2
1416	56658	55	65	0	0	*	2
1417	56698	57	63	0	0	*	2
1418	56738	59	62	0	0	*	2
1419	56778	61	61	0	0	*	2
1420	56818	62	60	0	0	*	2
1421	56858	64	59	0	0	*	2
1422	56898	65	58	0	0	*	2
1423	56938	68	57	0	0	*	2
1424	56978	70	56	0	0	*	2
1425	57018	71	55	0	0	*	2
1426	57058	73	53	0	0	*	2
1427	57098	75	52	0	0	*	2
1428	57138	77	51	0	0	*	2
1429	57178	79	49	0	0	*	2
1430	57218	81	47	0	0	*	2
1431	57258	82	46	0	0	*	2
1432	57298	83	46	0	0	*	2
1433	57338	85	44	0	0	*	2
1434	57378	86	43	0	0	*	2
1435	57418	88	40	0	0	*	2
1436	57458	89	37	0	0	*	2
1437	57498	90	36	0	0	*	2
1438	57538	90	35	0	0	*	2
1439	57578	91	33	0	0	*	2
1440	57618	92	30	0	0	*	2
1441	57658	92	29	0	0	*	2
1442	57698	93	28	0	0	*	2
1443	57738	94	27	0	0	*	2
1444	57778	94	25	0	0	*	2
1445	57818	95	23	0	0	*	2
1446	57858	96	22	0	0	*	2
1447	57898	97	22	0	0	*	2
1448	57938	97	22	0	0	*	2
1449	57978	98	21	0	0	*	2
1450	58018	99	21	0	0	*	2
1451	58058	100	21	0	0	*	2
1452	58098	101	21	0	0	*	2
1453	58138	102	21	0	0	*	2
1454	58178	102	21	0	0	*	2
1455	58218	104	21	0	0	*	2
1456	58258	105	21	0	0	*	2
1457	58298	107	21	0	0	*	2
1458	58338	109	22	0	0	*	2
1459	58378	110	22	0	0	*	2
1460	58418	111	22	0	0	*	2
1461	58458	113	23	0	0	*	2
1462	58498	115	23	0	0	*	2
1463	58538	116	24	0	0	*	2
1464	58578	119	25	0	0	*	2
1465	58618	121	26	0	0	*	2
1466	58658	121	26	0	0	*	2
1467	58698	122	27	0	0	*	2
1468	58738	124	28	0	0	*	2
1469	58778	126	29	0	0	*	2
1470	58818	128	31	0	0	*	2
1471	58858	129	33	0	0	*	2
1472	58898	131	34	0	0	*	2
1473	58938	132	36	0	0	*	2
1474	58978	134	37	0	0	*	2
1475	59018	134	39	0	0	*	2
1476	59058	135	41	0	0	*	2
1477	59098	136	43	0	0	*	2
1478	59138	137	45	0	0	*	2
1479	59178	139	47	0	0	*	2
1480	59218	139	48	0	0	*	2
1481	59258	141	51	0	0	*	2
1482	59298	142	54	0	0	*	2
1483	59338	143	56	0	0	*	2
1484	59378	143	58	0	0	*	2
1485	59418	144	60	0	0	*	2
1486	59458	145	62	0	0	*	2
1487	59498	146	64	0	0	*	2
1488	59538	147	69	0	0	*	2
1489	59578	148	70	0	0	*	2
1490	59618	148	71	0	0	*	2
1491	59658	149	73	0	0	*	2
1492	59698	150	76	0	0	*	2
1493	59738	152	78	0	0	*	2
1494	59778	152	80	0	0	*	2
1495	59818	155	85	0	0	*	2
1496	59858	155	86	0	0	*	2
1497	59898	156	88	0	0	*	2
1498	59938	157	90	0	0	*	2
1499	59978	158	93	0	0	*	2
1500	60018	159	95	0	0	*	2
1501	60058	161	97	0	0	*	2
1502	60098	162	99	0	0	*	2
1503	60138	164	103	0	0	*	2
1504	60178	165	104	0	0	*	2
1505	60218	166	107	0	0	*	2
1506	60258	167	110	0	0	*	2
1507	60298	169	112	0	0	*	2
1508	60338	169	113	0	0	*	2
1509	60378	170	115	0	0	*	2
1510	60418	171	116	0	0	*	2
1511	60458	173	118	0	0	*	2
1512	60498	175	120	0	0	*	2
1513	60538	176	121	0	0	*	2
1514	60578	177	122	0	0	*	2
1515	60618	180	123	0	0	*	2
1516	60658	181	123	0	0	*	2
