%%BEGIN_HEADER
	%%BEGIN DATABASE_INFORMATION
		%Date.0 ( 13.9.2019 )
		%Time.0 ( 16:50 )
	%%END DATABASE_INFORMATION
	%%BEGIN SETUP_INFORMATION
		%TrackerVersion.0 ( Tracker version 2.38 release 12.8.2012 )
		%ElapsedTime_ms.0 ( 60762 )
		%Paradigm.0 ( PlacePreference )
		%FeederParameters.0 ( 1500 0 )
			// %FeederParameters.0 ( ENTRANCE_LATENCY EXIT_LATENCY )
		%ElapsedPath_m.0 ( 0.00 )
		%ArenaDiameter_m.0 ( 1.80 )
		%TrackerResolution_PixPerCM.0 ( 1.4222 )
		%ArenaCenterXY.0 ( 127.5 127.5 )
		%Frame.0 ( RoomFrame )
		%ReinforcedSector.0 ( 64.3907 64.3907 7 )
			//%ReinforcedSector.0 ( CENTER_X CENTER_Y RADIUS )
		%RoomTrackReinforcedSector.0 ( 64.3907 64.3907 7 )
			//%RoomTrackReinforcedSector.0 ( CENTER_X CENTER_Y RADIUS )
	%%END SETUP_INFORMATION
	%%BEGIN RECORD_FORMAT
		%Sample.0 ( FrameCount 1msTimeStamp RoomX RoomY Sectors State Flags FrameInfo )
			//Sectors indicate if the object is in a target. Number is binary coded. Sectors = 0: no target, Sectors = 1: room target, Sectors: = 2 arena target, Sectors: = 3 room and arena target
			////State indicates the Watermaze State: OutsideTarget = 0, EntranceLatency = 1, InsideTarget = 3, OutsideRefractory = 4, BadSpot = 5
			//FrameInfo indicates succesfuly tracked spots: ReferencePoint * 2^0 + Spot0 * 2^(1+0) + Spot1 * 2^(1+1) + Spot2 * 2^(1+2) .... 
	%%END RECORD_FORMAT
%%END_HEADER
1	41	137	18	0	0	*	2
2	81	137	20	0	0	*	2
3	121	139	22	0	0	*	2
4	161	140	24	0	0	*	2
5	201	142	26	0	0	*	2
6	241	143	28	0	0	*	2
7	281	144	29	0	0	*	2
8	321	146	31	0	0	*	2
9	361	147	33	0	0	*	2
10	401	149	34	0	0	*	2
11	441	150	35	0	0	*	2
12	481	151	36	0	0	*	2
13	521	153	37	0	0	*	2
14	561	155	38	0	0	*	2
15	601	156	38	0	0	*	2
16	641	158	38	0	0	*	2
17	681	159	39	0	0	*	2
18	721	160	39	0	0	*	2
19	761	162	40	0	0	*	2
20	801	163	40	0	0	*	2
21	841	164	40	0	0	*	2
22	881	165	40	0	0	*	2
23	921	165	40	0	0	*	2
24	961	166	39	0	0	*	2
25	1001	166	39	0	0	*	2
26	1041	166	38	0	0	*	2
27	1081	167	37	0	0	*	2
28	1121	167	36	0	0	*	2
29	1161	167	34	0	0	*	2
30	1201	167	34	0	0	*	2
31	1241	167	33	0	0	*	2
32	1281	167	33	0	0	*	2
33	1321	167	33	0	0	*	2
34	1361	165	32	0	0	*	2
35	1401	164	31	0	0	*	2
36	1441	163	32	0	0	*	2
37	1481	163	33	0	0	*	2
38	1521	162	31	0	0	*	2
39	1561	161	30	0	0	*	2
40	1601	159	30	0	0	*	2
41	1641	158	31	0	0	*	2
42	1681	157	32	0	0	*	2
43	1721	157	32	0	0	*	2
44	1761	156	33	0	0	*	2
45	1801	155	33	0	0	*	2
46	1841	154	35	0	0	*	2
47	1881	153	36	0	0	*	2
48	1921	153	38	0	0	*	2
49	1961	152	39	0	0	*	2
50	2001	151	40	0	0	*	2
51	2041	151	41	0	0	*	2
52	2081	150	43	0	0	*	2
53	2121	150	44	0	0	*	2
54	2161	149	46	0	0	*	2
55	2201	149	47	0	0	*	2
56	2241	148	48	0	0	*	2
57	2281	148	50	0	0	*	2
58	2321	148	52	0	0	*	2
59	2361	148	54	0	0	*	2
60	2401	148	56	0	0	*	2
61	2441	148	57	0	0	*	2
62	2481	148	60	0	0	*	2
63	2521	147	62	0	0	*	2
64	2561	147	64	0	0	*	2
65	2601	147	66	0	0	*	2
66	2641	147	68	0	0	*	2
67	2681	147	70	0	0	*	2
68	2721	146	72	0	0	*	2
69	2761	146	75	0	0	*	2
70	2801	146	76	0	0	*	2
71	2841	146	79	0	0	*	2
72	2881	146	81	0	0	*	2
73	2921	145	83	0	0	*	2
74	2961	145	85	0	0	*	2
75	3001	144	87	0	0	*	2
76	3041	143	89	0	0	*	2
77	3081	142	91	0	0	*	2
78	3121	142	93	0	0	*	2
79	3161	141	95	0	0	*	2
80	3201	140	97	0	0	*	2
81	3241	140	99	0	0	*	2
82	3281	139	100	0	0	*	2
83	3321	138	102	0	0	*	2
84	3361	138	103	0	0	*	2
85	3401	137	105	0	0	*	2
86	3441	137	106	0	0	*	2
87	3481	137	107	0	0	*	2
88	3521	136	109	0	0	*	2
89	3561	136	110	0	0	*	2
90	3601	136	112	0	0	*	2
91	3641	135	114	0	0	*	2
92	3681	135	115	0	0	*	2
93	3721	135	116	0	0	*	2
94	3761	135	118	0	0	*	2
95	3801	135	119	0	0	*	2
96	3841	135	120	0	0	*	2
97	3881	136	121	0	0	*	2
98	3921	136	122	0	0	*	2
99	3961	137	123	0	0	*	2
100	4001	138	123	0	0	*	2
101	4041	139	124	0	0	*	2
102	4081	140	124	0	0	*	2
103	4121	142	125	0	0	*	2
104	4161	143	125	0	0	*	2
105	4201	144	126	0	0	*	2
106	4241	145	127	0	0	*	2
107	4281	146	128	0	0	*	2
108	4321	146	128	0	0	*	2
109	4361	147	129	0	0	*	2
110	4401	148	130	0	0	*	2
111	4441	149	132	0	0	*	2
112	4481	150	133	0	0	*	2
113	4521	151	133	0	0	*	2
114	4561	152	134	0	0	*	2
115	4601	154	134	0	0	*	2
116	4641	156	134	0	0	*	2
117	4681	157	134	0	0	*	2
118	4721	158	134	0	0	*	2
119	4761	159	134	0	0	*	2
120	4801	159	133	0	0	*	2
121	4841	161	132	0	0	*	2
122	4881	162	130	0	0	*	2
123	4921	162	129	0	0	*	2
124	4961	163	128	0	0	*	2
125	5001	164	126	0	0	*	2
126	5041	164	125	0	0	*	2
127	5081	165	123	0	0	*	2
128	5121	166	121	0	0	*	2
129	5161	166	120	0	0	*	2
130	5201	166	118	0	0	*	2
131	5241	166	117	0	0	*	2
132	5281	166	116	0	0	*	2
133	5321	166	114	0	0	*	2
134	5361	165	112	0	0	*	2
135	5401	165	111	0	0	*	2
136	5441	164	110	0	0	*	2
137	5481	162	108	0	0	*	2
138	5521	161	107	0	0	*	2
139	5561	160	106	0	0	*	2
140	5601	159	104	0	0	*	2
141	5641	158	103	0	0	*	2
142	5681	156	102	0	0	*	2
143	5721	154	102	0	0	*	2
144	5761	153	101	0	0	*	2
145	5801	151	100	0	0	*	2
146	5841	149	100	0	0	*	2
147	5881	147	99	0	0	*	2
148	5921	145	99	0	0	*	2
149	5961	143	99	0	0	*	2
150	6001	141	99	0	0	*	2
151	6041	139	98	0	0	*	2
152	6081	137	98	0	0	*	2
153	6121	134	98	0	0	*	2
154	6161	133	98	0	0	*	2
155	6201	130	98	0	0	*	2
156	6241	128	98	0	0	*	2
157	6281	126	98	0	0	*	2
158	6321	123	97	0	0	*	2
159	6361	121	97	0	0	*	2
160	6401	120	97	0	0	*	2
161	6441	117	97	0	0	*	2
162	6481	115	97	0	0	*	2
163	6521	113	97	0	0	*	2
164	6561	110	96	0	0	*	2
165	6601	108	96	0	0	*	2
166	6641	106	96	0	0	*	2
167	6681	104	96	0	0	*	2
168	6721	101	95	0	0	*	2
169	6761	99	95	0	0	*	2
170	6801	97	95	0	0	*	2
171	6841	94	95	0	0	*	2
172	6881	92	94	0	0	*	2
173	6921	90	94	0	0	*	2
174	6961	88	94	0	0	*	2
175	7001	86	95	0	0	*	2
176	7041	84	95	0	0	*	2
177	7081	82	95	0	0	*	2
178	7121	79	96	0	0	*	2
179	7161	77	97	0	0	*	2
180	7201	75	97	0	0	*	2
181	7241	73	98	0	0	*	2
182	7281	71	98	0	0	*	2
183	7321	69	99	0	0	*	2
184	7361	66	99	0	0	*	2
185	7401	64	100	0	0	*	2
186	7441	62	100	0	0	*	2
187	7481	60	101	0	0	*	2
188	7521	57	102	0	0	*	2
189	7561	55	103	0	0	*	2
190	7601	53	103	0	0	*	2
191	7641	51	104	0	0	*	2
192	7681	49	105	0	0	*	2
193	7721	47	106	0	0	*	2
194	7761	45	106	0	0	*	2
195	7801	43	107	0	0	*	2
196	7841	40	107	0	0	*	2
197	7881	38	108	0	0	*	2
198	7921	36	109	0	0	*	2
199	7961	34	109	0	0	*	2
200	8001	32	109	0	0	*	2
201	8041	29	110	0	0	*	2
202	8081	27	110	0	0	*	2
203	8121	25	110	0	0	*	2
204	8161	24	111	0	0	*	2
205	8201	21	111	0	0	*	2
206	8241	20	111	0	0	*	2
207	8281	18	112	0	0	*	2
208	8321	21	111	0	0	*	2
209	8361	19	111	0	0	*	2
210	8401	17	112	0	0	*	2
211	8441	15	112	0	0	*	2
212	8481	13	113	0	0	*	2
213	8521	12	113	0	0	*	2
214	8561	12	114	0	0	*	2
215	8601	12	115	0	0	*	2
216	8641	12	116	0	0	*	2
217	8681	11	116	0	0	*	2
218	8721	11	118	0	0	*	2
219	8761	9	121	0	0	*	2
220	8801	10	122	0	0	*	2
221	8841	13	118	0	0	*	2
222	8881	13	119	0	0	*	2
223	8921	13	121	0	0	*	2
224	8961	13	121	0	0	*	2
225	9001	13	122	0	0	*	2
226	9041	14	124	0	0	*	2
227	9081	14	125	0	0	*	2
228	9121	16	135	0	0	*	2
229	9161	15	129	0	0	*	2
230	9201	19	137	0	0	*	2
231	9241	17	132	0	0	*	2
232	9281	18	134	0	0	*	2
233	9321	19	136	0	0	*	2
234	9361	24	144	0	0	*	2
235	9401	25	146	0	0	*	2
236	9441	23	141	0	0	*	2
237	9481	28	149	0	0	*	2
238	9521	26	145	0	0	*	2
239	9561	27	147	0	0	*	2
240	9601	33	154	0	0	*	2
241	9641	35	156	0	0	*	2
242	9681	36	157	0	0	*	2
243	9721	38	158	0	0	*	2
244	9761	40	159	0	0	*	2
245	9801	42	160	0	0	*	2
246	9841	45	161	0	0	*	2
247	9881	47	162	0	0	*	2
248	9921	49	163	0	0	*	2
249	9961	51	164	0	0	*	2
250	10001	53	165	0	0	*	2
251	10041	56	166	0	0	*	2
252	10081	58	167	0	0	*	2
253	10121	60	168	0	0	*	2
254	10161	63	169	0	0	*	2
255	10201	65	170	0	0	*	2
256	10241	67	171	0	0	*	2
257	10281	70	172	0	0	*	2
258	10321	73	173	0	0	*	2
259	10361	75	173	0	0	*	2
260	10401	78	175	0	0	*	2
261	10441	80	175	0	0	*	2
262	10481	82	176	0	0	*	2
263	10521	85	177	0	0	*	2
264	10561	87	178	0	0	*	2
265	10601	89	179	0	0	*	2
266	10641	93	180	0	0	*	2
267	10681	95	181	0	0	*	2
268	10721	97	182	0	0	*	2
269	10761	100	183	0	0	*	2
270	10801	102	184	0	0	*	2
271	10841	105	184	0	0	*	2
272	10881	108	185	0	0	*	2
273	10921	110	185	0	0	*	2
274	10961	113	185	0	0	*	2
275	11001	116	186	0	0	*	2
276	11041	118	186	0	0	*	2
277	11081	120	186	0	0	*	2
278	11121	123	186	0	0	*	2
279	11161	126	186	0	0	*	2
280	11201	128	186	0	0	*	2
281	11241	131	186	0	0	*	2
282	11281	134	186	0	0	*	2
283	11321	136	186	0	0	*	2
284	11361	138	186	0	0	*	2
285	11401	141	185	0	0	*	2
286	11441	143	185	0	0	*	2
287	11481	146	185	0	0	*	2
288	11521	149	185	0	0	*	2
289	11561	151	185	0	0	*	2
290	11601	153	184	0	0	*	2
291	11641	156	184	0	0	*	2
292	11681	158	184	0	0	*	2
293	11721	161	183	0	0	*	2
294	11761	164	183	0	0	*	2
295	11801	166	182	0	0	*	2
296	11841	169	182	0	0	*	2
297	11881	171	182	0	0	*	2
298	11921	173	181	0	0	*	2
299	11961	176	181	0	0	*	2
300	12001	179	180	0	0	*	2
301	12041	181	180	0	0	*	2
302	12081	183	179	0	0	*	2
303	12121	186	179	0	0	*	2
304	12161	188	178	0	0	*	2
305	12201	191	177	0	0	*	2
306	12241	193	176	0	0	*	2
307	12281	195	175	0	0	*	2
308	12321	197	174	0	0	*	2
309	12361	200	173	0	0	*	2
310	12401	202	172	0	0	*	2
311	12441	204	171	0	0	*	2
312	12481	206	170	0	0	*	2
313	12521	208	169	0	0	*	2
314	12561	210	168	0	0	*	2
315	12601	213	167	0	0	*	2
316	12641	215	166	0	0	*	2
317	12681	217	165	0	0	*	2
318	12721	219	163	0	0	*	2
319	12761	221	162	0	0	*	2
320	12801	222	161	0	0	*	2
321	12841	224	159	0	0	*	2
322	12881	226	158	0	0	*	2
323	12921	228	156	0	0	*	2
324	12961	229	154	0	0	*	2
325	13001	231	152	0	0	*	2
326	13041	232	150	0	0	*	2
327	13081	233	149	0	0	*	2
328	13121	234	147	0	0	*	2
329	13161	235	145	0	0	*	2
330	13201	236	143	0	0	*	2
331	13241	237	141	0	0	*	2
332	13281	238	139	0	0	*	2
333	13321	236	142	0	0	*	2
334	13361	239	135	0	0	*	2
335	13401	239	133	0	0	*	2
336	13441	240	131	0	0	*	2
337	13481	240	128	0	0	*	2
338	13521	240	126	0	0	*	2
339	13561	240	124	0	0	*	2
340	13601	240	121	0	0	*	2
341	13641	240	119	0	0	*	2
342	13681	240	116	0	0	*	2
343	13721	240	114	0	0	*	2
344	13761	240	112	0	0	*	2
345	13801	240	110	0	0	*	2
346	13841	240	107	0	0	*	2
347	13881	240	105	0	0	*	2
348	13921	240	103	0	0	*	2
349	13961	239	100	0	0	*	2
350	14001	239	98	0	0	*	2
351	14041	239	95	0	0	*	2
352	14081	238	93	0	0	*	2
353	14121	237	91	0	0	*	2
354	14161	237	89	0	0	*	2
355	14201	236	86	0	0	*	2
356	14241	235	84	0	0	*	2
357	14281	235	82	0	0	*	2
358	14321	234	79	0	0	*	2
359	14361	233	77	0	0	*	2
360	14401	233	75	0	0	*	2
361	14441	233	73	0	0	*	2
362	14481	232	72	0	0	*	2
363	14521	231	70	0	0	*	2
364	14561	231	70	0	0	*	2
365	14601	229	69	0	0	*	2
366	14641	228	68	0	0	*	2
367	14681	226	67	0	0	*	2
368	14721	225	66	0	0	*	2
369	14761	223	66	0	0	*	2
370	14801	221	65	0	0	*	2
371	14841	220	64	0	0	*	2
372	14881	219	63	0	0	*	2
373	14921	217	63	0	0	*	2
374	14961	215	62	0	0	*	2
375	15001	213	61	0	0	*	2
376	15041	211	60	0	0	*	2
377	15081	209	59	0	0	*	2
378	15121	207	58	0	0	*	2
379	15161	206	57	0	0	*	2
380	15201	203	56	0	0	*	2
381	15241	201	55	0	0	*	2
382	15281	200	54	0	0	*	2
383	15321	198	54	0	0	*	2
384	15361	195	53	0	0	*	2
385	15401	194	52	0	0	*	2
386	15441	192	51	0	0	*	2
387	15481	189	49	0	0	*	2
388	15521	188	48	0	0	*	2
389	15561	185	47	0	0	*	2
390	15601	183	46	0	0	*	2
391	15641	181	45	0	0	*	2
392	15681	179	44	0	0	*	2
393	15721	177	43	0	0	*	2
394	15761	175	42	0	0	*	2
395	15801	173	40	0	0	*	2
396	15841	170	39	0	0	*	2
397	15881	169	37	0	0	*	2
398	15921	167	36	0	0	*	2
399	15961	164	35	0	0	*	2
400	16001	162	34	0	0	*	2
401	16041	160	33	0	0	*	2
402	16081	158	32	0	0	*	2
403	16121	156	31	0	0	*	2
404	16161	154	30	0	0	*	2
405	16201	151	29	0	0	*	2
406	16241	149	29	0	0	*	2
407	16281	147	28	0	0	*	2
408	16321	145	27	0	0	*	2
409	16361	142	26	0	0	*	2
410	16401	140	26	0	0	*	2
411	16441	138	25	0	0	*	2
412	16481	135	25	0	0	*	2
413	16521	133	24	0	0	*	2
414	16561	131	24	0	0	*	2
415	16601	128	23	0	0	*	2
416	16641	126	23	0	0	*	2
417	16681	124	23	0	0	*	2
418	16721	121	22	0	0	*	2
419	16761	119	22	0	0	*	2
420	16801	117	22	0	0	*	2
421	16841	114	21	0	0	*	2
422	16881	112	21	0	0	*	2
423	16921	109	21	0	0	*	2
424	16961	108	21	0	0	*	2
425	17001	105	22	0	0	*	2
426	17041	103	22	0	0	*	2
427	17081	100	22	0	0	*	2
428	17121	97	22	0	0	*	2
429	17161	95	22	0	0	*	2
430	17201	93	23	0	0	*	2
431	17241	90	23	0	0	*	2
432	17281	88	23	0	0	*	2
433	17321	86	23	0	0	*	2
434	17361	84	24	0	0	*	2
435	17401	81	25	0	0	*	2
436	17441	79	25	0	0	*	2
437	17481	77	26	0	0	*	2
438	17521	75	28	0	0	*	2
439	17561	73	29	0	0	*	2
440	17601	71	30	0	0	*	2
441	17641	69	31	0	0	*	2
442	17681	67	32	0	0	*	2
443	17721	65	33	0	0	*	2
444	17761	62	35	0	0	*	2
445	17801	61	36	0	0	*	2
446	17841	59	37	0	0	*	2
447	17881	56	39	0	0	*	2
448	17921	54	40	0	0	*	2
449	17961	52	42	0	0	*	2
450	18001	50	43	0	0	*	2
451	18041	49	45	0	0	*	2
452	18081	47	46	0	0	*	2
453	18121	44	47	0	0	*	2
454	18161	42	49	0	0	*	2
455	18201	41	50	0	0	*	2
456	18241	39	51	0	0	*	2
457	18281	37	53	0	0	*	2
458	18321	36	54	0	0	*	2
459	18361	35	56	0	0	*	2
460	18401	38	54	0	0	*	2
461	18441	37	55	0	0	*	2
462	18481	32	60	0	0	*	2
463	18521	36	57	0	0	*	2
464	18561	35	58	0	0	*	2
465	18601	34	59	0	0	*	2
466	18641	34	61	0	0	*	2
467	18681	33	62	0	0	*	2
468	18721	33	63	0	0	*	2
469	18761	33	63	0	0	*	2
470	18801	32	65	0	0	*	2
471	18841	32	67	0	0	*	2
472	18881	32	69	0	0	*	2
473	18921	33	71	0	0	*	2
474	18961	34	73	0	0	*	2
475	19001	36	82	0	0	*	2
476	19041	36	85	0	0	*	2
477	19081	37	86	0	0	*	2
478	19121	38	88	0	0	*	2
479	19161	39	91	0	0	*	2
480	19201	39	93	0	0	*	2
481	19241	40	94	0	0	*	2
482	19281	41	97	0	0	*	2
483	19321	42	99	0	0	*	2
484	19361	43	101	0	0	*	2
485	19401	44	103	0	0	*	2
486	19441	44	105	0	0	*	2
487	19481	45	108	0	0	*	2
488	19521	46	110	0	0	*	2
489	19561	47	112	0	0	*	2
490	19601	49	115	0	0	*	2
491	19641	49	117	0	0	*	2
492	19681	50	119	0	0	*	2
493	19721	52	121	0	0	*	2
494	19761	53	124	0	0	*	2
495	19801	54	126	0	0	*	2
496	19841	55	128	0	0	*	2
497	19881	57	130	0	0	*	2
498	19921	58	132	0	0	*	2
499	19961	59	135	0	0	*	2
500	20001	60	138	0	0	*	2
501	20041	61	139	0	0	*	2
502	20081	63	142	0	0	*	2
503	20121	64	144	0	0	*	2
504	20161	65	146	0	0	*	2
505	20201	67	149	0	0	*	2
506	20241	68	151	0	0	*	2
507	20281	69	153	0	0	*	2
508	20321	71	155	0	0	*	2
509	20361	73	158	0	0	*	2
510	20401	74	159	0	0	*	2
511	20441	75	162	0	0	*	2
512	20481	77	164	0	0	*	2
513	20521	78	165	0	0	*	2
514	20561	80	168	0	0	*	2
515	20601	82	170	0	0	*	2
516	20641	83	172	0	0	*	2
517	20681	84	174	0	0	*	2
518	20721	86	177	0	0	*	2
519	20761	87	179	0	0	*	2
520	20801	89	181	0	0	*	2
521	20841	90	183	0	0	*	2
522	20881	92	185	0	0	*	2
523	20921	93	186	0	0	*	2
524	20961	95	189	0	0	*	2
525	21001	97	191	0	0	*	2
526	21041	98	193	0	0	*	2
527	21081	100	195	0	0	*	2
528	21121	102	197	0	0	*	2
529	21161	103	198	0	0	*	2
530	21201	105	201	0	0	*	2
531	21241	107	203	0	0	*	2
532	21281	109	204	0	0	*	2
533	21321	111	206	0	0	*	2
534	21361	113	208	0	0	*	2
535	21401	115	209	0	0	*	2
536	21441	117	211	0	0	*	2
537	21481	120	213	0	0	*	2
538	21521	121	214	0	0	*	2
539	21561	123	216	0	0	*	2
540	21601	126	217	0	0	*	2
541	21641	128	218	0	0	*	2
542	21681	129	219	0	0	*	2
543	21721	132	221	0	0	*	2
544	21761	134	222	0	0	*	2
545	21801	136	223	0	0	*	2
546	21841	138	224	0	0	*	2
547	21881	140	225	0	0	*	2
548	21921	142	225	0	0	*	2
549	21961	145	226	0	0	*	2
550	22001	146	227	0	0	*	2
551	22041	149	227	0	0	*	2
552	22081	151	227	0	0	*	2
553	22121	153	228	0	0	*	2
554	22161	155	228	0	0	*	2
555	22201	158	228	0	0	*	2
556	22241	159	229	0	0	*	2
557	22281	162	229	0	0	*	2
558	22321	164	229	0	0	*	2
559	22361	166	229	0	0	*	2
560	22401	164	229	0	0	*	2
561	22441	170	229	0	0	*	2
562	22481	171	228	0	0	*	2
563	22521	167	228	0	0	*	2
564	22561	174	226	0	0	*	2
565	22601	175	225	0	0	*	2
566	22641	172	226	0	0	*	2
567	22681	173	225	0	0	*	2
568	22721	174	224	0	0	*	2
569	22761	175	223	0	0	*	2
570	22801	177	222	0	0	*	2
571	22841	177	221	0	0	*	2
572	22881	178	219	0	0	*	2
573	22921	180	217	0	0	*	2
574	22961	180	216	0	0	*	2
575	23001	181	214	0	0	*	2
576	23041	182	211	0	0	*	2
577	23081	182	210	0	0	*	2
578	23121	182	208	0	0	*	2
579	23161	182	206	0	0	*	2
580	23201	182	205	0	0	*	2
581	23241	184	197	0	0	*	2
582	23281	184	195	0	0	*	2
583	23321	183	198	0	0	*	2
584	23361	183	194	0	0	*	2
585	23401	183	192	0	0	*	2
586	23441	185	185	0	0	*	2
587	23481	185	183	0	0	*	2
588	23521	186	180	0	0	*	2
589	23561	186	178	0	0	*	2
590	23601	187	175	0	0	*	2
591	23641	188	173	0	0	*	2
592	23681	188	170	0	0	*	2
593	23721	189	168	0	0	*	2
594	23761	190	165	0	0	*	2
595	23801	189	167	0	0	*	2
596	23841	189	164	0	0	*	2
597	23881	191	159	0	0	*	2
598	23921	192	156	0	0	*	2
599	23961	193	153	0	0	*	2
600	24001	193	151	0	0	*	2
601	24041	192	153	0	0	*	2
602	24081	194	146	0	0	*	2
603	24121	193	148	0	0	*	2
604	24161	194	145	0	0	*	2
605	24201	196	138	0	0	*	2
606	24241	196	135	0	0	*	2
607	24281	197	133	0	0	*	2
608	24321	198	130	0	0	*	2
609	24361	198	128	0	0	*	2
610	24401	199	125	0	0	*	2
611	24441	200	122	0	0	*	2
612	24481	200	120	0	0	*	2
613	24521	201	117	0	0	*	2
614	24561	202	115	0	0	*	2
615	24601	202	112	0	0	*	2
616	24641	203	109	0	0	*	2
617	24681	203	107	0	0	*	2
618	24721	204	104	0	0	*	2
619	24761	204	102	0	0	*	2
620	24801	205	99	0	0	*	2
621	24841	205	97	0	0	*	2
622	24881	206	94	0	0	*	2
623	24921	206	92	0	0	*	2
624	24961	207	89	0	0	*	2
625	25001	207	86	0	0	*	2
626	25041	208	84	0	0	*	2
627	25081	208	82	0	0	*	2
628	25121	208	79	0	0	*	2
629	25161	208	76	0	0	*	2
630	25201	208	73	0	0	*	2
631	25241	208	71	0	0	*	2
632	25281	208	69	0	0	*	2
633	25321	208	67	0	0	*	2
634	25361	208	64	0	0	*	2
635	25401	207	62	0	0	*	2
636	25441	207	59	0	0	*	2
637	25481	207	57	0	0	*	2
638	25521	207	54	0	0	*	2
639	25561	206	52	0	0	*	2
640	25601	206	50	0	0	*	2
641	25641	206	47	0	0	*	2
642	25681	206	46	0	0	*	2
643	25721	205	44	0	0	*	2
644	25761	204	42	0	0	*	2
645	25801	203	40	0	0	*	2
646	25841	202	39	0	0	*	2
647	25881	201	37	0	0	*	2
648	25921	200	36	0	0	*	2
649	25961	198	34	0	0	*	2
650	26001	197	33	0	0	*	2
651	26041	196	31	0	0	*	2
652	26081	194	29	0	0	*	2
653	26121	193	28	0	0	*	2
654	26161	192	26	0	0	*	2
655	26201	191	24	0	0	*	2
656	26241	190	23	0	0	*	2
657	26281	188	22	0	0	*	2
658	26321	191	24	0	0	*	2
659	26361	190	23	0	0	*	2
660	26401	189	22	0	0	*	2
661	26441	188	21	0	0	*	2
662	26481	186	20	0	0	*	2
663	26521	185	19	0	0	*	2
664	26561	183	18	0	0	*	2
665	26601	181	17	0	0	*	2
666	26641	177	14	0	0	*	2
667	26681	180	17	0	0	*	2
668	26721	179	17	0	0	*	2
669	26761	172	14	0	0	*	2
670	26801	170	13	0	0	*	2
671	26841	169	13	0	0	*	2
672	26881	173	16	0	0	*	2
673	26921	172	15	0	0	*	2
674	26961	170	15	0	0	*	2
675	27001	162	14	0	0	*	2
676	27041	161	14	0	0	*	2
677	27081	158	14	0	0	*	2
678	27121	157	14	0	0	*	2
679	27161	155	14	0	0	*	2
680	27201	152	14	0	0	*	2
681	27241	151	14	0	0	*	2
682	27281	148	14	0	0	*	2
683	27321	146	14	0	0	*	2
684	27361	145	14	0	0	*	2
685	27401	143	15	0	0	*	2
686	27441	140	15	0	0	*	2
687	27481	138	15	0	0	*	2
688	27521	136	15	0	0	*	2
689	27561	134	15	0	0	*	2
690	27601	132	15	0	0	*	2
691	27641	130	15	0	0	*	2
692	27681	127	16	0	0	*	2
693	27721	125	16	0	0	*	2
694	27761	123	16	0	0	*	2
695	27801	120	17	0	0	*	2
696	27841	118	17	0	0	*	2
697	27881	116	18	0	0	*	2
698	27921	114	18	0	0	*	2
699	27961	111	18	0	0	*	2
700	28001	109	19	0	0	*	2
701	28041	107	19	0	0	*	2
702	28081	105	19	0	0	*	2
703	28121	103	20	0	0	*	2
704	28161	100	21	0	0	*	2
705	28201	98	21	0	0	*	2
706	28241	96	22	0	0	*	2
707	28281	94	22	0	0	*	2
708	28321	92	23	0	0	*	2
709	28361	89	24	0	0	*	2
710	28401	87	24	0	0	*	2
711	28441	85	25	0	0	*	2
712	28481	84	26	0	0	*	2
713	28521	82	27	0	0	*	2
714	28561	81	28	0	0	*	2
715	28601	79	29	0	0	*	2
716	28641	78	30	0	0	*	2
717	28681	76	31	0	0	*	2
718	28721	75	33	0	0	*	2
719	28761	73	35	0	0	*	2
720	28801	73	36	0	0	*	2
721	28841	71	37	0	0	*	2
722	28881	70	39	0	0	*	2
723	28921	69	41	0	0	*	2
724	28961	68	42	0	0	*	2
725	29001	66	45	0	0	*	2
726	29041	65	46	0	0	*	2
727	29081	63	48	0	0	*	2
728	29121	62	50	0	0	*	2
729	29161	61	51	0	0	*	2
730	29201	60	53	0	0	*	2
731	29241	59	55	0	0	*	2
732	29281	58	55	0	0	*	2
733	29321	57	56	0	0	*	2
734	29361	56	56	0	0	*	2
735	29401	56	57	0	0	*	2
736	29441	55	58	0	0	*	2
737	29481	55	58	0	0	*	2
738	29521	55	59	0	0	*	2
739	29561	55	60	0	0	*	2
740	29601	55	61	0	0	*	2
741	29641	54	62	0	0	*	2
742	29681	53	63	0	0	*	2
743	29721	53	64	0	0	*	2
744	29761	53	65	0	0	*	2
745	29801	53	66	0	0	*	2
746	29841	53	66	0	0	*	2
747	29881	54	67	0	0	*	2
748	29921	54	67	0	0	*	2
749	29961	55	68	0	0	*	2
750	30001	57	67	0	1	*	2
751	30041	57	68	0	1	*	2
752	30081	56	68	0	1	*	2
753	30121	57	68	0	1	*	2
754	30161	57	68	0	1	*	2
755	30201	57	67	0	1	*	2
756	30241	57	67	0	1	*	2
757	30281	58	67	0	1	*	2
758	30321	58	67	0	1	*	2
759	30361	59	67	0	1	*	2
760	30401	60	67	0	1	*	2
761	30441	60	67	0	1	*	2
762	30481	61	67	0	1	*	2
763	30521	61	67	0	1	*	2
764	30561	61	67	0	1	*	2
765	30601	62	66	0	1	*	2
766	30641	62	67	0	1	*	2
767	30681	63	66	0	1	*	2
768	30721	64	67	0	1	*	2
769	30761	67	64	0	1	*	2
770	30801	68	64	0	1	*	2
771	30841	70	63	0	1	*	2
772	30881	71	63	0	1	*	2
773	30921	72	62	0	1	*	2
774	30961	73	61	0	0	*	2
775	31001	74	61	0	0	*	2
776	31041	75	61	0	0	*	2
777	31081	75	61	0	0	*	2
778	31121	76	61	0	0	*	2
779	31161	76	60	0	0	*	2
780	31201	76	59	0	0	*	2
781	31241	77	59	0	0	*	2
782	31281	77	57	0	0	*	2
783	31321	78	57	0	0	*	2
784	31361	79	58	0	0	*	2
785	31401	79	59	0	0	*	2
786	31441	80	60	0	0	*	2
787	31481	80	60	0	0	*	2
788	31521	81	61	0	0	*	2
789	31561	77	66	0	0	*	2
790	31601	82	61	0	0	*	2
791	31641	82	62	0	0	*	2
792	31681	83	62	0	0	*	2
793	31721	83	62	0	0	*	2
794	31761	85	63	0	0	*	2
795	31801	85	63	0	0	*	2
796	31841	86	63	0	0	*	2
797	31881	87	63	0	0	*	2
798	31921	88	63	0	0	*	2
799	31961	89	64	0	0	*	2
800	32001	89	64	0	0	*	2
801	32041	89	66	0	0	*	2
802	32081	91	66	0	0	*	2
803	32121	92	67	0	0	*	2
804	32161	93	67	0	0	*	2
805	32201	97	68	0	0	*	2
806	32241	96	69	0	0	*	2
807	32281	100	70	0	0	*	2
808	32321	101	72	0	0	*	2
809	32361	103	73	0	0	*	2
810	32401	103	74	0	0	*	2
811	32441	105	76	0	0	*	2
812	32481	107	78	0	0	*	2
813	32521	108	80	0	0	*	2
814	32561	109	81	0	0	*	2
815	32601	110	83	0	0	*	2
816	32641	111	85	0	0	*	2
817	32681	112	87	0	0	*	2
818	32721	114	89	0	0	*	2
819	32761	115	90	0	0	*	2
820	32801	116	93	0	0	*	2
821	32841	118	94	0	0	*	2
822	32881	119	96	0	0	*	2
823	32921	121	98	0	0	*	2
824	32961	122	101	0	0	*	2
825	33001	123	102	0	0	*	2
826	33041	125	105	0	0	*	2
827	33081	126	106	0	0	*	2
828	33121	128	108	0	0	*	2
829	33161	129	110	0	0	*	2
830	33201	131	112	0	0	*	2
831	33241	132	114	0	0	*	2
832	33281	134	116	0	0	*	2
833	33321	135	117	0	0	*	2
834	33361	137	119	0	0	*	2
835	33401	138	121	0	0	*	2
836	33441	140	123	0	0	*	2
837	33481	142	125	0	0	*	2
838	33521	144	127	0	0	*	2
839	33561	145	129	0	0	*	2
840	33601	146	131	0	0	*	2
841	33641	148	133	0	0	*	2
842	33681	149	135	0	0	*	2
843	33721	151	137	0	0	*	2
844	33761	153	139	0	0	*	2
845	33801	154	141	0	0	*	2
846	33841	156	143	0	0	*	2
847	33881	158	145	0	0	*	2
848	33921	159	147	0	0	*	2
849	33961	161	148	0	0	*	2
850	34001	163	150	0	0	*	2
851	34041	165	152	0	0	*	2
852	34081	166	154	0	0	*	2
853	34121	168	155	0	0	*	2
854	34161	169	157	0	0	*	2
855	34201	171	159	0	0	*	2
856	34241	172	160	0	0	*	2
857	34281	174	162	0	0	*	2
858	34321	176	163	0	0	*	2
859	34361	177	165	0	0	*	2
860	34401	179	166	0	0	*	2
861	34441	180	168	0	0	*	2
862	34481	182	170	0	0	*	2
863	34521	180	167	0	0	*	2
864	34561	181	169	0	0	*	2
865	34601	183	172	0	0	*	2
866	34641	185	176	0	0	*	2
867	34681	185	179	0	0	*	2
868	34721	186	181	0	0	*	2
869	34761	186	183	0	0	*	2
870	34801	186	184	0	0	*	2
871	34841	186	185	0	0	*	2
872	34881	186	185	0	0	*	2
873	34921	186	184	0	0	*	2
874	34961	185	190	0	0	*	2
875	35001	185	192	0	0	*	2
876	35041	185	194	0	0	*	2
877	35081	185	190	0	0	*	2
878	35121	184	195	0	0	*	2
879	35161	183	196	0	0	*	2
880	35201	182	196	0	0	*	2
881	35241	180	197	0	0	*	2
882	35281	178	197	0	0	*	2
883	35321	177	197	0	0	*	2
884	35361	175	198	0	0	*	2
885	35401	174	198	0	0	*	2
886	35441	172	198	0	0	*	2
887	35481	170	198	0	0	*	2
888	35521	169	198	0	0	*	2
889	35561	167	199	0	0	*	2
890	35601	166	198	0	0	*	2
891	35641	165	198	0	0	*	2
892	35681	163	197	0	0	*	2
893	35721	162	197	0	0	*	2
894	35761	159	196	0	0	*	2
895	35801	157	195	0	0	*	2
896	35841	156	195	0	0	*	2
897	35881	155	194	0	0	*	2
898	35921	152	193	0	0	*	2
899	35961	151	193	0	0	*	2
900	36001	149	192	0	0	*	2
901	36042	146	191	0	0	*	2
902	36082	145	190	0	0	*	2
903	36121	143	190	0	0	*	2
904	36162	142	189	0	0	*	2
905	36201	139	188	0	0	*	2
906	36241	137	187	0	0	*	2
907	36282	134	186	0	0	*	2
908	36321	132	185	0	0	*	2
909	36362	130	185	0	0	*	2
910	36402	127	184	0	0	*	2
911	36442	125	184	0	0	*	2
912	36482	124	183	0	0	*	2
913	36522	120	182	0	0	*	2
914	36562	118	181	0	0	*	2
915	36602	115	180	0	0	*	2
916	36642	113	180	0	0	*	2
917	36682	111	179	0	0	*	2
918	36722	109	179	0	0	*	2
919	36762	106	178	0	0	*	2
920	36802	104	177	0	0	*	2
921	36842	102	176	0	0	*	2
922	36882	99	176	0	0	*	2
923	36922	97	175	0	0	*	2
924	36962	95	175	0	0	*	2
925	37002	92	174	0	0	*	2
926	37042	89	173	0	0	*	2
927	37082	87	172	0	0	*	2
928	37122	85	172	0	0	*	2
929	37162	82	171	0	0	*	2
930	37202	79	171	0	0	*	2
931	37242	77	170	0	0	*	2
932	37282	75	169	0	0	*	2
933	37322	73	168	0	0	*	2
934	37362	71	168	0	0	*	2
935	37402	69	167	0	0	*	2
936	37442	65	166	0	0	*	2
937	37482	64	165	0	0	*	2
938	37522	61	165	0	0	*	2
939	37562	59	164	0	0	*	2
940	37602	57	163	0	0	*	2
941	37642	55	163	0	0	*	2
942	37682	53	162	0	0	*	2
943	37722	51	162	0	0	*	2
944	37762	49	162	0	0	*	2
945	37802	47	161	0	0	*	2
946	37842	45	161	0	0	*	2
947	37882	43	160	0	0	*	2
948	37922	42	159	0	0	*	2
949	37962	40	159	0	0	*	2
950	38002	39	158	0	0	*	2
951	38042	41	158	0	0	*	2
952	38082	37	156	0	0	*	2
953	38122	36	155	0	0	*	2
954	38162	36	153	0	0	*	2
955	38202	38	154	0	0	*	2
956	38242	38	154	0	0	*	2
957	38282	38	154	0	0	*	2
958	38322	38	153	0	0	*	2
959	38362	39	149	0	0	*	2
960	38402	39	151	0	0	*	2
961	38442	39	151	0	0	*	2
962	38482	39	150	0	0	*	2
963	38522	40	149	0	0	*	2
964	38562	41	147	0	0	*	2
965	38602	42	146	0	0	*	2
966	38642	45	142	0	0	*	2
967	38682	46	141	0	0	*	2
968	38722	45	142	0	0	*	2
969	38762	46	141	0	0	*	2
970	38802	46	140	0	0	*	2
971	38842	47	139	0	0	*	2
972	38882	52	135	0	0	*	2
973	38922	53	133	0	0	*	2
974	38962	55	131	0	0	*	2
975	39002	51	134	0	0	*	2
976	39042	53	132	0	0	*	2
977	39082	55	131	0	0	*	2
978	39122	60	125	0	0	*	2
979	39162	58	127	0	0	*	2
980	39202	59	125	0	0	*	2
981	39242	64	120	0	0	*	2
982	39282	62	122	0	0	*	2
983	39322	67	116	0	0	*	2
984	39362	68	115	0	0	*	2
985	39402	70	113	0	0	*	2
986	39442	68	115	0	0	*	2
987	39482	70	113	0	0	*	2
988	39522	75	107	0	0	*	2
989	39562	76	105	0	0	*	2
990	39602	78	103	0	0	*	2
991	39642	79	100	0	0	*	2
992	39682	81	98	0	0	*	2
993	39722	82	96	0	0	*	2
994	39762	83	94	0	0	*	2
995	39802	85	92	0	0	*	2
996	39842	86	90	0	0	*	2
997	39882	87	88	0	0	*	2
998	39922	88	86	0	0	*	2
999	39962	89	84	0	0	*	2
1000	40002	91	82	0	0	*	2
1001	40042	92	80	0	0	*	2
1002	40082	94	77	0	0	*	2
1003	40122	95	75	0	0	*	2
1004	40162	96	73	0	0	*	2
1005	40202	97	71	0	0	*	2
1006	40242	98	70	0	0	*	2
1007	40282	100	67	0	0	*	2
1008	40322	101	65	0	0	*	2
1009	40362	102	62	0	0	*	2
1010	40402	103	60	0	0	*	2
1011	40442	105	57	0	0	*	2
1012	40482	106	56	0	0	*	2
1013	40522	107	53	0	0	*	2
1014	40562	108	51	0	0	*	2
1015	40602	109	49	0	0	*	2
1016	40642	110	46	0	0	*	2
1017	40682	111	44	0	0	*	2
1018	40722	112	42	0	0	*	2
1019	40762	113	40	0	0	*	2
1020	40802	114	37	0	0	*	2
1021	40842	115	35	0	0	*	2
1022	40882	115	36	0	0	*	2
1023	40922	117	30	0	0	*	2
1024	40962	118	28	0	0	*	2
1025	41002	119	26	0	0	*	2
1026	41042	119	23	0	0	*	2
1027	41082	120	22	0	0	*	2
1028	41122	120	20	0	0	*	2
1029	41162	121	18	0	0	*	2
1030	41202	121	16	0	0	*	2
1031	41242	121	15	0	0	*	2
1032	41282	121	12	0	0	*	2
1033	41322	121	11	0	0	*	2
1034	41362	122	9	0	0	*	2
1035	41402	122	7	0	0	*	2
1036	41442	122	6	0	0	*	2
1037	41482	121	6	0	0	*	2
1038	41522	121	5	0	0	*	2
1039	41562	121	5	0	0	*	2
1040	41602	121	5	0	0	*	2
1041	41642	120	4	0	0	*	2
1042	41682	120	4	0	0	*	2
1043	41722	121	5	0	0	*	2
1044	41762	121	6	0	0	*	2
1045	41802	121	7	0	0	*	2
1046	41842	121	7	0	0	*	2
1047	41882	121	7	0	0	*	2
1048	41922	121	7	0	0	*	2
1049	41962	121	7	0	0	*	2
1050	42002	121	6	0	0	*	2
1051	42042	121	6	0	0	*	2
1052	42082	121	5	0	0	*	2
1053	42122	121	5	0	0	*	2
1054	42162	121	5	0	0	*	2
1055	42202	122	5	0	0	*	2
1056	42242	122	6	0	0	*	2
1057	42282	122	6	0	0	*	2
1058	42322	122	6	0	0	*	2
1059	42362	123	6	0	0	*	2
1060	42402	124	6	0	0	*	2
1061	42442	124	6	0	0	*	2
1062	42482	125	7	0	0	*	2
1063	42522	125	7	0	0	*	2
1064	42562	125	8	0	0	*	2
1065	42602	126	9	0	0	*	2
1066	42642	127	10	0	0	*	2
1067	42682	127	11	0	0	*	2
1068	42722	126	12	0	0	*	2
1069	42762	126	13	0	0	*	2
1070	42802	127	14	0	0	*	2
1071	42842	128	15	0	0	*	2
1072	42882	128	17	0	0	*	2
1073	42922	129	18	0	0	*	2
1074	42962	129	18	0	0	*	2
1075	43002	129	19	0	0	*	2
1076	43042	129	20	0	0	*	2
1077	43082	130	22	0	0	*	2
1078	43122	130	23	0	0	*	2
1079	43162	131	24	0	0	*	2
1080	43202	132	26	0	0	*	2
1081	43242	133	28	0	0	*	2
1082	43282	133	30	0	0	*	2
1083	43322	134	31	0	0	*	2
1084	43362	135	34	0	0	*	2
1085	43402	136	37	0	0	*	2
1086	43442	137	38	0	0	*	2
1087	43482	138	41	0	0	*	2
1088	43522	139	43	0	0	*	2
1089	43562	141	45	0	0	*	2
1090	43602	142	47	0	0	*	2
1091	43642	143	49	0	0	*	2
1092	43682	145	51	0	0	*	2
1093	43722	146	53	0	0	*	2
1094	43762	146	54	0	0	*	2
1095	43802	148	58	0	0	*	2
1096	43842	150	60	0	0	*	2
1097	43882	150	60	0	0	*	2
1098	43922	153	65	0	0	*	2
1099	43962	154	67	0	0	*	2
1100	44002	155	69	0	0	*	2
1101	44042	155	68	0	0	*	2
1102	44082	158	73	0	0	*	2
1103	44122	159	75	0	0	*	2
1104	44162	161	77	0	0	*	2
1105	44202	163	80	0	0	*	2
1106	44242	164	82	0	0	*	2
1107	44282	166	84	0	0	*	2
1108	44322	168	87	0	0	*	2
1109	44362	169	89	0	0	*	2
1110	44402	171	92	0	0	*	2
1111	44442	172	93	0	0	*	2
1112	44482	174	96	0	0	*	2
1113	44522	176	99	0	0	*	2
1114	44562	177	101	0	0	*	2
1115	44602	179	103	0	0	*	2
1116	44642	181	106	0	0	*	2
1117	44682	182	108	0	0	*	2
1118	44722	184	111	0	0	*	2
1119	44762	185	113	0	0	*	2
1120	44802	187	115	0	0	*	2
1121	44842	189	117	0	0	*	2
1122	44882	191	119	0	0	*	2
1123	44922	192	122	0	0	*	2
1124	44962	194	124	0	0	*	2
1125	45002	195	126	0	0	*	2
1126	45042	197	128	0	0	*	2
1127	45082	199	131	0	0	*	2
1128	45122	200	133	0	0	*	2
1129	45162	202	135	0	0	*	2
1130	45202	203	138	0	0	*	2
1131	45242	205	139	0	0	*	2
1132	45282	206	141	0	0	*	2
1133	45322	207	144	0	0	*	2
1134	45362	209	146	0	0	*	2
1135	45402	211	148	0	0	*	2
1136	45442	212	151	0	0	*	2
1137	45482	213	152	0	0	*	2
1138	45522	215	155	0	0	*	2
1139	45562	216	157	0	0	*	2
1140	45602	218	159	0	0	*	2
1141	45642	219	161	0	0	*	2
1142	45682	220	162	0	0	*	2
1143	45722	222	164	0	0	*	2
1144	45762	223	166	0	0	*	2
1145	45802	224	168	0	0	*	2
1146	45842	226	169	0	0	*	2
1147	45882	227	170	0	0	*	2
1148	45922	228	172	0	0	*	2
1149	45962	228	173	0	0	*	2
1150	46002	228	175	0	0	*	2
1151	46042	228	176	0	0	*	2
1152	46082	227	177	0	0	*	2
1153	46122	227	175	0	0	*	2
1154	46162	226	175	0	0	*	2
1155	46202	226	175	0	0	*	2
1156	46242	225	176	0	0	*	2
1157	46282	224	176	0	0	*	2
1158	46322	223	176	0	0	*	2
1159	46362	223	177	0	0	*	2
1160	46402	222	177	0	0	*	2
1161	46442	222	177	0	0	*	2
1162	46482	221	177	0	0	*	2
1163	46522	219	177	0	0	*	2
1164	46562	218	177	0	0	*	2
1165	46602	216	178	0	0	*	2
1166	46642	209	178	0	0	*	2
1167	46682	212	178	0	0	*	2
1168	46722	206	178	0	0	*	2
1169	46762	205	178	0	0	*	2
1170	46802	206	178	0	0	*	2
1171	46842	201	178	0	0	*	2
1172	46882	199	179	0	0	*	2
1173	46922	197	179	0	0	*	2
1174	46962	194	179	0	0	*	2
1175	47002	192	179	0	0	*	2
1176	47042	190	179	0	0	*	2
1177	47082	188	180	0	0	*	2
1178	47122	186	180	0	0	*	2
1179	47162	183	180	0	0	*	2
1180	47202	181	180	0	0	*	2
1181	47242	179	181	0	0	*	2
1182	47282	177	181	0	0	*	2
1183	47322	174	181	0	0	*	2
1184	47362	177	181	0	0	*	2
1185	47402	171	182	0	0	*	2
1186	47442	167	182	0	0	*	2
1187	47482	165	183	0	0	*	2
1188	47522	168	182	0	0	*	2
1189	47562	160	183	0	0	*	2
1190	47602	164	183	0	0	*	2
1191	47642	161	183	0	0	*	2
1192	47682	158	183	0	0	*	2
1193	47722	151	183	0	0	*	2
1194	47762	154	183	0	0	*	2
1195	47802	151	183	0	0	*	2
1196	47842	149	183	0	0	*	2
1197	47882	147	183	0	0	*	2
1198	47922	145	183	0	0	*	2
1199	47962	137	182	0	0	*	2
1200	48002	139	183	0	0	*	2
1201	48042	133	182	0	0	*	2
1202	48082	130	182	0	0	*	2
1203	48122	128	182	0	0	*	2
1204	48162	125	181	0	0	*	2
1205	48202	123	181	0	0	*	2
1206	48242	120	180	0	0	*	2
1207	48282	118	179	0	0	*	2
1208	48322	116	178	0	0	*	2
1209	48362	114	176	0	0	*	2
1210	48402	113	175	0	0	*	2
1211	48442	112	174	0	0	*	2
1212	48482	111	172	0	0	*	2
1213	48522	110	171	0	0	*	2
1214	48562	109	169	0	0	*	2
1215	48602	107	167	0	0	*	2
1216	48642	105	165	0	0	*	2
1217	48682	104	164	0	0	*	2
1218	48722	102	161	0	0	*	2
1219	48762	101	160	0	0	*	2
1220	48802	100	158	0	0	*	2
1221	48842	98	157	0	0	*	2
1222	48882	97	155	0	0	*	2
1223	48922	97	153	0	0	*	2
1224	48962	94	149	0	0	*	2
1225	49002	93	147	0	0	*	2
1226	49042	92	145	0	0	*	2
1227	49082	90	143	0	0	*	2
1228	49122	89	142	0	0	*	2
1229	49162	87	139	0	0	*	2
1230	49202	86	138	0	0	*	2
1231	49242	85	135	0	0	*	2
1232	49282	84	133	0	0	*	2
1233	49322	82	131	0	0	*	2
1234	49362	81	129	0	0	*	2
1235	49402	79	126	0	0	*	2
1236	49442	77	124	0	0	*	2
1237	49482	76	122	0	0	*	2
1238	49522	75	120	0	0	*	2
1239	49562	73	118	0	0	*	2
1240	49602	71	116	0	0	*	2
1241	49642	71	115	0	0	*	2
1242	49682	68	112	0	0	*	2
1243	49722	67	111	0	0	*	2
1244	49762	66	109	0	0	*	2
1245	49802	64	107	0	0	*	2
1246	49842	63	105	0	0	*	2
1247	49882	62	103	0	0	*	2
1248	49922	61	100	0	0	*	2
1249	49962	59	98	0	0	*	2
1250	50002	59	96	0	0	*	2
1251	50042	58	94	0	0	*	2
1252	50082	57	92	0	0	*	2
1253	50122	57	92	0	0	*	2
1254	50162	57	92	0	0	*	2
1255	50202	54	86	0	0	*	2
1256	50242	53	83	0	0	*	2
1257	50282	54	85	0	0	*	2
1258	50322	51	79	0	0	*	2
1259	50362	50	77	0	0	*	2
1260	50402	49	75	0	0	*	2
1261	50442	49	72	0	0	*	2
1262	50482	48	70	0	0	*	2
1263	50522	48	68	0	0	*	2
1264	50562	48	66	0	0	*	2
1265	50602	48	65	0	0	*	2
1266	50642	49	64	0	0	*	2
1267	50682	49	63	0	0	*	2
1268	50722	50	61	0	0	*	2
1269	50762	51	60	0	0	*	2
1270	50802	51	61	0	0	*	2
1271	50842	53	58	0	0	*	2
1272	50882	54	58	0	0	*	2
1273	50922	55	57	0	0	*	2
1274	50962	55	56	0	0	*	2
1275	51002	56	56	0	0	*	2
1276	51042	56	54	0	0	*	2
1277	51082	57	53	0	0	*	2
1278	51122	57	53	0	0	*	2
1279	51162	57	52	0	0	*	2
1280	51202	57	53	0	0	*	2
1281	51242	57	54	0	0	*	2
1282	51282	57	55	0	0	*	2
1283	51322	57	56	0	0	*	2
1284	51362	57	57	0	0	*	2
1285	51402	57	58	0	0	*	2
1286	51442	58	60	0	1	*	2
1287	51482	58	61	0	1	*	2
1288	51522	59	62	0	1	*	2
1289	51562	60	63	0	1	*	2
1290	51602	61	64	0	1	*	2
1291	51642	61	65	0	1	*	2
1292	51682	62	66	0	1	*	2
1293	51722	62	66	0	1	*	2
1294	51762	63	67	0	1	*	2
1295	51802	66	71	0	1	*	2
1296	51842	67	72	0	1	*	2
1297	51882	68	73	0	0	*	2
1298	51922	69	75	0	0	*	2
1299	51962	71	77	0	0	*	2
1300	52002	72	78	0	0	*	2
1301	52042	73	79	0	0	*	2
1302	52082	73	80	0	0	*	2
1303	52122	75	82	0	0	*	2
1304	52162	78	83	0	0	*	2
1305	52202	80	85	0	0	*	2
1306	52242	82	87	0	0	*	2
1307	52282	83	88	0	0	*	2
1308	52322	85	89	0	0	*	2
1309	52362	87	90	0	0	*	2
1310	52402	89	91	0	0	*	2
1311	52442	90	92	0	0	*	2
1312	52482	92	93	0	0	*	2
1313	52522	94	94	0	0	*	2
1314	52562	96	95	0	0	*	2
1315	52602	98	97	0	0	*	2
1316	52642	100	98	0	0	*	2
1317	52682	102	99	0	0	*	2
1318	52722	105	100	0	0	*	2
1319	52762	106	101	0	0	*	2
1320	52802	108	102	0	0	*	2
1321	52842	111	103	0	0	*	2
1322	52882	113	104	0	0	*	2
1323	52922	115	105	0	0	*	2
1324	52962	118	106	0	0	*	2
1325	53002	120	107	0	0	*	2
1326	53042	122	107	0	0	*	2
1327	53082	124	108	0	0	*	2
1328	53122	123	108	0	0	*	2
1329	53162	126	109	0	0	*	2
1330	53202	131	111	0	0	*	2
1331	53242	134	113	0	0	*	2
1332	53282	136	113	0	0	*	2
1333	53322	138	114	0	0	*	2
1334	53362	141	116	0	0	*	2
1335	53402	143	116	0	0	*	2
1336	53442	146	118	0	0	*	2
1337	53482	147	119	0	0	*	2
1338	53522	150	120	0	0	*	2
1339	53562	152	121	0	0	*	2
1340	53602	155	122	0	0	*	2
1341	53642	157	123	0	0	*	2
1342	53682	159	124	0	0	*	2
1343	53722	162	125	0	0	*	2
1344	53762	164	126	0	0	*	2
1345	53802	167	127	0	0	*	2
1346	53842	169	128	0	0	*	2
1347	53882	171	129	0	0	*	2
1348	53922	174	130	0	0	*	2
1349	53962	176	131	0	0	*	2
1350	54002	179	132	0	0	*	2
1351	54042	181	134	0	0	*	2
1352	54082	183	134	0	0	*	2
1353	54122	181	134	0	0	*	2
1354	54162	185	136	0	0	*	2
1355	54202	190	138	0	0	*	2
1356	54242	192	139	0	0	*	2
1357	54282	194	139	0	0	*	2
1358	54322	192	139	0	0	*	2
1359	54362	194	139	0	0	*	2
1360	54402	199	142	0	0	*	2
1361	54442	201	143	0	0	*	2
1362	54482	201	143	0	0	*	2
1363	54522	204	145	0	0	*	2
1364	54562	206	146	0	0	*	2
1365	54602	207	147	0	0	*	2
1366	54642	213	150	0	0	*	2
1367	54682	215	152	0	0	*	2
1368	54722	215	152	0	0	*	2
1369	54762	215	152	0	0	*	2
1370	54802	217	154	0	0	*	2
1371	54842	217	155	0	0	*	2
1372	54882	218	156	0	0	*	2
1373	54922	218	157	0	0	*	2
1374	54962	219	162	0	0	*	2
1375	55002	219	163	0	0	*	2
1376	55042	219	164	0	0	*	2
1377	55082	218	166	0	0	*	2
1378	55122	217	167	0	0	*	2
1379	55162	216	169	0	0	*	2
1380	55202	215	170	0	0	*	2
1381	55242	214	172	0	0	*	2
1382	55282	215	171	0	0	*	2
1383	55322	213	174	0	0	*	2
1384	55362	212	176	0	0	*	2
1385	55402	211	177	0	0	*	2
1386	55442	210	178	0	0	*	2
1387	55482	208	181	0	0	*	2
1388	55522	208	181	0	0	*	2
1389	55562	208	180	0	0	*	2
1390	55602	205	185	0	0	*	2
1391	55642	204	185	0	0	*	2
1392	55682	202	187	0	0	*	2
1393	55722	200	188	0	0	*	2
1394	55762	201	187	0	0	*	2
1395	55802	201	187	0	0	*	2
1396	55842	199	189	0	0	*	2
1397	55882	197	190	0	0	*	2
1398	55922	192	194	0	0	*	2
1399	55962	190	195	0	0	*	2
1400	56002	193	193	0	0	*	2
1401	56042	189	196	0	0	*	2
1402	56082	186	196	0	0	*	2
1403	56122	183	196	0	0	*	2
1404	56162	180	196	0	0	*	2
1405	56202	178	197	0	0	*	2
1406	56242	176	197	0	0	*	2
1407	56282	175	197	0	0	*	2
1408	56322	172	197	0	0	*	2
1409	56362	176	197	0	0	*	2
1410	56402	169	197	0	0	*	2
1411	56442	166	197	0	0	*	2
1412	56482	164	197	0	0	*	2
1413	56522	167	197	0	0	*	2
1414	56562	159	197	0	0	*	2
1415	56602	163	197	0	0	*	2
1416	56642	160	197	0	0	*	2
1417	56682	153	196	0	0	*	2
1418	56722	153	196	0	0	*	2
1419	56762	151	196	0	0	*	2
1420	56802	152	196	0	0	*	2
1421	56842	150	195	0	0	*	2
1422	56882	148	195	0	0	*	2
1423	56922	145	194	0	0	*	2
1424	56962	137	193	0	0	*	2
1425	57002	140	194	0	0	*	2
1426	57042	138	194	0	0	*	2
1427	57082	131	193	0	0	*	2
1428	57122	128	192	0	0	*	2
1429	57162	125	192	0	0	*	2
1430	57202	123	191	0	0	*	2
1431	57242	126	192	0	0	*	2
1432	57282	118	191	0	0	*	2
1433	57322	116	190	0	0	*	2
1434	57362	113	190	0	0	*	2
1435	57402	111	189	0	0	*	2
1436	57442	108	189	0	0	*	2
1437	57482	107	188	0	0	*	2
1438	57522	104	188	0	0	*	2
1439	57562	100	187	0	0	*	2
1440	57602	98	186	0	0	*	2
1441	57642	95	185	0	0	*	2
1442	57682	94	185	0	0	*	2
1443	57722	91	185	0	0	*	2
1444	57762	88	184	0	0	*	2
1445	57802	86	183	0	0	*	2
1446	57842	84	182	0	0	*	2
1447	57882	82	182	0	0	*	2
1448	57922	79	181	0	0	*	2
1449	57962	76	180	0	0	*	2
1450	58002	74	179	0	0	*	2
1451	58042	71	179	0	0	*	2
1452	58082	69	178	0	0	*	2
1453	58122	67	177	0	0	*	2
1454	58162	64	176	0	0	*	2
1455	58202	62	176	0	0	*	2
1456	58242	60	175	0	0	*	2
1457	58282	58	174	0	0	*	2
1458	58322	56	173	0	0	*	2
1459	58362	53	172	0	0	*	2
1460	58402	51	172	0	0	*	2
1461	58442	49	171	0	0	*	2
1462	58482	48	170	0	0	*	2
1463	58522	46	170	0	0	*	2
1464	58562	44	169	0	0	*	2
1465	58602	43	168	0	0	*	2
1466	58642	42	167	0	0	*	2
1467	58682	45	168	0	0	*	2
1468	58722	43	167	0	0	*	2
1469	58762	38	163	0	0	*	2
1470	58802	38	162	0	0	*	2
1471	58842	39	163	0	0	*	2
1472	58882	39	162	0	0	*	2
1473	58922	39	162	0	0	*	2
1474	58962	39	160	0	0	*	2
1475	59002	39	158	0	0	*	2
1476	59042	39	158	0	0	*	2
1477	59082	38	156	0	0	*	2
1478	59122	38	154	0	0	*	2
1479	59162	38	154	0	0	*	2
1480	59202	40	147	0	0	*	2
1481	59242	39	149	0	0	*	2
1482	59282	39	147	0	0	*	2
1483	59322	39	145	0	0	*	2
1484	59362	40	143	0	0	*	2
1485	59402	40	142	0	0	*	2
1486	59442	41	139	0	0	*	2
1487	59482	44	133	0	0	*	2
1488	59522	44	131	0	0	*	2
1489	59562	43	133	0	0	*	2
1490	59602	44	132	0	0	*	2
1491	59642	44	130	0	0	*	2
1492	59682	45	128	0	0	*	2
1493	59722	46	125	0	0	*	2
1494	59762	47	123	0	0	*	2
1495	59802	47	120	0	0	*	2
1496	59842	48	118	0	0	*	2
1497	59882	50	111	0	0	*	2
1498	59922	49	114	0	0	*	2
1499	59962	51	106	0	0	*	2
1500	60002	50	109	0	0	*	2
1501	60042	51	106	0	0	*	2
1502	60082	51	105	0	0	*	2
1503	60122	51	103	0	0	*	2
1504	60162	53	94	0	0	*	2
1505	60202	53	93	0	0	*	2
1506	60242	53	96	0	0	*	2
1507	60282	53	93	0	0	*	2
1508	60322	54	85	0	0	*	2
1509	60362	54	86	0	0	*	2
1510	60402	55	85	0	0	*	2
1511	60442	55	82	0	0	*	2
1512	60482	55	80	0	0	*	2
1513	60522	57	73	0	0	*	2
1514	60562	56	72	0	0	*	2
1515	60602	56	75	0	0	*	2
1516	60642	56	71	0	0	*	2
1517	60682	56	71	0	0	*	2
1518	60722	55	74	0	0	*	2
1519	60762	56	71	0	0	*	2
