%%BEGIN_HEADER
	%%BEGIN DATABASE_INFORMATION
		%Date.0 ( 30.9.2019 )
		%Time.0 ( 12:26 )
	%%END DATABASE_INFORMATION
	%%BEGIN SETUP_INFORMATION
		%TrackerVersion.0 ( Tracker version 2.38 release 12.8.2012 )
		%ElapsedTime_ms.0 ( 60396 )
		%Paradigm.0 ( PlacePreference )
		%FeederParameters.0 ( 1500 0 )
			// %FeederParameters.0 ( ENTRANCE_LATENCY EXIT_LATENCY )
		%ElapsedPath_m.0 ( 0.00 )
		%ArenaDiameter_m.0 ( 1.80 )
		%TrackerResolution_PixPerCM.0 ( 1.4222 )
		%ArenaCenterXY.0 ( 127.5 127.5 )
		%Frame.0 ( RoomFrame )
		%ReinforcedSector.0 ( 64.3907 64.3907 7 )
			//%ReinforcedSector.0 ( CENTER_X CENTER_Y RADIUS )
		%RoomTrackReinforcedSector.0 ( 64.3907 64.3907 7 )
			//%RoomTrackReinforcedSector.0 ( CENTER_X CENTER_Y RADIUS )
	%%END SETUP_INFORMATION
	%%BEGIN RECORD_FORMAT
		%Sample.0 ( FrameCount 1msTimeStamp RoomX RoomY Sectors State Flags FrameInfo )
			//Sectors indicate if the object is in a target. Number is binary coded. Sectors = 0: no target, Sectors = 1: room target, Sectors: = 2 arena target, Sectors: = 3 room and arena target
			////State indicates the Watermaze State: OutsideTarget = 0, EntranceLatency = 1, InsideTarget = 3, OutsideRefractory = 4, BadSpot = 5
			//FrameInfo indicates succesfuly tracked spots: ReferencePoint * 2^0 + Spot0 * 2^(1+0) + Spot1 * 2^(1+1) + Spot2 * 2^(1+2) .... 
	%%END RECORD_FORMAT
%%END_HEADER
1	76	244	147	0	0	*	2
2	116	244	147	0	0	*	2
3	156	243	146	0	0	*	2
4	196	242	144	0	0	*	2
5	236	240	143	0	0	*	2
6	276	239	142	0	0	*	2
7	316	238	142	0	0	*	2
8	356	237	142	0	0	*	2
9	396	236	142	0	0	*	2
10	436	236	142	0	0	*	2
11	476	235	142	0	0	*	2
12	516	235	140	0	0	*	2
13	556	234	139	0	0	*	2
14	596	233	138	0	0	*	2
15	636	232	136	0	0	*	2
16	676	231	135	0	0	*	2
17	716	230	133	0	0	*	2
18	756	228	132	0	0	*	2
19	796	227	130	0	0	*	2
20	836	225	128	0	0	*	2
21	876	223	127	0	0	*	2
22	916	220	125	0	0	*	2
23	956	219	123	0	0	*	2
24	996	217	122	0	0	*	2
25	1036	215	120	0	0	*	2
26	1076	212	119	0	0	*	2
27	1116	210	117	0	0	*	2
28	1156	207	116	0	0	*	2
29	1196	205	115	0	0	*	2
30	1236	203	114	0	0	*	2
31	1276	200	112	0	0	*	2
32	1316	198	111	0	0	*	2
33	1356	196	109	0	0	*	2
34	1396	194	108	0	0	*	2
35	1436	191	107	0	0	*	2
36	1476	188	105	0	0	*	2
37	1516	186	104	0	0	*	2
38	1556	183	103	0	0	*	2
39	1596	181	101	0	0	*	2
40	1636	178	100	0	0	*	2
41	1676	175	99	0	0	*	2
42	1716	172	97	0	0	*	2
43	1756	170	96	0	0	*	2
44	1796	167	95	0	0	*	2
45	1836	165	93	0	0	*	2
46	1876	162	93	0	0	*	2
47	1916	159	92	0	0	*	2
48	1956	157	90	0	0	*	2
49	1996	154	89	0	0	*	2
50	2036	151	88	0	0	*	2
51	2076	148	87	0	0	*	2
52	2116	145	86	0	0	*	2
53	2156	142	85	0	0	*	2
54	2196	139	84	0	0	*	2
55	2236	136	83	0	0	*	2
56	2276	134	82	0	0	*	2
57	2316	131	82	0	0	*	2
58	2356	128	81	0	0	*	2
59	2396	125	80	0	0	*	2
60	2436	122	80	0	0	*	2
61	2476	120	79	0	0	*	2
62	2516	117	79	0	0	*	2
63	2556	114	78	0	0	*	2
64	2596	111	78	0	0	*	2
65	2636	109	77	0	0	*	2
66	2676	106	77	0	0	*	2
67	2716	103	77	0	0	*	2
68	2756	100	77	0	0	*	2
69	2796	97	77	0	0	*	2
70	2836	95	77	0	0	*	2
71	2876	92	76	0	0	*	2
72	2916	89	77	0	0	*	2
73	2956	87	77	0	0	*	2
74	2996	85	77	0	0	*	2
75	3036	82	77	0	0	*	2
76	3076	79	78	0	0	*	2
77	3116	77	78	0	0	*	2
78	3156	74	79	0	0	*	2
79	3196	72	80	0	0	*	2
80	3236	70	81	0	0	*	2
81	3276	68	82	0	0	*	2
82	3316	65	83	0	0	*	2
83	3356	63	84	0	0	*	2
84	3396	61	85	0	0	*	2
85	3436	60	86	0	0	*	2
86	3476	58	88	0	0	*	2
87	3516	56	89	0	0	*	2
88	3556	54	91	0	0	*	2
89	3596	52	93	0	0	*	2
90	3636	51	94	0	0	*	2
91	3676	49	96	0	0	*	2
92	3716	49	98	0	0	*	2
93	3756	47	100	0	0	*	2
94	3796	46	102	0	0	*	2
95	3836	45	103	0	0	*	2
96	3876	43	106	0	0	*	2
97	3916	43	108	0	0	*	2
98	3956	42	110	0	0	*	2
99	3996	41	112	0	0	*	2
100	4036	40	114	0	0	*	2
101	4076	40	116	0	0	*	2
102	4116	39	118	0	0	*	2
103	4156	39	120	0	0	*	2
104	4196	39	123	0	0	*	2
105	4236	38	125	0	0	*	2
106	4276	38	127	0	0	*	2
107	4316	38	129	0	0	*	2
108	4356	38	132	0	0	*	2
109	4396	38	134	0	0	*	2
110	4436	38	136	0	0	*	2
111	4476	39	138	0	0	*	2
112	4516	39	140	0	0	*	2
113	4556	40	142	0	0	*	2
114	4596	41	145	0	0	*	2
115	4636	41	146	0	0	*	2
116	4676	42	149	0	0	*	2
117	4716	43	151	0	0	*	2
118	4756	44	153	0	0	*	2
119	4796	45	155	0	0	*	2
120	4836	46	157	0	0	*	2
121	4876	48	158	0	0	*	2
122	4916	49	160	0	0	*	2
123	4956	50	162	0	0	*	2
124	4996	52	163	0	0	*	2
125	5036	54	165	0	0	*	2
126	5076	55	167	0	0	*	2
127	5116	57	168	0	0	*	2
128	5156	59	169	0	0	*	2
129	5196	61	171	0	0	*	2
130	5236	62	172	0	0	*	2
131	5276	64	174	0	0	*	2
132	5316	66	175	0	0	*	2
133	5356	68	176	0	0	*	2
134	5396	70	177	0	0	*	2
135	5436	72	179	0	0	*	2
136	5476	74	180	0	0	*	2
137	5516	77	181	0	0	*	2
138	5556	78	182	0	0	*	2
139	5596	81	183	0	0	*	2
140	5636	83	184	0	0	*	2
141	5676	85	185	0	0	*	2
142	5716	87	186	0	0	*	2
143	5756	90	187	0	0	*	2
144	5796	92	188	0	0	*	2
145	5836	94	188	0	0	*	2
146	5876	96	189	0	0	*	2
147	5916	98	190	0	0	*	2
148	5956	101	191	0	0	*	2
149	5996	103	192	0	0	*	2
150	6036	106	192	0	0	*	2
151	6076	108	193	0	0	*	2
152	6116	110	193	0	0	*	2
153	6156	113	194	0	0	*	2
154	6196	115	194	0	0	*	2
155	6236	117	195	0	0	*	2
156	6276	120	196	0	0	*	2
157	6316	122	196	0	0	*	2
158	6356	124	196	0	0	*	2
159	6396	127	196	0	0	*	2
160	6436	129	197	0	0	*	2
161	6476	131	197	0	0	*	2
162	6516	134	197	0	0	*	2
163	6556	136	198	0	0	*	2
164	6596	138	198	0	0	*	2
165	6636	141	198	0	0	*	2
166	6676	143	198	0	0	*	2
167	6716	145	198	0	0	*	2
168	6756	148	198	0	0	*	2
169	6796	150	198	0	0	*	2
170	6836	152	198	0	0	*	2
171	6876	155	198	0	0	*	2
172	6916	157	198	0	0	*	2
173	6956	159	198	0	0	*	2
174	6996	161	198	0	0	*	2
175	7036	164	197	0	0	*	2
176	7076	166	197	0	0	*	2
177	7116	169	197	0	0	*	2
178	7156	171	196	0	0	*	2
179	7196	173	196	0	0	*	2
180	7236	175	196	0	0	*	2
181	7276	178	195	0	0	*	2
182	7316	180	195	0	0	*	2
183	7356	182	194	0	0	*	2
184	7396	184	194	0	0	*	2
185	7436	186	193	0	0	*	2
186	7476	189	193	0	0	*	2
187	7516	191	192	0	0	*	2
188	7556	193	191	0	0	*	2
189	7596	195	191	0	0	*	2
190	7636	197	190	0	0	*	2
191	7676	199	189	0	0	*	2
192	7716	202	188	0	0	*	2
193	7756	204	188	0	0	*	2
194	7796	206	187	0	0	*	2
195	7836	207	186	0	0	*	2
196	7876	209	185	0	0	*	2
197	7916	211	185	0	0	*	2
198	7956	213	184	0	0	*	2
199	7996	215	183	0	0	*	2
200	8036	217	182	0	0	*	2
201	8076	219	182	0	0	*	2
202	8116	221	181	0	0	*	2
203	8156	222	180	0	0	*	2
204	8196	224	179	0	0	*	2
205	8236	226	177	0	0	*	2
206	8276	228	177	0	0	*	2
207	8316	230	175	0	0	*	2
208	8356	232	174	0	0	*	2
209	8396	234	173	0	0	*	2
210	8436	236	172	0	0	*	2
211	8476	237	170	0	0	*	2
212	8516	238	169	0	0	*	2
213	8556	239	168	0	0	*	2
214	8596	240	167	0	0	*	2
215	8636	241	166	0	0	*	2
216	8676	242	165	0	0	*	2
217	8716	243	163	0	0	*	2
218	8756	243	162	0	0	*	2
219	8796	243	161	0	0	*	2
220	8836	244	160	0	0	*	2
221	8876	245	158	0	0	*	2
222	8916	245	157	0	0	*	2
223	8956	245	155	0	0	*	2
224	8996	246	153	0	0	*	2
225	9036	246	152	0	0	*	2
226	9076	246	151	0	0	*	2
227	9116	247	149	0	0	*	2
228	9156	247	147	0	0	*	2
229	9196	247	146	0	0	*	2
230	9236	247	144	0	0	*	2
231	9276	247	142	0	0	*	2
232	9316	247	141	0	0	*	2
233	9356	246	139	0	0	*	2
234	9396	246	137	0	0	*	2
235	9436	246	136	0	0	*	2
236	9476	246	134	0	0	*	2
237	9516	246	132	0	0	*	2
238	9556	246	130	0	0	*	2
239	9596	245	127	0	0	*	2
240	9636	245	125	0	0	*	2
241	9676	244	123	0	0	*	2
242	9716	244	121	0	0	*	2
243	9756	243	119	0	0	*	2
244	9796	243	117	0	0	*	2
245	9836	242	115	0	0	*	2
246	9876	242	113	0	0	*	2
247	9916	241	112	0	0	*	2
248	9956	240	110	0	0	*	2
249	9996	239	108	0	0	*	2
250	10036	239	106	0	0	*	2
251	10076	238	104	0	0	*	2
252	10116	236	102	0	0	*	2
253	10156	235	101	0	0	*	2
254	10196	234	99	0	0	*	2
255	10236	233	97	0	0	*	2
256	10276	232	95	0	0	*	2
257	10316	231	94	0	0	*	2
258	10356	230	92	0	0	*	2
259	10396	229	91	0	0	*	2
260	10436	227	90	0	0	*	2
261	10476	226	88	0	0	*	2
262	10516	224	86	0	0	*	2
263	10556	222	85	0	0	*	2
264	10596	221	84	0	0	*	2
265	10636	219	83	0	0	*	2
266	10676	218	82	0	0	*	2
267	10716	216	81	0	0	*	2
268	10756	215	80	0	0	*	2
269	10796	213	78	0	0	*	2
270	10836	211	77	0	0	*	2
271	10876	209	76	0	0	*	2
272	10916	207	75	0	0	*	2
273	10956	206	74	0	0	*	2
274	10996	204	73	0	0	*	2
275	11036	203	72	0	0	*	2
276	11076	200	71	0	0	*	2
277	11116	199	70	0	0	*	2
278	11156	197	70	0	0	*	2
279	11196	195	69	0	0	*	2
280	11236	194	69	0	0	*	2
281	11276	192	68	0	0	*	2
282	11316	190	67	0	0	*	2
283	11356	188	66	0	0	*	2
284	11396	186	65	0	0	*	2
285	11436	184	65	0	0	*	2
286	11476	182	64	0	0	*	2
287	11516	180	63	0	0	*	2
288	11556	178	63	0	0	*	2
289	11596	176	62	0	0	*	2
290	11636	175	61	0	0	*	2
291	11676	173	61	0	0	*	2
292	11716	170	60	0	0	*	2
293	11756	169	60	0	0	*	2
294	11796	167	59	0	0	*	2
295	11836	165	59	0	0	*	2
296	11876	163	58	0	0	*	2
297	11916	161	58	0	0	*	2
298	11956	159	57	0	0	*	2
299	11996	157	57	0	0	*	2
300	12036	155	56	0	0	*	2
301	12076	153	56	0	0	*	2
302	12116	151	55	0	0	*	2
303	12156	148	55	0	0	*	2
304	12196	146	55	0	0	*	2
305	12236	144	54	0	0	*	2
306	12276	142	54	0	0	*	2
307	12316	140	54	0	0	*	2
308	12356	138	54	0	0	*	2
309	12396	136	53	0	0	*	2
310	12436	134	53	0	0	*	2
311	12476	132	53	0	0	*	2
312	12516	130	53	0	0	*	2
313	12556	128	53	0	0	*	2
314	12596	125	53	0	0	*	2
315	12636	123	53	0	0	*	2
316	12676	121	53	0	0	*	2
317	12716	120	53	0	0	*	2
318	12756	118	53	0	0	*	2
319	12796	116	54	0	0	*	2
320	12836	113	54	0	0	*	2
321	12876	111	54	0	0	*	2
322	12916	110	54	0	0	*	2
323	12956	108	54	0	0	*	2
324	12996	106	55	0	0	*	2
325	13036	104	55	0	0	*	2
326	13076	102	56	0	0	*	2
327	13116	100	56	0	0	*	2
328	13156	98	57	0	0	*	2
329	13196	97	57	0	0	*	2
330	13236	95	58	0	0	*	2
331	13276	93	59	0	0	*	2
332	13316	91	60	0	0	*	2
333	13356	90	61	0	0	*	2
334	13396	88	61	0	0	*	2
335	13436	86	62	0	0	*	2
336	13476	85	63	0	0	*	2
337	13516	84	65	0	0	*	2
338	13556	82	66	0	0	*	2
339	13596	81	67	0	0	*	2
340	13636	79	68	0	0	*	2
341	13676	78	70	0	0	*	2
342	13716	76	71	0	0	*	2
343	13756	75	72	0	0	*	2
344	13796	74	73	0	0	*	2
345	13836	73	75	0	0	*	2
346	13876	72	77	0	0	*	2
347	13916	71	78	0	0	*	2
348	13956	70	80	0	0	*	2
349	13996	69	82	0	0	*	2
350	14036	68	83	0	0	*	2
351	14076	67	85	0	0	*	2
352	14116	66	87	0	0	*	2
353	14156	65	89	0	0	*	2
354	14196	64	91	0	0	*	2
355	14236	64	93	0	0	*	2
356	14276	63	94	0	0	*	2
357	14316	63	96	0	0	*	2
358	14356	62	98	0	0	*	2
359	14396	61	100	0	0	*	2
360	14436	61	102	0	0	*	2
361	14476	61	104	0	0	*	2
362	14516	61	106	0	0	*	2
363	14556	61	108	0	0	*	2
364	14596	60	110	0	0	*	2
365	14636	60	112	0	0	*	2
366	14676	60	114	0	0	*	2
367	14716	60	116	0	0	*	2
368	14756	60	118	0	0	*	2
369	14796	60	120	0	0	*	2
370	14836	60	122	0	0	*	2
371	14876	60	124	0	0	*	2
372	14916	60	126	0	0	*	2
373	14956	61	129	0	0	*	2
374	14996	61	130	0	0	*	2
375	15036	61	132	0	0	*	2
376	15076	62	135	0	0	*	2
377	15116	62	136	0	0	*	2
378	15156	62	138	0	0	*	2
379	15196	63	140	0	0	*	2
380	15236	64	142	0	0	*	2
381	15276	65	144	0	0	*	2
382	15316	66	146	0	0	*	2
383	15356	67	148	0	0	*	2
384	15396	67	150	0	0	*	2
385	15436	68	152	0	0	*	2
386	15476	69	154	0	0	*	2
387	15516	70	155	0	0	*	2
388	15556	72	157	0	0	*	2
389	15596	73	159	0	0	*	2
390	15636	73	161	0	0	*	2
391	15676	75	162	0	0	*	2
392	15716	76	164	0	0	*	2
393	15756	77	166	0	0	*	2
394	15796	79	168	0	0	*	2
395	15836	81	169	0	0	*	2
396	15876	82	171	0	0	*	2
397	15916	83	173	0	0	*	2
398	15956	85	174	0	0	*	2
399	15996	86	176	0	0	*	2
400	16036	87	177	0	0	*	2
401	16076	89	178	0	0	*	2
402	16116	91	180	0	0	*	2
403	16156	92	181	0	0	*	2
404	16196	94	183	0	0	*	2
405	16236	95	184	0	0	*	2
406	16276	97	185	0	0	*	2
407	16316	98	186	0	0	*	2
408	16356	100	187	0	0	*	2
409	16396	102	189	0	0	*	2
410	16436	104	190	0	0	*	2
411	16476	106	191	0	0	*	2
412	16516	107	192	0	0	*	2
413	16556	109	194	0	0	*	2
414	16596	111	195	0	0	*	2
415	16636	113	196	0	0	*	2
416	16676	115	198	0	0	*	2
417	16716	117	198	0	0	*	2
418	16756	119	199	0	0	*	2
419	16796	121	200	0	0	*	2
420	16836	123	201	0	0	*	2
421	16876	125	202	0	0	*	2
422	16916	127	203	0	0	*	2
423	16956	129	204	0	0	*	2
424	16996	131	205	0	0	*	2
425	17036	134	206	0	0	*	2
426	17076	135	207	0	0	*	2
427	17116	137	207	0	0	*	2
428	17156	139	208	0	0	*	2
429	17196	141	209	0	0	*	2
430	17236	143	209	0	0	*	2
431	17276	145	210	0	0	*	2
432	17316	147	210	0	0	*	2
433	17356	149	211	0	0	*	2
434	17396	152	212	0	0	*	2
435	17436	154	213	0	0	*	2
436	17476	156	213	0	0	*	2
437	17516	158	214	0	0	*	2
438	17556	159	214	0	0	*	2
439	17596	162	215	0	0	*	2
440	17636	164	215	0	0	*	2
441	17676	166	216	0	0	*	2
442	17716	168	217	0	0	*	2
443	17756	170	217	0	0	*	2
444	17796	172	217	0	0	*	2
445	17836	174	217	0	0	*	2
446	17876	176	218	0	0	*	2
447	17916	178	218	0	0	*	2
448	17956	181	218	0	0	*	2
449	17996	182	218	0	0	*	2
450	18036	184	218	0	0	*	2
451	18076	187	218	0	0	*	2
452	18116	188	218	0	0	*	2
453	18156	191	218	0	0	*	2
454	18196	193	218	0	0	*	2
455	18236	194	217	0	0	*	2
456	18276	196	217	0	0	*	2
457	18316	198	217	0	0	*	2
458	18356	201	216	0	0	*	2
459	18396	203	216	0	0	*	2
460	18436	205	215	0	0	*	2
461	18476	206	214	0	0	*	2
462	18516	208	213	0	0	*	2
463	18556	209	212	0	0	*	2
464	18596	211	211	0	0	*	2
465	18636	212	210	0	0	*	2
466	18676	213	210	0	0	*	2
467	18716	215	209	0	0	*	2
468	18756	216	208	0	0	*	2
469	18796	217	207	0	0	*	2
470	18836	219	205	0	0	*	2
471	18876	220	204	0	0	*	2
472	18916	221	202	0	0	*	2
473	18956	223	200	0	0	*	2
474	18996	223	199	0	0	*	2
475	19036	224	197	0	0	*	2
476	19076	225	196	0	0	*	2
477	19116	226	194	0	0	*	2
478	19156	227	193	0	0	*	2
479	19196	228	191	0	0	*	2
480	19236	228	190	0	0	*	2
481	19276	228	188	0	0	*	2
482	19316	229	186	0	0	*	2
483	19356	230	185	0	0	*	2
484	19396	230	183	0	0	*	2
485	19436	231	181	0	0	*	2
486	19476	231	179	0	0	*	2
487	19516	232	177	0	0	*	2
488	19556	232	173	0	0	*	2
489	19596	232	171	0	0	*	2
490	19636	233	169	0	0	*	2
491	19676	233	167	0	0	*	2
492	19716	234	165	0	0	*	2
493	19756	234	163	0	0	*	2
494	19796	234	161	0	0	*	2
495	19836	234	159	0	0	*	2
496	19876	235	157	0	0	*	2
497	19916	235	155	0	0	*	2
498	19956	235	153	0	0	*	2
499	19996	235	151	0	0	*	2
500	20036	235	148	0	0	*	2
501	20076	235	146	0	0	*	2
502	20116	235	144	0	0	*	2
503	20156	235	142	0	0	*	2
504	20196	235	140	0	0	*	2
505	20236	235	139	0	0	*	2
506	20276	234	137	0	0	*	2
507	20316	234	135	0	0	*	2
508	20356	233	132	0	0	*	2
509	20396	233	131	0	0	*	2
510	20436	232	128	0	0	*	2
511	20476	232	126	0	0	*	2
512	20516	231	124	0	0	*	2
513	20556	231	122	0	0	*	2
514	20596	230	120	0	0	*	2
515	20636	229	118	0	0	*	2
516	20676	228	116	0	0	*	2
517	20716	228	115	0	0	*	2
518	20756	227	113	0	0	*	2
519	20796	226	111	0	0	*	2
520	20836	225	109	0	0	*	2
521	20876	224	108	0	0	*	2
522	20916	223	106	0	0	*	2
523	20956	221	104	0	0	*	2
524	20996	220	102	0	0	*	2
525	21036	219	101	0	0	*	2
526	21076	218	99	0	0	*	2
527	21116	217	97	0	0	*	2
528	21156	216	96	0	0	*	2
529	21196	215	94	0	0	*	2
530	21236	213	93	0	0	*	2
531	21276	212	91	0	0	*	2
532	21316	210	89	0	0	*	2
533	21356	209	88	0	0	*	2
534	21396	208	86	0	0	*	2
535	21436	206	85	0	0	*	2
536	21476	206	83	0	0	*	2
537	21516	204	82	0	0	*	2
538	21556	203	80	0	0	*	2
539	21596	201	78	0	0	*	2
540	21636	200	77	0	0	*	2
541	21676	198	75	0	0	*	2
542	21716	197	74	0	0	*	2
543	21756	196	73	0	0	*	2
544	21796	194	71	0	0	*	2
545	21836	193	70	0	0	*	2
546	21876	191	68	0	0	*	2
547	21916	190	67	0	0	*	2
548	21956	188	65	0	0	*	2
549	21996	187	64	0	0	*	2
550	22036	186	62	0	0	*	2
551	22076	184	60	0	0	*	2
552	22116	183	59	0	0	*	2
553	22156	182	58	0	0	*	2
554	22196	180	56	0	0	*	2
555	22236	179	54	0	0	*	2
556	22276	178	53	0	0	*	2
557	22316	176	51	0	0	*	2
558	22356	174	49	0	0	*	2
559	22396	173	48	0	0	*	2
560	22436	172	47	0	0	*	2
561	22476	171	46	0	0	*	2
562	22516	170	44	0	0	*	2
563	22556	169	43	0	0	*	2
564	22596	167	42	0	0	*	2
565	22636	166	40	0	0	*	2
566	22676	165	38	0	0	*	2
567	22716	164	37	0	0	*	2
568	22756	163	36	0	0	*	2
569	22796	161	34	0	0	*	2
570	22836	161	33	0	0	*	2
571	22876	159	32	0	0	*	2
572	22916	158	31	0	0	*	2
573	22956	158	29	0	0	*	2
574	22996	156	28	0	0	*	2
575	23036	155	27	0	0	*	2
576	23076	154	26	0	0	*	2
577	23116	153	24	0	0	*	2
578	23156	152	23	0	0	*	2
579	23196	151	23	0	0	*	2
580	23236	150	21	0	0	*	2
581	23276	148	20	0	0	*	2
582	23316	147	19	0	0	*	2
583	23356	146	18	0	0	*	2
584	23396	145	17	0	0	*	2
585	23436	143	16	0	0	*	2
586	23476	142	15	0	0	*	2
587	23516	141	13	0	0	*	2
588	23556	139	12	0	0	*	2
589	23596	137	11	0	0	*	2
590	23636	135	9	0	0	*	2
591	23676	134	8	0	0	*	2
592	23716	133	8	0	0	*	2
593	23756	131	7	0	0	*	2
594	23796	130	7	0	0	*	2
595	23836	129	6	0	0	*	2
596	23876	128	6	0	0	*	2
597	23916	127	6	0	0	*	2
598	23956	126	5	0	0	*	2
599	23996	125	5	0	0	*	2
600	24036	124	5	0	0	*	2
601	24076	123	5	0	0	*	2
602	24116	122	5	0	0	*	2
603	24156	121	5	0	0	*	2
604	24196	120	5	0	0	*	2
605	24236	119	6	0	0	*	2
606	24276	117	6	0	0	*	2
607	24316	116	7	0	0	*	2
608	24356	114	7	0	0	*	2
609	24396	113	8	0	0	*	2
610	24436	112	8	0	0	*	2
611	24476	111	9	0	0	*	2
612	24516	110	9	0	0	*	2
613	24556	109	10	0	0	*	2
614	24596	107	11	0	0	*	2
615	24636	105	12	0	0	*	2
616	24676	104	13	0	0	*	2
617	24716	102	15	0	0	*	2
618	24756	100	17	0	0	*	2
619	24796	98	18	0	0	*	2
620	24836	97	20	0	0	*	2
621	24876	96	21	0	0	*	2
622	24916	94	22	0	0	*	2
623	24956	93	24	0	0	*	2
624	24996	91	25	0	0	*	2
625	25036	90	27	0	0	*	2
626	25076	88	29	0	0	*	2
627	25116	87	30	0	0	*	2
628	25156	85	32	0	0	*	2
629	25196	85	34	0	0	*	2
630	25236	83	36	0	0	*	2
631	25276	82	38	0	0	*	2
632	25316	81	39	0	0	*	2
633	25356	80	41	0	0	*	2
634	25396	79	43	0	0	*	2
635	25436	77	45	0	0	*	2
636	25476	76	47	0	0	*	2
637	25516	75	49	0	0	*	2
638	25556	74	51	0	0	*	2
639	25596	73	53	0	0	*	2
640	25636	73	54	0	0	*	2
641	25676	73	56	0	0	*	2
642	25716	72	58	0	0	*	2
643	25756	71	59	0	1	*	2
644	25796	71	60	0	1	*	2
645	25836	73	59	0	0	*	2
646	25876	73	60	0	0	*	2
647	25916	73	61	0	1	*	2
648	25956	72	62	0	1	*	2
649	25996	72	63	0	1	*	2
650	26036	72	64	0	1	*	2
651	26076	72	65	0	1	*	2
652	26116	72	66	0	1	*	2
653	26156	71	68	0	1	*	2
654	26196	71	69	0	1	*	2
655	26236	71	70	0	1	*	2
656	26276	70	70	0	1	*	2
657	26316	70	71	0	1	*	2
658	26356	70	72	0	0	*	2
659	26396	70	73	0	0	*	2
660	26436	69	73	0	0	*	2
661	26476	68	74	0	0	*	2
662	26516	69	75	0	0	*	2
663	26556	68	76	0	0	*	2
664	26596	67	77	0	0	*	2
665	26636	66	77	0	0	*	2
666	26676	66	78	0	0	*	2
667	26716	66	79	0	0	*	2
668	26756	65	80	0	0	*	2
669	26796	64	81	0	0	*	2
670	26836	63	82	0	0	*	2
671	26876	63	83	0	0	*	2
672	26916	62	84	0	0	*	2
673	26956	61	86	0	0	*	2
674	26996	61	87	0	0	*	2
675	27036	60	88	0	0	*	2
676	27076	59	89	0	0	*	2
677	27116	58	91	0	0	*	2
678	27156	56	92	0	0	*	2
679	27196	55	93	0	0	*	2
680	27236	54	94	0	0	*	2
681	27276	53	96	0	0	*	2
682	27316	52	98	0	0	*	2
683	27356	51	99	0	0	*	2
684	27396	50	101	0	0	*	2
685	27436	49	103	0	0	*	2
686	27476	48	104	0	0	*	2
687	27516	47	106	0	0	*	2
688	27556	46	108	0	0	*	2
689	27596	45	110	0	0	*	2
690	27636	45	111	0	0	*	2
691	27676	44	113	0	0	*	2
692	27716	43	115	0	0	*	2
693	27756	43	116	0	0	*	2
694	27796	42	118	0	0	*	2
695	27836	41	120	0	0	*	2
696	27876	41	122	0	0	*	2
697	27916	40	124	0	0	*	2
698	27956	40	126	0	0	*	2
699	27996	40	128	0	0	*	2
700	28036	40	130	0	0	*	2
701	28076	39	132	0	0	*	2
702	28116	39	134	0	0	*	2
703	28156	39	136	0	0	*	2
704	28196	39	138	0	0	*	2
705	28236	40	140	0	0	*	2
706	28276	40	142	0	0	*	2
707	28316	40	144	0	0	*	2
708	28356	40	146	0	0	*	2
709	28396	41	148	0	0	*	2
710	28436	41	150	0	0	*	2
711	28476	42	152	0	0	*	2
712	28516	43	154	0	0	*	2
713	28556	44	156	0	0	*	2
714	28596	45	158	0	0	*	2
715	28636	46	160	0	0	*	2
716	28676	47	162	0	0	*	2
717	28716	48	163	0	0	*	2
718	28756	49	165	0	0	*	2
719	28796	49	167	0	0	*	2
720	28836	51	169	0	0	*	2
721	28876	52	170	0	0	*	2
722	28916	53	172	0	0	*	2
723	28956	54	174	0	0	*	2
724	28996	56	176	0	0	*	2
725	29036	57	178	0	0	*	2
726	29076	58	179	0	0	*	2
727	29116	60	181	0	0	*	2
728	29156	61	183	0	0	*	2
729	29196	62	185	0	0	*	2
730	29236	64	186	0	0	*	2
731	29276	65	187	0	0	*	2
732	29316	67	189	0	0	*	2
733	29356	68	191	0	0	*	2
734	29396	70	193	0	0	*	2
735	29436	72	194	0	0	*	2
736	29476	73	196	0	0	*	2
737	29516	75	198	0	0	*	2
738	29556	76	199	0	0	*	2
739	29596	78	201	0	0	*	2
740	29636	80	202	0	0	*	2
741	29676	82	204	0	0	*	2
742	29716	84	205	0	0	*	2
743	29756	85	206	0	0	*	2
744	29796	87	208	0	0	*	2
745	29836	89	209	0	0	*	2
746	29876	91	210	0	0	*	2
747	29916	93	211	0	0	*	2
748	29956	95	212	0	0	*	2
749	29996	97	213	0	0	*	2
750	30036	98	214	0	0	*	2
751	30076	100	215	0	0	*	2
752	30116	102	216	0	0	*	2
753	30156	105	217	0	0	*	2
754	30196	106	217	0	0	*	2
755	30236	109	218	0	0	*	2
756	30276	111	219	0	0	*	2
757	30316	113	220	0	0	*	2
758	30356	115	220	0	0	*	2
759	30396	117	221	0	0	*	2
760	30436	119	222	0	0	*	2
761	30476	121	222	0	0	*	2
762	30516	123	223	0	0	*	2
763	30556	126	223	0	0	*	2
764	30596	128	223	0	0	*	2
765	30636	130	223	0	0	*	2
766	30676	133	224	0	0	*	2
767	30716	134	224	0	0	*	2
768	30756	137	224	0	0	*	2
769	30796	139	224	0	0	*	2
770	30836	141	224	0	0	*	2
771	30876	143	224	0	0	*	2
772	30916	146	224	0	0	*	2
773	30956	148	223	0	0	*	2
774	30996	150	223	0	0	*	2
775	31036	152	223	0	0	*	2
776	31076	154	223	0	0	*	2
777	31116	156	222	0	0	*	2
778	31156	158	222	0	0	*	2
779	31196	160	222	0	0	*	2
780	31236	163	221	0	0	*	2
781	31276	165	220	0	0	*	2
782	31316	167	220	0	0	*	2
783	31356	169	219	0	0	*	2
784	31396	171	218	0	0	*	2
785	31436	173	218	0	0	*	2
786	31476	175	217	0	0	*	2
787	31516	177	216	0	0	*	2
788	31556	179	215	0	0	*	2
789	31596	181	214	0	0	*	2
790	31636	183	213	0	0	*	2
791	31676	185	212	0	0	*	2
792	31716	187	211	0	0	*	2
793	31756	189	210	0	0	*	2
794	31796	190	209	0	0	*	2
795	31836	192	208	0	0	*	2
796	31876	194	206	0	0	*	2
797	31916	195	205	0	0	*	2
798	31956	197	204	0	0	*	2
799	31996	199	202	0	0	*	2
800	32036	200	201	0	0	*	2
801	32076	202	200	0	0	*	2
802	32116	203	198	0	0	*	2
803	32156	205	196	0	0	*	2
804	32196	206	195	0	0	*	2
805	32236	208	194	0	0	*	2
806	32276	209	192	0	0	*	2
807	32316	211	191	0	0	*	2
808	32356	212	189	0	0	*	2
809	32396	214	187	0	0	*	2
810	32436	216	186	0	0	*	2
811	32476	217	184	0	0	*	2
812	32516	219	183	0	0	*	2
813	32556	220	181	0	0	*	2
814	32596	221	180	0	0	*	2
815	32636	222	178	0	0	*	2
816	32676	224	176	0	0	*	2
817	32716	226	175	0	0	*	2
818	32756	227	173	0	0	*	2
819	32796	229	172	0	0	*	2
820	32836	230	170	0	0	*	2
821	32876	231	168	0	0	*	2
822	32916	233	166	0	0	*	2
823	32956	236	165	0	0	*	2
824	32996	238	163	0	0	*	2
825	33036	240	162	0	0	*	2
826	33076	241	160	0	0	*	2
827	33116	241	159	0	0	*	2
828	33156	242	157	0	0	*	2
829	33196	243	156	0	0	*	2
830	33236	244	155	0	0	*	2
831	33276	244	154	0	0	*	2
832	33316	245	153	0	0	*	2
833	33356	246	151	0	0	*	2
834	33396	246	150	0	0	*	2
835	33436	247	148	0	0	*	2
836	33476	247	146	0	0	*	2
837	33516	248	145	0	0	*	2
838	33556	248	143	0	0	*	2
839	33596	248	141	0	0	*	2
840	33636	248	140	0	0	*	2
841	33676	249	138	0	0	*	2
842	33716	249	136	0	0	*	2
843	33756	249	134	0	0	*	2
844	33796	249	133	0	0	*	2
845	33836	249	131	0	0	*	2
846	33876	249	130	0	0	*	2
847	33916	248	128	0	0	*	2
848	33956	248	127	0	0	*	2
849	33996	248	126	0	0	*	2
850	34036	247	124	0	0	*	2
851	34076	247	122	0	0	*	2
852	34116	246	121	0	0	*	2
853	34156	246	119	0	0	*	2
854	34196	245	118	0	0	*	2
855	34236	244	116	0	0	*	2
856	34276	244	114	0	0	*	2
857	34316	243	112	0	0	*	2
858	34356	243	111	0	0	*	2
859	34396	242	109	0	0	*	2
860	34436	240	107	0	0	*	2
861	34476	239	105	0	0	*	2
862	34516	238	103	0	0	*	2
863	34556	237	102	0	0	*	2
864	34596	236	100	0	0	*	2
865	34636	234	99	0	0	*	2
866	34676	233	97	0	0	*	2
867	34716	232	96	0	0	*	2
868	34756	230	94	0	0	*	2
869	34796	229	93	0	0	*	2
870	34836	228	91	0	0	*	2
871	34876	226	90	0	0	*	2
872	34916	225	89	0	0	*	2
873	34956	223	87	0	0	*	2
874	34996	221	86	0	0	*	2
875	35036	220	85	0	0	*	2
876	35076	219	84	0	0	*	2
877	35116	218	83	0	0	*	2
878	35156	216	81	0	0	*	2
879	35196	214	81	0	0	*	2
880	35236	212	79	0	0	*	2
881	35276	211	78	0	0	*	2
882	35316	209	77	0	0	*	2
883	35356	208	77	0	0	*	2
884	35396	206	76	0	0	*	2
885	35436	204	75	0	0	*	2
886	35476	202	74	0	0	*	2
887	35516	200	73	0	0	*	2
888	35556	198	72	0	0	*	2
889	35596	196	72	0	0	*	2
890	35636	195	71	0	0	*	2
891	35676	193	70	0	0	*	2
892	35716	191	70	0	0	*	2
893	35756	189	69	0	0	*	2
894	35796	187	69	0	0	*	2
895	35836	185	68	0	0	*	2
896	35876	183	67	0	0	*	2
897	35916	182	67	0	0	*	2
898	35956	180	66	0	0	*	2
899	35996	177	66	0	0	*	2
900	36036	175	65	0	0	*	2
901	36076	173	65	0	0	*	2
902	36116	171	64	0	0	*	2
903	36156	169	64	0	0	*	2
904	36196	167	64	0	0	*	2
905	36236	165	63	0	0	*	2
906	36276	163	63	0	0	*	2
907	36316	161	63	0	0	*	2
908	36356	159	63	0	0	*	2
909	36396	157	63	0	0	*	2
910	36436	155	63	0	0	*	2
911	36476	153	62	0	0	*	2
912	36516	151	62	0	0	*	2
913	36556	149	62	0	0	*	2
914	36596	146	62	0	0	*	2
915	36636	145	63	0	0	*	2
916	36676	142	63	0	0	*	2
917	36716	140	63	0	0	*	2
918	36756	138	63	0	0	*	2
919	36796	136	63	0	0	*	2
920	36836	134	63	0	0	*	2
921	36876	132	63	0	0	*	2
922	36916	130	63	0	0	*	2
923	36956	128	64	0	0	*	2
924	36996	126	64	0	0	*	2
925	37036	124	64	0	0	*	2
926	37076	122	64	0	0	*	2
927	37116	120	64	0	0	*	2
928	37156	118	65	0	0	*	2
929	37196	116	65	0	0	*	2
930	37236	114	65	0	0	*	2
931	37276	112	66	0	0	*	2
932	37316	109	66	0	0	*	2
933	37356	108	66	0	0	*	2
934	37396	105	67	0	0	*	2
935	37436	103	67	0	0	*	2
936	37476	101	67	0	0	*	2
937	37516	99	68	0	0	*	2
938	37556	97	68	0	0	*	2
939	37596	95	68	0	0	*	2
940	37636	93	69	0	0	*	2
941	37676	90	69	0	0	*	2
942	37716	88	70	0	0	*	2
943	37756	86	70	0	0	*	2
944	37796	84	70	0	0	*	2
945	37836	82	71	0	0	*	2
946	37876	80	71	0	0	*	2
947	37916	78	72	0	0	*	2
948	37956	75	73	0	0	*	2
949	37996	73	73	0	0	*	2
950	38036	71	74	0	0	*	2
951	38076	69	75	0	0	*	2
952	38116	67	76	0	0	*	2
953	38156	65	76	0	0	*	2
954	38196	63	77	0	0	*	2
955	38236	61	78	0	0	*	2
956	38276	60	79	0	0	*	2
957	38316	58	80	0	0	*	2
958	38356	56	81	0	0	*	2
959	38396	54	83	0	0	*	2
960	38436	53	84	0	0	*	2
961	38476	51	85	0	0	*	2
962	38516	49	86	0	0	*	2
963	38556	48	87	0	0	*	2
964	38596	46	89	0	0	*	2
965	38636	44	90	0	0	*	2
966	38676	43	91	0	0	*	2
967	38716	41	92	0	0	*	2
968	38756	39	93	0	0	*	2
969	38796	38	94	0	0	*	2
970	38836	36	95	0	0	*	2
971	38876	35	96	0	0	*	2
972	38916	33	98	0	0	*	2
973	38956	32	99	0	0	*	2
974	38996	30	100	0	0	*	2
975	39036	28	101	0	0	*	2
976	39076	27	103	0	0	*	2
977	39116	25	104	0	0	*	2
978	39156	24	106	0	0	*	2
979	39196	23	107	0	0	*	2
980	39236	22	108	0	0	*	2
981	39276	21	110	0	0	*	2
982	39316	20	112	0	0	*	2
983	39356	19	113	0	0	*	2
984	39396	16	115	0	0	*	2
985	39436	14	116	0	0	*	2
986	39476	14	118	0	0	*	2
987	39516	12	118	0	0	*	2
988	39556	11	119	0	0	*	2
989	39596	11	120	0	0	*	2
990	39636	10	120	0	0	*	2
991	39676	10	122	0	0	*	2
992	39716	11	123	0	0	*	2
993	39756	10	126	0	0	*	2
994	39796	10	127	0	0	*	2
995	39836	10	129	0	0	*	2
996	39876	10	130	0	0	*	2
997	39916	11	132	0	0	*	2
998	39956	11	133	0	0	*	2
999	39996	12	135	0	0	*	2
1000	40036	12	136	0	0	*	2
1001	40076	12	138	0	0	*	2
1002	40116	12	139	0	0	*	2
1003	40156	13	141	0	0	*	2
1004	40196	14	142	0	0	*	2
1005	40236	15	144	0	0	*	2
1006	40276	16	146	0	0	*	2
1007	40316	17	147	0	0	*	2
1008	40356	18	149	0	0	*	2
1009	40396	24	152	0	0	*	2
1010	40436	25	154	0	0	*	2
1011	40476	27	155	0	0	*	2
1012	40516	28	157	0	0	*	2
1013	40556	30	159	0	0	*	2
1014	40596	31	160	0	0	*	2
1015	40636	33	161	0	0	*	2
1016	40676	34	162	0	0	*	2
1017	40716	36	164	0	0	*	2
1018	40756	38	165	0	0	*	2
1019	40796	39	167	0	0	*	2
1020	40836	41	168	0	0	*	2
1021	40876	43	169	0	0	*	2
1022	40916	44	171	0	0	*	2
1023	40956	46	172	0	0	*	2
1024	40996	48	173	0	0	*	2
1025	41036	49	175	0	0	*	2
1026	41076	51	176	0	0	*	2
1027	41116	53	177	0	0	*	2
1028	41156	55	178	0	0	*	2
1029	41196	57	179	0	0	*	2
1030	41236	59	181	0	0	*	2
1031	41276	61	182	0	0	*	2
1032	41316	63	183	0	0	*	2
1033	41356	65	184	0	0	*	2
1034	41396	67	185	0	0	*	2
1035	41436	69	185	0	0	*	2
1036	41476	71	186	0	0	*	2
1037	41516	73	187	0	0	*	2
1038	41556	75	188	0	0	*	2
1039	41596	77	188	0	0	*	2
1040	41636	79	189	0	0	*	2
1041	41676	81	190	0	0	*	2
1042	41716	84	191	0	0	*	2
1043	41756	85	192	0	0	*	2
1044	41796	87	192	0	0	*	2
1045	41836	90	193	0	0	*	2
1046	41876	92	194	0	0	*	2
1047	41916	94	194	0	0	*	2
1048	41956	97	195	0	0	*	2
1049	41996	98	196	0	0	*	2
1050	42036	100	196	0	0	*	2
1051	42076	103	197	0	0	*	2
1052	42116	106	197	0	0	*	2
1053	42156	108	198	0	0	*	2
1054	42196	110	199	0	0	*	2
1055	42236	112	199	0	0	*	2
1056	42276	114	200	0	0	*	2
1057	42316	117	200	0	0	*	2
1058	42356	119	201	0	0	*	2
1059	42396	121	201	0	0	*	2
1060	42436	123	202	0	0	*	2
1061	42476	126	203	0	0	*	2
1062	42516	128	203	0	0	*	2
1063	42556	130	204	0	0	*	2
1064	42596	132	204	0	0	*	2
1065	42636	134	205	0	0	*	2
1066	42676	136	205	0	0	*	2
1067	42716	139	206	0	0	*	2
1068	42756	141	206	0	0	*	2
1069	42796	143	207	0	0	*	2
1070	42836	145	207	0	0	*	2
1071	42876	147	207	0	0	*	2
1072	42916	149	208	0	0	*	2
1073	42956	151	208	0	0	*	2
1074	42996	153	209	0	0	*	2
1075	43036	156	209	0	0	*	2
1076	43076	157	209	0	0	*	2
1077	43116	159	209	0	0	*	2
1078	43156	161	209	0	0	*	2
1079	43196	163	210	0	0	*	2
1080	43236	165	210	0	0	*	2
1081	43276	167	211	0	0	*	2
1082	43316	169	211	0	0	*	2
1083	43356	170	211	0	0	*	2
1084	43396	172	212	0	0	*	2
1085	43436	174	212	0	0	*	2
1086	43476	176	212	0	0	*	2
1087	43516	178	213	0	0	*	2
1088	43556	180	213	0	0	*	2
1089	43596	181	214	0	0	*	2
1090	43636	183	214	0	0	*	2
1091	43676	185	214	0	0	*	2
1092	43716	187	214	0	0	*	2
1093	43756	189	215	0	0	*	2
1094	43796	190	215	0	0	*	2
1095	43836	192	215	0	0	*	2
1096	43876	194	215	0	0	*	2
1097	43916	196	215	0	0	*	2
1098	43956	198	215	0	0	*	2
1099	43996	200	215	0	0	*	2
1100	44036	202	215	0	0	*	2
1101	44076	203	215	0	0	*	2
1102	44116	205	215	0	0	*	2
1103	44156	206	214	0	0	*	2
1104	44196	208	213	0	0	*	2
1105	44236	209	213	0	0	*	2
1106	44276	210	212	0	0	*	2
1107	44316	211	212	0	0	*	2
1108	44356	212	212	0	0	*	2
1109	44396	213	211	0	0	*	2
1110	44436	215	210	0	0	*	2
1111	44476	216	209	0	0	*	2
1112	44516	217	208	0	0	*	2
1113	44556	218	206	0	0	*	2
1114	44596	219	205	0	0	*	2
1115	44636	220	204	0	0	*	2
1116	44676	221	202	0	0	*	2
1117	44716	222	201	0	0	*	2
1118	44756	223	200	0	0	*	2
1119	44796	224	198	0	0	*	2
1120	44836	225	197	0	0	*	2
1121	44876	226	195	0	0	*	2
1122	44916	227	194	0	0	*	2
1123	44956	228	192	0	0	*	2
1124	44996	229	191	0	0	*	2
1125	45036	229	189	0	0	*	2
1126	45076	230	187	0	0	*	2
1127	45116	231	186	0	0	*	2
1128	45156	231	185	0	0	*	2
1129	45196	232	183	0	0	*	2
1130	45236	232	182	0	0	*	2
1131	45276	232	180	0	0	*	2
1132	45316	233	178	0	0	*	2
1133	45356	233	176	0	0	*	2
1134	45396	233	172	0	0	*	2
1135	45436	234	170	0	0	*	2
1136	45476	234	168	0	0	*	2
1137	45516	235	166	0	0	*	2
1138	45556	235	165	0	0	*	2
1139	45596	235	162	0	0	*	2
1140	45636	235	160	0	0	*	2
1141	45676	236	159	0	0	*	2
1142	45716	236	157	0	0	*	2
1143	45756	236	154	0	0	*	2
1144	45796	236	153	0	0	*	2
1145	45836	236	151	0	0	*	2
1146	45876	236	149	0	0	*	2
1147	45916	236	147	0	0	*	2
1148	45956	236	145	0	0	*	2
1149	45996	236	142	0	0	*	2
1150	46036	236	140	0	0	*	2
1151	46076	235	139	0	0	*	2
1152	46116	235	137	0	0	*	2
1153	46156	234	135	0	0	*	2
1154	46196	234	133	0	0	*	2
1155	46236	233	131	0	0	*	2
1156	46276	233	129	0	0	*	2
1157	46316	232	128	0	0	*	2
1158	46356	231	126	0	0	*	2
1159	46396	231	124	0	0	*	2
1160	46436	230	122	0	0	*	2
1161	46476	229	120	0	0	*	2
1162	46516	228	118	0	0	*	2
1163	46556	227	117	0	0	*	2
1164	46596	226	115	0	0	*	2
1165	46636	225	114	0	0	*	2
1166	46676	224	112	0	0	*	2
1167	46716	224	110	0	0	*	2
1168	46756	223	109	0	0	*	2
1169	46796	222	107	0	0	*	2
1170	46836	221	106	0	0	*	2
1171	46876	220	104	0	0	*	2
1172	46916	219	102	0	0	*	2
1173	46956	219	101	0	0	*	2
1174	46996	218	99	0	0	*	2
1175	47036	217	97	0	0	*	2
1176	47076	216	96	0	0	*	2
1177	47116	214	94	0	0	*	2
1178	47156	214	93	0	0	*	2
1179	47196	213	91	0	0	*	2
1180	47236	212	89	0	0	*	2
1181	47276	211	88	0	0	*	2
1182	47316	210	86	0	0	*	2
1183	47356	209	84	0	0	*	2
1184	47396	207	81	0	0	*	2
1185	47436	206	80	0	0	*	2
1186	47476	206	79	0	0	*	2
1187	47516	205	77	0	0	*	2
1188	47556	204	75	0	0	*	2
1189	47596	203	74	0	0	*	2
1190	47636	202	71	0	0	*	2
1191	47676	201	70	0	0	*	2
1192	47716	200	69	0	0	*	2
1193	47756	200	67	0	0	*	2
1194	47796	199	66	0	0	*	2
1195	47836	198	64	0	0	*	2
1196	47876	196	62	0	0	*	2
1197	47916	195	60	0	0	*	2
1198	47956	194	58	0	0	*	2
1199	47996	194	57	0	0	*	2
1200	48036	193	56	0	0	*	2
1201	48076	192	54	0	0	*	2
1202	48116	191	53	0	0	*	2
1203	48156	189	51	0	0	*	2
1204	48196	188	50	0	0	*	2
1205	48236	187	49	0	0	*	2
1206	48276	186	48	0	0	*	2
1207	48316	185	47	0	0	*	2
1208	48356	184	46	0	0	*	2
1209	48396	183	45	0	0	*	2
1210	48436	182	44	0	0	*	2
1211	48476	181	43	0	0	*	2
1212	48516	179	42	0	0	*	2
1213	48556	178	41	0	0	*	2
1214	48596	176	41	0	0	*	2
1215	48636	175	40	0	0	*	2
1216	48676	175	40	0	0	*	2
1217	48716	173	39	0	0	*	2
1218	48756	171	39	0	0	*	2
1219	48796	170	39	0	0	*	2
1220	48836	169	38	0	0	*	2
1221	48876	168	38	0	0	*	2
1222	48916	166	38	0	0	*	2
1223	48956	165	38	0	0	*	2
1224	48996	164	38	0	0	*	2
1225	49036	162	38	0	0	*	2
1226	49076	160	39	0	0	*	2
1227	49116	158	39	0	0	*	2
1228	49156	158	39	0	0	*	2
1229	49196	156	40	0	0	*	2
1230	49236	154	40	0	0	*	2
1231	49276	152	41	0	0	*	2
1232	49316	151	42	0	0	*	2
1233	49356	149	42	0	0	*	2
1234	49396	148	43	0	0	*	2
1235	49436	146	44	0	0	*	2
1236	49476	145	45	0	0	*	2
1237	49516	143	46	0	0	*	2
1238	49556	141	46	0	0	*	2
1239	49596	140	47	0	0	*	2
1240	49636	138	48	0	0	*	2
1241	49676	136	49	0	0	*	2
1242	49716	134	50	0	0	*	2
1243	49756	133	51	0	0	*	2
1244	49796	132	52	0	0	*	2
1245	49836	130	53	0	0	*	2
1246	49876	129	54	0	0	*	2
1247	49916	127	56	0	0	*	2
1248	49956	125	57	0	0	*	2
1249	49996	124	58	0	0	*	2
1250	50036	122	60	0	0	*	2
1251	50076	121	61	0	0	*	2
1252	50116	120	63	0	0	*	2
1253	50156	118	64	0	0	*	2
1254	50196	117	66	0	0	*	2
1255	50236	116	67	0	0	*	2
1256	50276	114	69	0	0	*	2
1257	50316	113	70	0	0	*	2
1258	50356	112	72	0	0	*	2
1259	50396	110	74	0	0	*	2
1260	50436	109	75	0	0	*	2
1261	50476	108	77	0	0	*	2
1262	50516	107	79	0	0	*	2
1263	50556	106	81	0	0	*	2
1264	50596	105	82	0	0	*	2
1265	50636	103	84	0	0	*	2
1266	50676	102	86	0	0	*	2
1267	50716	101	88	0	0	*	2
1268	50756	100	90	0	0	*	2
1269	50796	99	92	0	0	*	2
1270	50836	98	93	0	0	*	2
1271	50876	97	95	0	0	*	2
1272	50916	97	97	0	0	*	2
1273	50956	96	99	0	0	*	2
1274	50996	95	101	0	0	*	2
1275	51036	95	103	0	0	*	2
1276	51076	94	105	0	0	*	2
1277	51116	93	107	0	0	*	2
1278	51156	92	109	0	0	*	2
1279	51196	92	111	0	0	*	2
1280	51236	91	113	0	0	*	2
1281	51276	90	115	0	0	*	2
1282	51316	89	117	0	0	*	2
1283	51356	89	119	0	0	*	2
1284	51396	88	121	0	0	*	2
1285	51436	88	123	0	0	*	2
1286	51476	87	126	0	0	*	2
1287	51516	86	128	0	0	*	2
1288	51556	86	130	0	0	*	2
1289	51596	85	132	0	0	*	2
1290	51636	85	134	0	0	*	2
1291	51676	84	136	0	0	*	2
1292	51716	83	138	0	0	*	2
1293	51756	82	139	0	0	*	2
1294	51796	82	142	0	0	*	2
1295	51836	81	144	0	0	*	2
1296	51876	80	146	0	0	*	2
1297	51916	79	148	0	0	*	2
1298	51956	78	150	0	0	*	2
1299	51996	78	152	0	0	*	2
1300	52036	77	154	0	0	*	2
1301	52076	76	156	0	0	*	2
1302	52116	75	158	0	0	*	2
1303	52156	74	161	0	0	*	2
1304	52196	73	162	0	0	*	2
1305	52236	73	164	0	0	*	2
1306	52276	72	166	0	0	*	2
1307	52316	72	168	0	0	*	2
1308	52356	71	170	0	0	*	2
1309	52396	70	172	0	0	*	2
1310	52436	69	174	0	0	*	2
1311	52476	68	176	0	0	*	2
1312	52516	67	178	0	0	*	2
1313	52556	67	180	0	0	*	2
1314	52596	66	182	0	0	*	2
1315	52636	65	184	0	0	*	2
1316	52676	64	185	0	0	*	2
1317	52716	63	188	0	0	*	2
1318	52756	62	190	0	0	*	2
1319	52796	62	192	0	0	*	2
1320	52836	61	194	0	0	*	2
1321	52876	61	196	0	0	*	2
1322	52916	60	198	0	0	*	2
1323	52956	59	200	0	0	*	2
1324	52996	58	202	0	0	*	2
1325	53036	57	203	0	0	*	2
1326	53076	57	205	0	0	*	2
1327	53116	56	207	0	0	*	2
1328	53156	55	209	0	0	*	2
1329	53196	55	210	0	0	*	2
1330	53236	55	212	0	0	*	2
1331	53276	54	213	0	0	*	2
1332	53316	55	214	0	0	*	2
1333	53356	55	215	0	0	*	2
1334	53396	55	216	0	0	*	2
1335	53436	55	217	0	0	*	2
1336	53476	56	218	0	0	*	2
1337	53516	56	218	0	0	*	2
1338	53556	57	217	0	0	*	2
1339	53596	57	217	0	0	*	2
1340	53636	57	217	0	0	*	2
1341	53676	57	217	0	0	*	2
1342	53716	57	218	0	0	*	2
1343	53756	58	218	0	0	*	2
1344	53796	59	219	0	0	*	2
1345	53836	58	219	0	0	*	2
1346	53876	59	220	0	0	*	2
1347	53916	60	220	0	0	*	2
1348	53956	61	221	0	0	*	2
1349	53996	64	221	0	0	*	2
1350	54036	65	222	0	0	*	2
1351	54076	66	222	0	0	*	2
1352	54116	68	223	0	0	*	2
1353	54156	69	223	0	0	*	2
1354	54196	71	224	0	0	*	2
1355	54236	72	224	0	0	*	2
1356	54276	73	225	0	0	*	2
1357	54316	75	225	0	0	*	2
1358	54356	77	225	0	0	*	2
1359	54396	79	226	0	0	*	2
1360	54436	81	227	0	0	*	2
1361	54476	82	227	0	0	*	2
1362	54516	85	227	0	0	*	2
1363	54556	86	228	0	0	*	2
1364	54596	88	228	0	0	*	2
1365	54636	90	229	0	0	*	2
1366	54676	92	229	0	0	*	2
1367	54716	94	230	0	0	*	2
1368	54756	96	230	0	0	*	2
1369	54796	97	230	0	0	*	2
1370	54836	100	231	0	0	*	2
1371	54876	101	231	0	0	*	2
1372	54916	103	232	0	0	*	2
1373	54956	105	232	0	0	*	2
1374	54996	108	232	0	0	*	2
1375	55036	109	232	0	0	*	2
1376	55076	112	232	0	0	*	2
1377	55116	114	233	0	0	*	2
1378	55156	116	233	0	0	*	2
1379	55196	118	233	0	0	*	2
1380	55236	120	233	0	0	*	2
1381	55276	122	233	0	0	*	2
1382	55316	124	233	0	0	*	2
1383	55356	127	233	0	0	*	2
1384	55396	129	233	0	0	*	2
1385	55436	131	232	0	0	*	2
1386	55476	133	232	0	0	*	2
1387	55516	135	232	0	0	*	2
1388	55556	137	232	0	0	*	2
1389	55596	139	232	0	0	*	2
1390	55636	141	231	0	0	*	2
1391	55676	142	231	0	0	*	2
1392	55716	144	230	0	0	*	2
1393	55756	146	229	0	0	*	2
1394	55796	148	229	0	0	*	2
1395	55836	150	228	0	0	*	2
1396	55876	152	227	0	0	*	2
1397	55916	154	227	0	0	*	2
1398	55956	155	226	0	0	*	2
1399	55996	157	225	0	0	*	2
1400	56036	158	224	0	0	*	2
1401	56076	160	223	0	0	*	2
1402	56116	162	222	0	0	*	2
1403	56156	163	221	0	0	*	2
1404	56196	165	220	0	0	*	2
1405	56236	167	219	0	0	*	2
1406	56276	168	218	0	0	*	2
1407	56316	170	216	0	0	*	2
1408	56356	171	215	0	0	*	2
1409	56396	173	214	0	0	*	2
1410	56436	174	212	0	0	*	2
1411	56476	176	211	0	0	*	2
1412	56516	177	209	0	0	*	2
1413	56556	179	208	0	0	*	2
1414	56596	180	207	0	0	*	2
1415	56636	181	205	0	0	*	2
1416	56676	182	204	0	0	*	2
1417	56716	183	202	0	0	*	2
1418	56756	184	200	0	0	*	2
1419	56796	186	199	0	0	*	2
1420	56836	187	197	0	0	*	2
1421	56876	188	195	0	0	*	2
1422	56916	189	194	0	0	*	2
1423	56956	190	191	0	0	*	2
1424	56996	191	190	0	0	*	2
1425	57036	193	188	0	0	*	2
1426	57076	194	187	0	0	*	2
1427	57116	194	185	0	0	*	2
1428	57156	195	184	0	0	*	2
1429	57196	196	182	0	0	*	2
1430	57236	197	180	0	0	*	2
1431	57276	199	178	0	0	*	2
1432	57316	200	176	0	0	*	2
1433	57356	201	175	0	0	*	2
1434	57396	202	173	0	0	*	2
1435	57436	203	171	0	0	*	2
1436	57476	204	169	0	0	*	2
1437	57516	205	168	0	0	*	2
1438	57556	206	166	0	0	*	2
1439	57596	207	164	0	0	*	2
1440	57636	208	162	0	0	*	2
1441	57676	209	161	0	0	*	2
1442	57716	210	159	0	0	*	2
1443	57756	211	157	0	0	*	2
1444	57796	212	155	0	0	*	2
1445	57836	213	154	0	0	*	2
1446	57876	214	152	0	0	*	2
1447	57916	215	150	0	0	*	2
1448	57956	216	148	0	0	*	2
1449	57996	217	147	0	0	*	2
1450	58036	219	145	0	0	*	2
1451	58076	219	143	0	0	*	2
1452	58116	220	142	0	0	*	2
1453	58156	221	140	0	0	*	2
1454	58196	223	138	0	0	*	2
1455	58236	224	137	0	0	*	2
1456	58276	225	135	0	0	*	2
1457	58316	226	134	0	0	*	2
1458	58356	227	132	0	0	*	2
1459	58396	228	130	0	0	*	2
1460	58436	229	128	0	0	*	2
1461	58476	230	127	0	0	*	2
1462	58516	231	125	0	0	*	2
1463	58556	231	123	0	0	*	2
1464	58596	232	122	0	0	*	2
1465	58636	232	120	0	0	*	2
1466	58676	232	118	0	0	*	2
1467	58716	233	117	0	0	*	2
1468	58756	233	116	0	0	*	2
1469	58796	234	114	0	0	*	2
1470	58836	234	113	0	0	*	2
1471	58876	234	110	0	0	*	2
1472	58916	234	110	0	0	*	2
1473	58956	234	108	0	0	*	2
1474	58996	234	106	0	0	*	2
1475	59036	234	105	0	0	*	2
1476	59076	233	103	0	0	*	2
1477	59116	233	102	0	0	*	2
1478	59156	233	100	0	0	*	2
1479	59196	232	99	0	0	*	2
1480	59236	231	98	0	0	*	2
1481	59276	231	96	0	0	*	2
1482	59316	230	95	0	0	*	2
1483	59356	229	94	0	0	*	2
1484	59396	229	93	0	0	*	2
1485	59436	227	92	0	0	*	2
1486	59476	226	90	0	0	*	2
1487	59516	225	89	0	0	*	2
1488	59556	224	88	0	0	*	2
1489	59596	223	87	0	0	*	2
1490	59636	222	87	0	0	*	2
1491	59676	220	85	0	0	*	2
1492	59716	219	85	0	0	*	2
1493	59756	218	84	0	0	*	2
1494	59796	217	83	0	0	*	2
1495	59836	216	82	0	0	*	2
1496	59876	214	82	0	0	*	2
1497	59916	212	81	0	0	*	2
1498	59956	210	80	0	0	*	2
1499	59996	209	79	0	0	*	2
1500	60036	208	79	0	0	*	2
1501	60076	206	78	0	0	*	2
1502	60116	204	78	0	0	*	2
1503	60156	203	78	0	0	*	2
1504	60196	201	77	0	0	*	2
1505	60236	199	77	0	0	*	2
1506	60276	198	76	0	0	*	2
1507	60316	196	76	0	0	*	2
1508	60356	194	76	0	0	*	2
1509	60396	193	76	0	0	*	2
