%%BEGIN_HEADER
	%%BEGIN DATABASE_INFORMATION
		%Date.0 ( 30.9.2019 )
		%Time.0 ( 12:18 )
	%%END DATABASE_INFORMATION
	%%BEGIN SETUP_INFORMATION
		%TrackerVersion.0 ( Tracker version 2.38 release 12.8.2012 )
		%ElapsedTime_ms.0 ( 62974 )
		%Paradigm.0 ( PlacePreference )
		%FeederParameters.0 ( 1500 0 )
			// %FeederParameters.0 ( ENTRANCE_LATENCY EXIT_LATENCY )
		%ElapsedPath_m.0 ( 0.00 )
		%ArenaDiameter_m.0 ( 1.80 )
		%TrackerResolution_PixPerCM.0 ( 1.4222 )
		%ArenaCenterXY.0 ( 127.5 127.5 )
		%Frame.0 ( RoomFrame )
		%ReinforcedSector.0 ( 64.3907 190.6093 7 )
			//%ReinforcedSector.0 ( CENTER_X CENTER_Y RADIUS )
		%RoomTrackReinforcedSector.0 ( 64.3907 190.6093 7 )
			//%RoomTrackReinforcedSector.0 ( CENTER_X CENTER_Y RADIUS )
	%%END SETUP_INFORMATION
	%%BEGIN RECORD_FORMAT
		%Sample.0 ( FrameCount 1msTimeStamp RoomX RoomY Sectors State Flags FrameInfo )
			//Sectors indicate if the object is in a target. Number is binary coded. Sectors = 0: no target, Sectors = 1: room target, Sectors: = 2 arena target, Sectors: = 3 room and arena target
			////State indicates the Watermaze State: OutsideTarget = 0, EntranceLatency = 1, InsideTarget = 3, OutsideRefractory = 4, BadSpot = 5
			//FrameInfo indicates succesfuly tracked spots: ReferencePoint * 2^0 + Spot0 * 2^(1+0) + Spot1 * 2^(1+1) + Spot2 * 2^(1+2) .... 
	%%END RECORD_FORMAT
%%END_HEADER
1	54	208	213	0	0	*	2
2	94	208	212	0	0	*	2
3	134	208	211	0	0	*	2
4	174	208	210	0	0	*	2
5	214	208	209	0	0	*	2
6	254	207	209	0	0	*	2
7	294	207	209	0	0	*	2
8	334	206	208	0	0	*	2
9	374	206	208	0	0	*	2
10	414	206	209	0	0	*	2
11	454	206	208	0	0	*	2
12	494	205	208	0	0	*	2
13	534	205	208	0	0	*	2
14	574	204	208	0	0	*	2
15	614	203	208	0	0	*	2
16	654	203	208	0	0	*	2
17	694	202	208	0	0	*	2
18	734	202	207	0	0	*	2
19	774	201	207	0	0	*	2
20	814	201	207	0	0	*	2
21	854	200	207	0	0	*	2
22	894	200	206	0	0	*	2
23	934	199	205	0	0	*	2
24	974	198	204	0	0	*	2
25	1014	197	203	0	0	*	2
26	1054	195	201	0	0	*	2
27	1094	194	199	0	0	*	2
28	1134	194	198	0	0	*	2
29	1174	192	196	0	0	*	2
30	1214	190	195	0	0	*	2
31	1254	189	193	0	0	*	2
32	1294	188	191	0	0	*	2
33	1334	186	190	0	0	*	2
34	1374	185	188	0	0	*	2
35	1414	183	186	0	0	*	2
36	1454	182	185	0	0	*	2
37	1494	181	183	0	0	*	2
38	1534	180	181	0	0	*	2
39	1574	178	179	0	0	*	2
40	1614	177	177	0	0	*	2
41	1654	176	175	0	0	*	2
42	1694	175	173	0	0	*	2
43	1734	173	171	0	0	*	2
44	1774	172	169	0	0	*	2
45	1814	171	167	0	0	*	2
46	1854	170	165	0	0	*	2
47	1894	168	163	0	0	*	2
48	1934	167	161	0	0	*	2
49	1974	166	159	0	0	*	2
50	2014	164	157	0	0	*	2
51	2054	163	155	0	0	*	2
52	2094	161	153	0	0	*	2
53	2134	160	151	0	0	*	2
54	2174	158	150	0	0	*	2
55	2214	157	148	0	0	*	2
56	2254	156	146	0	0	*	2
57	2294	154	145	0	0	*	2
58	2334	152	143	0	0	*	2
59	2374	150	142	0	0	*	2
60	2414	148	141	0	0	*	2
61	2454	147	140	0	0	*	2
62	2494	146	139	0	0	*	2
63	2534	144	139	0	0	*	2
64	2574	142	139	0	0	*	2
65	2614	140	139	0	0	*	2
66	2654	139	139	0	0	*	2
67	2694	138	139	0	0	*	2
68	2734	137	139	0	0	*	2
69	2774	136	140	0	0	*	2
70	2814	136	141	0	0	*	2
71	2854	135	141	0	0	*	2
72	2894	135	142	0	0	*	2
73	2934	135	143	0	0	*	2
74	2974	135	144	0	0	*	2
75	3014	135	145	0	0	*	2
76	3054	135	146	0	0	*	2
77	3094	135	146	0	0	*	2
78	3134	136	147	0	0	*	2
79	3174	136	148	0	0	*	2
80	3214	137	148	0	0	*	2
81	3254	137	149	0	0	*	2
82	3294	138	150	0	0	*	2
83	3334	139	150	0	0	*	2
84	3374	140	151	0	0	*	2
85	3414	142	151	0	0	*	2
86	3454	143	151	0	0	*	2
87	3494	144	152	0	0	*	2
88	3534	145	152	0	0	*	2
89	3574	146	153	0	0	*	2
90	3614	147	153	0	0	*	2
91	3654	149	154	0	0	*	2
92	3694	151	154	0	0	*	2
93	3734	152	154	0	0	*	2
94	3774	154	154	0	0	*	2
95	3814	155	154	0	0	*	2
96	3854	157	154	0	0	*	2
97	3894	158	154	0	0	*	2
98	3934	160	154	0	0	*	2
99	3974	162	154	0	0	*	2
100	4014	164	154	0	0	*	2
101	4054	166	154	0	0	*	2
102	4094	168	153	0	0	*	2
103	4134	169	153	0	0	*	2
104	4174	171	153	0	0	*	2
105	4214	173	153	0	0	*	2
106	4254	175	153	0	0	*	2
107	4294	177	153	0	0	*	2
108	4334	179	152	0	0	*	2
109	4374	180	152	0	0	*	2
110	4414	182	151	0	0	*	2
111	4454	183	150	0	0	*	2
112	4494	185	149	0	0	*	2
113	4534	186	148	0	0	*	2
114	4574	188	147	0	0	*	2
115	4614	189	146	0	0	*	2
116	4654	189	145	0	0	*	2
117	4694	190	144	0	0	*	2
118	4734	191	142	0	0	*	2
119	4774	191	141	0	0	*	2
120	4814	192	139	0	0	*	2
121	4854	192	138	0	0	*	2
122	4894	193	137	0	0	*	2
123	4934	193	136	0	0	*	2
124	4974	193	134	0	0	*	2
125	5014	193	132	0	0	*	2
126	5054	194	131	0	0	*	2
127	5094	194	130	0	0	*	2
128	5134	194	128	0	0	*	2
129	5174	194	126	0	0	*	2
130	5214	194	124	0	0	*	2
131	5254	195	122	0	0	*	2
132	5294	195	120	0	0	*	2
133	5334	195	118	0	0	*	2
134	5374	195	116	0	0	*	2
135	5414	195	115	0	0	*	2
136	5454	195	113	0	0	*	2
137	5494	195	111	0	0	*	2
138	5534	195	109	0	0	*	2
139	5574	195	107	0	0	*	2
140	5614	194	105	0	0	*	2
141	5654	194	103	0	0	*	2
142	5694	194	101	0	0	*	2
143	5734	193	98	0	0	*	2
144	5774	193	97	0	0	*	2
145	5814	192	95	0	0	*	2
146	5854	191	93	0	0	*	2
147	5894	190	92	0	0	*	2
148	5934	189	91	0	0	*	2
149	5974	188	89	0	0	*	2
150	6014	187	88	0	0	*	2
151	6054	186	86	0	0	*	2
152	6094	184	85	0	0	*	2
153	6134	183	83	0	0	*	2
154	6174	182	82	0	0	*	2
155	6214	180	80	0	0	*	2
156	6254	179	79	0	0	*	2
157	6294	177	77	0	0	*	2
158	6334	176	76	0	0	*	2
159	6374	174	74	0	0	*	2
160	6414	173	73	0	0	*	2
161	6454	171	72	0	0	*	2
162	6494	170	70	0	0	*	2
163	6534	168	69	0	0	*	2
164	6574	166	68	0	0	*	2
165	6614	165	66	0	0	*	2
166	6654	163	65	0	0	*	2
167	6694	161	64	0	0	*	2
168	6734	159	62	0	0	*	2
169	6774	158	61	0	0	*	2
170	6814	157	59	0	0	*	2
171	6854	155	57	0	0	*	2
172	6894	153	56	0	0	*	2
173	6934	151	55	0	0	*	2
174	6974	149	53	0	0	*	2
175	7014	147	51	0	0	*	2
176	7054	146	50	0	0	*	2
177	7094	145	49	0	0	*	2
178	7134	143	48	0	0	*	2
179	7174	141	47	0	0	*	2
180	7214	139	46	0	0	*	2
181	7254	137	46	0	0	*	2
182	7294	135	46	0	0	*	2
183	7334	133	46	0	0	*	2
184	7374	131	46	0	0	*	2
185	7414	129	46	0	0	*	2
186	7454	128	46	0	0	*	2
187	7494	126	46	0	0	*	2
188	7534	124	46	0	0	*	2
189	7574	122	46	0	0	*	2
190	7614	120	46	0	0	*	2
191	7654	118	46	0	0	*	2
192	7694	116	46	0	0	*	2
193	7734	114	46	0	0	*	2
194	7774	111	46	0	0	*	2
195	7814	109	47	0	0	*	2
196	7854	107	47	0	0	*	2
197	7894	105	47	0	0	*	2
198	7934	103	47	0	0	*	2
199	7974	101	48	0	0	*	2
200	8014	98	48	0	0	*	2
201	8054	96	48	0	0	*	2
202	8094	94	49	0	0	*	2
203	8134	92	49	0	0	*	2
204	8174	89	49	0	0	*	2
205	8214	87	50	0	0	*	2
206	8254	85	50	0	0	*	2
207	8294	83	50	0	0	*	2
208	8334	81	51	0	0	*	2
209	8374	78	51	0	0	*	2
210	8414	76	52	0	0	*	2
211	8454	74	52	0	0	*	2
212	8494	73	53	0	0	*	2
213	8534	71	55	0	0	*	2
214	8574	70	56	0	0	*	2
215	8614	68	57	0	0	*	2
216	8654	67	58	0	0	*	2
217	8694	65	60	0	0	*	2
218	8734	64	61	0	0	*	2
219	8774	62	62	0	0	*	2
220	8814	61	64	0	0	*	2
221	8854	60	65	0	0	*	2
222	8894	59	66	0	0	*	2
223	8934	57	68	0	0	*	2
224	8974	55	70	0	0	*	2
225	9014	54	70	0	0	*	2
226	9054	53	72	0	0	*	2
227	9094	51	73	0	0	*	2
228	9134	50	75	0	0	*	2
229	9174	49	77	0	0	*	2
230	9214	47	78	0	0	*	2
231	9254	46	80	0	0	*	2
232	9294	45	81	0	0	*	2
233	9334	44	83	0	0	*	2
234	9374	43	85	0	0	*	2
235	9414	42	86	0	0	*	2
236	9454	40	88	0	0	*	2
237	9494	39	90	0	0	*	2
238	9534	39	92	0	0	*	2
239	9574	38	93	0	0	*	2
240	9614	37	95	0	0	*	2
241	9654	37	97	0	0	*	2
242	9694	37	98	0	0	*	2
243	9734	37	100	0	0	*	2
244	9774	37	101	0	0	*	2
245	9814	37	103	0	0	*	2
246	9854	37	104	0	0	*	2
247	9894	38	106	0	0	*	2
248	9934	39	107	0	0	*	2
249	9974	39	108	0	0	*	2
250	10014	40	109	0	0	*	2
251	10054	41	111	0	0	*	2
252	10094	42	112	0	0	*	2
253	10134	43	113	0	0	*	2
254	10174	44	115	0	0	*	2
255	10214	45	116	0	0	*	2
256	10254	46	117	0	0	*	2
257	10294	47	118	0	0	*	2
258	10334	48	119	0	0	*	2
259	10374	50	121	0	0	*	2
260	10414	51	122	0	0	*	2
261	10454	52	124	0	0	*	2
262	10494	54	125	0	0	*	2
263	10534	55	126	0	0	*	2
264	10574	57	128	0	0	*	2
265	10614	59	129	0	0	*	2
266	10654	60	131	0	0	*	2
267	10694	61	132	0	0	*	2
268	10734	63	134	0	0	*	2
269	10774	65	136	0	0	*	2
270	10814	66	137	0	0	*	2
271	10854	69	139	0	0	*	2
272	10894	70	139	0	0	*	2
273	10934	72	141	0	0	*	2
274	10974	74	143	0	0	*	2
275	11014	75	144	0	0	*	2
276	11054	77	145	0	0	*	2
277	11094	79	147	0	0	*	2
278	11134	81	149	0	0	*	2
279	11174	83	150	0	0	*	2
280	11214	85	152	0	0	*	2
281	11254	86	153	0	0	*	2
282	11294	88	155	0	0	*	2
283	11334	90	156	0	0	*	2
284	11374	92	158	0	0	*	2
285	11414	94	159	0	0	*	2
286	11454	96	161	0	0	*	2
287	11494	98	162	0	0	*	2
288	11534	100	163	0	0	*	2
289	11574	102	165	0	0	*	2
290	11614	104	166	0	0	*	2
291	11654	106	167	0	0	*	2
292	11694	108	168	0	0	*	2
293	11734	110	170	0	0	*	2
294	11774	112	171	0	0	*	2
295	11814	114	172	0	0	*	2
296	11854	116	173	0	0	*	2
297	11894	118	174	0	0	*	2
298	11934	121	175	0	0	*	2
299	11974	122	176	0	0	*	2
300	12014	124	178	0	0	*	2
301	12054	126	178	0	0	*	2
302	12094	129	179	0	0	*	2
303	12134	131	180	0	0	*	2
304	12174	133	181	0	0	*	2
305	12214	135	181	0	0	*	2
306	12254	137	182	0	0	*	2
307	12294	139	183	0	0	*	2
308	12334	142	183	0	0	*	2
309	12374	144	184	0	0	*	2
310	12414	146	184	0	0	*	2
311	12454	148	184	0	0	*	2
312	12494	150	185	0	0	*	2
313	12534	153	185	0	0	*	2
314	12574	155	185	0	0	*	2
315	12614	157	185	0	0	*	2
316	12654	159	185	0	0	*	2
317	12694	162	185	0	0	*	2
318	12734	164	185	0	0	*	2
319	12774	167	185	0	0	*	2
320	12814	169	185	0	0	*	2
321	12854	171	185	0	0	*	2
322	12894	173	185	0	0	*	2
323	12934	175	185	0	0	*	2
324	12974	178	185	0	0	*	2
325	13014	180	185	0	0	*	2
326	13054	182	185	0	0	*	2
327	13094	184	184	0	0	*	2
328	13134	187	184	0	0	*	2
329	13174	189	183	0	0	*	2
330	13214	191	183	0	0	*	2
331	13254	193	183	0	0	*	2
332	13294	195	182	0	0	*	2
333	13334	198	182	0	0	*	2
334	13374	200	182	0	0	*	2
335	13414	202	181	0	0	*	2
336	13454	205	181	0	0	*	2
337	13494	207	181	0	0	*	2
338	13534	209	180	0	0	*	2
339	13574	211	180	0	0	*	2
340	13614	213	180	0	0	*	2
341	13654	216	180	0	0	*	2
342	13694	219	179	0	0	*	2
343	13734	220	179	0	0	*	2
344	13774	222	178	0	0	*	2
345	13814	224	177	0	0	*	2
346	13854	225	176	0	0	*	2
347	13894	226	174	0	0	*	2
348	13934	227	173	0	0	*	2
349	13974	228	171	0	0	*	2
350	14014	229	170	0	0	*	2
351	14054	229	169	0	0	*	2
352	14094	230	167	0	0	*	2
353	14134	229	169	0	0	*	2
354	14174	229	168	0	0	*	2
355	14214	230	165	0	0	*	2
356	14254	231	162	0	0	*	2
357	14294	231	161	0	0	*	2
358	14334	231	162	0	0	*	2
359	14374	231	160	0	0	*	2
360	14414	232	158	0	0	*	2
361	14454	232	154	0	0	*	2
362	14494	232	152	0	0	*	2
363	14534	232	151	0	0	*	2
364	14574	231	149	0	0	*	2
365	14614	231	150	0	0	*	2
366	14654	231	145	0	0	*	2
367	14694	230	143	0	0	*	2
368	14734	230	142	0	0	*	2
369	14774	229	140	0	0	*	2
370	14814	229	141	0	0	*	2
371	14854	227	137	0	0	*	2
372	14894	226	135	0	0	*	2
373	14934	226	133	0	0	*	2
374	14974	225	131	0	0	*	2
375	15014	224	128	0	0	*	2
376	15054	223	127	0	0	*	2
377	15094	222	125	0	0	*	2
378	15134	221	123	0	0	*	2
379	15174	220	121	0	0	*	2
380	15214	219	118	0	0	*	2
381	15254	218	116	0	0	*	2
382	15294	217	115	0	0	*	2
383	15334	216	113	0	0	*	2
384	15374	215	110	0	0	*	2
385	15414	214	108	0	0	*	2
386	15454	213	106	0	0	*	2
387	15494	212	104	0	0	*	2
388	15534	211	102	0	0	*	2
389	15574	210	100	0	0	*	2
390	15614	209	97	0	0	*	2
391	15654	208	95	0	0	*	2
392	15694	207	93	0	0	*	2
393	15734	207	91	0	0	*	2
394	15774	206	89	0	0	*	2
395	15814	206	87	0	0	*	2
396	15854	204	84	0	0	*	2
397	15894	204	82	0	0	*	2
398	15934	203	80	0	0	*	2
399	15974	202	77	0	0	*	2
400	16014	201	75	0	0	*	2
401	16054	200	73	0	0	*	2
402	16094	198	71	0	0	*	2
403	16134	197	69	0	0	*	2
404	16174	196	68	0	0	*	2
405	16214	194	65	0	0	*	2
406	16254	194	63	0	0	*	2
407	16294	192	62	0	0	*	2
408	16334	191	60	0	0	*	2
409	16374	189	57	0	0	*	2
410	16414	188	56	0	0	*	2
411	16454	186	53	0	0	*	2
412	16494	185	51	0	0	*	2
413	16534	184	49	0	0	*	2
414	16574	182	47	0	0	*	2
415	16614	181	46	0	0	*	2
416	16654	180	44	0	0	*	2
417	16694	179	42	0	0	*	2
418	16734	177	40	0	0	*	2
419	16774	176	38	0	0	*	2
420	16814	175	36	0	0	*	2
421	16854	173	34	0	0	*	2
422	16894	172	32	0	0	*	2
423	16934	171	30	0	0	*	2
424	16974	170	27	0	0	*	2
425	17014	169	25	0	0	*	2
426	17054	168	23	0	0	*	2
427	17094	167	22	0	0	*	2
428	17134	166	19	0	0	*	2
429	17174	165	17	0	0	*	2
430	17214	164	15	0	0	*	2
431	17254	163	13	0	0	*	2
432	17294	162	11	0	0	*	2
433	17334	162	10	0	0	*	2
434	17374	162	9	0	0	*	2
435	17414	162	8	0	0	*	2
436	17454	161	8	0	0	*	2
437	17494	159	8	0	0	*	2
438	17534	158	7	0	0	*	2
439	17574	157	7	0	0	*	2
440	17614	154	7	0	0	*	2
441	17654	153	7	0	0	*	2
442	17694	152	8	0	0	*	2
443	17734	150	8	0	0	*	2
444	17774	150	8	0	0	*	2
445	17814	148	8	0	0	*	2
446	17854	148	8	0	0	*	2
447	17894	146	8	0	0	*	2
448	17934	145	9	0	0	*	2
449	17974	144	9	0	0	*	2
450	18014	142	10	0	0	*	2
451	18054	145	10	0	0	*	2
452	18094	140	10	0	0	*	2
453	18134	139	10	0	0	*	2
454	18174	137	11	0	0	*	2
455	18214	135	12	0	0	*	2
456	18254	134	12	0	0	*	2
457	18294	133	13	0	0	*	2
458	18334	131	13	0	0	*	2
459	18374	129	15	0	0	*	2
460	18414	128	16	0	0	*	2
461	18454	127	17	0	0	*	2
462	18494	125	18	0	0	*	2
463	18534	123	19	0	0	*	2
464	18574	122	21	0	0	*	2
465	18614	121	22	0	0	*	2
466	18654	119	23	0	0	*	2
467	18694	118	24	0	0	*	2
468	18734	116	26	0	0	*	2
469	18774	114	27	0	0	*	2
470	18814	113	29	0	0	*	2
471	18854	112	30	0	0	*	2
472	18894	110	31	0	0	*	2
473	18934	109	33	0	0	*	2
474	18974	107	34	0	0	*	2
475	19014	105	36	0	0	*	2
476	19054	103	37	0	0	*	2
477	19094	102	38	0	0	*	2
478	19134	100	39	0	0	*	2
479	19174	98	41	0	0	*	2
480	19214	97	42	0	0	*	2
481	19254	94	43	0	0	*	2
482	19294	93	44	0	0	*	2
483	19334	91	46	0	0	*	2
484	19374	89	47	0	0	*	2
485	19414	87	48	0	0	*	2
486	19454	85	49	0	0	*	2
487	19494	82	50	0	0	*	2
488	19534	80	51	0	0	*	2
489	19574	78	53	0	0	*	2
490	19614	76	54	0	0	*	2
491	19654	74	54	0	0	*	2
492	19694	71	55	0	0	*	2
493	19734	69	56	0	0	*	2
494	19774	67	57	0	0	*	2
495	19814	64	57	0	0	*	2
496	19854	62	58	0	0	*	2
497	19894	60	59	0	0	*	2
498	19934	57	59	0	0	*	2
499	19974	54	60	0	0	*	2
500	20014	52	60	0	0	*	2
501	20054	49	60	0	0	*	2
502	20094	47	61	0	0	*	2
503	20134	45	61	0	0	*	2
504	20174	42	61	0	0	*	2
505	20214	39	61	0	0	*	2
506	20254	37	62	0	0	*	2
507	20294	35	62	0	0	*	2
508	20334	33	63	0	0	*	2
509	20374	31	63	0	0	*	2
510	20414	29	62	0	0	*	2
511	20454	27	63	0	0	*	2
512	20494	25	64	0	0	*	2
513	20534	24	64	0	0	*	2
514	20574	24	66	0	0	*	2
515	20614	23	67	0	0	*	2
516	20654	22	69	0	0	*	2
517	20694	21	70	0	0	*	2
518	20734	20	71	0	0	*	2
519	20774	20	71	0	0	*	2
520	20814	20	71	0	0	*	2
521	20854	20	72	0	0	*	2
522	20894	20	73	0	0	*	2
523	20934	20	74	0	0	*	2
524	20974	19	76	0	0	*	2
525	21014	19	77	0	0	*	2
526	21054	19	78	0	0	*	2
527	21094	19	80	0	0	*	2
528	21134	19	81	0	0	*	2
529	21174	20	82	0	0	*	2
530	21214	20	83	0	0	*	2
531	21254	21	84	0	0	*	2
532	21294	21	85	0	0	*	2
533	21334	22	87	0	0	*	2
534	21374	23	89	0	0	*	2
535	21414	26	94	0	0	*	2
536	21454	28	97	0	0	*	2
537	21494	29	99	0	0	*	2
538	21534	30	101	0	0	*	2
539	21574	31	103	0	0	*	2
540	21614	32	105	0	0	*	2
541	21654	35	111	0	0	*	2
542	21694	36	113	0	0	*	2
543	21734	37	114	0	0	*	2
544	21774	39	116	0	0	*	2
545	21814	40	118	0	0	*	2
546	21854	41	120	0	0	*	2
547	21894	42	122	0	0	*	2
548	21934	44	124	0	0	*	2
549	21974	45	125	0	0	*	2
550	22014	47	128	0	0	*	2
551	22054	48	129	0	0	*	2
552	22094	49	131	0	0	*	2
553	22134	50	133	0	0	*	2
554	22174	52	135	0	0	*	2
555	22214	51	134	0	0	*	2
556	22254	55	138	0	0	*	2
557	22294	57	139	0	0	*	2
558	22334	59	140	0	0	*	2
559	22374	61	141	0	0	*	2
560	22414	62	143	0	0	*	2
561	22454	64	144	0	0	*	2
562	22494	66	146	0	0	*	2
563	22534	68	147	0	0	*	2
564	22574	71	148	0	0	*	2
565	22614	73	149	0	0	*	2
566	22654	75	151	0	0	*	2
567	22694	76	152	0	0	*	2
568	22734	78	152	0	0	*	2
569	22774	81	154	0	0	*	2
570	22814	84	155	0	0	*	2
571	22854	85	155	0	0	*	2
572	22894	88	157	0	0	*	2
573	22934	90	158	0	0	*	2
574	22974	92	158	0	0	*	2
575	23014	95	159	0	0	*	2
576	23054	97	160	0	0	*	2
577	23094	99	161	0	0	*	2
578	23134	102	162	0	0	*	2
579	23174	104	163	0	0	*	2
580	23214	106	164	0	0	*	2
581	23254	109	165	0	0	*	2
582	23294	111	166	0	0	*	2
583	23334	113	167	0	0	*	2
584	23374	116	168	0	0	*	2
585	23414	118	169	0	0	*	2
586	23454	120	170	0	0	*	2
587	23494	123	171	0	0	*	2
588	23534	125	171	0	0	*	2
589	23574	127	172	0	0	*	2
590	23614	130	173	0	0	*	2
591	23654	133	174	0	0	*	2
592	23694	134	175	0	0	*	2
593	23734	137	176	0	0	*	2
594	23774	139	177	0	0	*	2
595	23814	141	178	0	0	*	2
596	23854	144	179	0	0	*	2
597	23894	146	180	0	0	*	2
598	23934	148	181	0	0	*	2
599	23974	151	182	0	0	*	2
600	24014	153	183	0	0	*	2
601	24054	155	184	0	0	*	2
602	24094	158	185	0	0	*	2
603	24134	159	186	0	0	*	2
604	24174	161	187	0	0	*	2
605	24214	164	188	0	0	*	2
606	24254	167	189	0	0	*	2
607	24294	166	188	0	0	*	2
608	24334	171	191	0	0	*	2
609	24374	173	192	0	0	*	2
610	24414	175	193	0	0	*	2
611	24454	178	194	0	0	*	2
612	24494	181	195	0	0	*	2
613	24534	182	196	0	0	*	2
614	24574	184	197	0	0	*	2
615	24614	187	198	0	0	*	2
616	24654	189	199	0	0	*	2
617	24694	191	199	0	0	*	2
618	24734	194	200	0	0	*	2
619	24774	196	200	0	0	*	2
620	24814	197	201	0	0	*	2
621	24854	199	201	0	0	*	2
622	24894	202	200	0	0	*	2
623	24934	203	200	0	0	*	2
624	24974	205	199	0	0	*	2
625	25014	206	198	0	0	*	2
626	25054	207	197	0	0	*	2
627	25094	209	197	0	0	*	2
628	25134	210	196	0	0	*	2
629	25174	211	195	0	0	*	2
630	25214	210	195	0	0	*	2
631	25254	212	194	0	0	*	2
632	25294	213	193	0	0	*	2
633	25334	214	192	0	0	*	2
634	25374	215	190	0	0	*	2
635	25414	216	189	0	0	*	2
636	25454	217	187	0	0	*	2
637	25494	217	186	0	0	*	2
638	25534	218	185	0	0	*	2
639	25574	219	184	0	0	*	2
640	25614	219	182	0	0	*	2
641	25654	220	181	0	0	*	2
642	25694	220	179	0	0	*	2
643	25734	222	175	0	0	*	2
644	25774	222	176	0	0	*	2
645	25814	223	172	0	0	*	2
646	25854	224	169	0	0	*	2
647	25894	223	171	0	0	*	2
648	25934	225	166	0	0	*	2
649	25974	225	163	0	0	*	2
650	26014	225	165	0	0	*	2
651	26054	226	161	0	0	*	2
652	26094	227	160	0	0	*	2
653	26134	227	156	0	0	*	2
654	26174	228	153	0	0	*	2
655	26214	229	151	0	0	*	2
656	26254	228	152	0	0	*	2
657	26294	230	147	0	0	*	2
658	26334	230	145	0	0	*	2
659	26374	231	142	0	0	*	2
660	26414	231	140	0	0	*	2
661	26454	231	138	0	0	*	2
662	26494	231	136	0	0	*	2
663	26534	231	134	0	0	*	2
664	26574	231	132	0	0	*	2
665	26614	231	130	0	0	*	2
666	26654	231	128	0	0	*	2
667	26694	230	126	0	0	*	2
668	26734	230	123	0	0	*	2
669	26774	229	121	0	0	*	2
670	26814	229	119	0	0	*	2
671	26854	228	117	0	0	*	2
672	26894	228	115	0	0	*	2
673	26934	227	113	0	0	*	2
674	26974	226	111	0	0	*	2
675	27014	226	109	0	0	*	2
676	27054	225	106	0	0	*	2
677	27094	224	104	0	0	*	2
678	27134	224	102	0	0	*	2
679	27174	223	100	0	0	*	2
680	27214	222	98	0	0	*	2
681	27254	221	96	0	0	*	2
682	27294	221	93	0	0	*	2
683	27334	220	91	0	0	*	2
684	27374	219	89	0	0	*	2
685	27414	219	87	0	0	*	2
686	27454	218	84	0	0	*	2
687	27494	218	82	0	0	*	2
688	27534	217	80	0	0	*	2
689	27574	216	77	0	0	*	2
690	27614	216	75	0	0	*	2
691	27654	215	73	0	0	*	2
692	27694	214	71	0	0	*	2
693	27734	214	69	0	0	*	2
694	27774	213	67	0	0	*	2
695	27814	213	64	0	0	*	2
696	27854	212	62	0	0	*	2
697	27894	211	60	0	0	*	2
698	27934	210	58	0	0	*	2
699	27974	210	55	0	0	*	2
700	28014	209	53	0	0	*	2
701	28054	208	51	0	0	*	2
702	28094	208	48	0	0	*	2
703	28134	207	46	0	0	*	2
704	28174	206	45	0	0	*	2
705	28214	205	43	0	0	*	2
706	28254	205	41	0	0	*	2
707	28294	204	38	0	0	*	2
708	28334	203	36	0	0	*	2
709	28374	203	34	0	0	*	2
710	28414	202	32	0	0	*	2
711	28454	201	30	0	0	*	2
712	28494	201	28	0	0	*	2
713	28534	200	27	0	0	*	2
714	28574	200	28	0	0	*	2
715	28614	199	27	0	0	*	2
716	28654	197	24	0	0	*	2
717	28694	197	24	0	0	*	2
718	28734	195	23	0	0	*	2
719	28774	194	23	0	0	*	2
720	28814	193	23	0	0	*	2
721	28854	192	23	0	0	*	2
722	28894	191	23	0	0	*	2
723	28934	189	24	0	0	*	2
724	28974	187	23	0	0	*	2
725	29014	185	23	0	0	*	2
726	29054	184	23	0	0	*	2
727	29094	183	23	0	0	*	2
728	29134	181	23	0	0	*	2
729	29174	176	23	0	0	*	2
730	29214	173	23	0	0	*	2
731	29254	172	23	0	0	*	2
732	29294	170	23	0	0	*	2
733	29334	169	23	0	0	*	2
734	29374	167	23	0	0	*	2
735	29414	165	23	0	0	*	2
736	29454	162	24	0	0	*	2
737	29494	160	24	0	0	*	2
738	29534	158	24	0	0	*	2
739	29574	156	24	0	0	*	2
740	29614	154	25	0	0	*	2
741	29654	152	25	0	0	*	2
742	29694	150	26	0	0	*	2
743	29734	148	26	0	0	*	2
744	29774	146	27	0	0	*	2
745	29814	144	27	0	0	*	2
746	29854	142	28	0	0	*	2
747	29894	140	28	0	0	*	2
748	29934	138	29	0	0	*	2
749	29974	136	30	0	0	*	2
750	30014	134	30	0	0	*	2
751	30054	132	31	0	0	*	2
752	30094	129	32	0	0	*	2
753	30134	127	32	0	0	*	2
754	30174	125	33	0	0	*	2
755	30214	123	34	0	0	*	2
756	30254	121	35	0	0	*	2
757	30294	119	35	0	0	*	2
758	30334	117	36	0	0	*	2
759	30374	115	37	0	0	*	2
760	30414	114	38	0	0	*	2
761	30454	111	40	0	0	*	2
762	30494	109	41	0	0	*	2
763	30534	108	42	0	0	*	2
764	30574	106	43	0	0	*	2
765	30614	104	44	0	0	*	2
766	30654	103	45	0	0	*	2
767	30694	101	46	0	0	*	2
768	30734	99	48	0	0	*	2
769	30774	97	49	0	0	*	2
770	30814	95	50	0	0	*	2
771	30854	93	52	0	0	*	2
772	30894	92	53	0	0	*	2
773	30934	89	55	0	0	*	2
774	30974	88	57	0	0	*	2
775	31014	86	58	0	0	*	2
776	31054	84	60	0	0	*	2
777	31094	82	61	0	0	*	2
778	31134	80	63	0	0	*	2
779	31174	78	64	0	0	*	2
780	31214	76	66	0	0	*	2
781	31254	74	67	0	0	*	2
782	31294	72	69	0	0	*	2
783	31334	70	70	0	0	*	2
784	31374	69	71	0	0	*	2
785	31414	67	73	0	0	*	2
786	31454	65	74	0	0	*	2
787	31494	63	75	0	0	*	2
788	31534	61	77	0	0	*	2
789	31574	59	78	0	0	*	2
790	31614	57	80	0	0	*	2
791	31654	55	81	0	0	*	2
792	31694	53	83	0	0	*	2
793	31734	51	84	0	0	*	2
794	31774	49	86	0	0	*	2
795	31814	47	87	0	0	*	2
796	31854	45	89	0	0	*	2
797	31894	44	90	0	0	*	2
798	31934	42	92	0	0	*	2
799	31974	40	94	0	0	*	2
800	32014	38	95	0	0	*	2
801	32054	37	97	0	0	*	2
802	32094	35	99	0	0	*	2
803	32134	34	100	0	0	*	2
804	32174	33	102	0	0	*	2
805	32214	32	104	0	0	*	2
806	32254	31	106	0	0	*	2
807	32294	30	108	0	0	*	2
808	32334	30	107	0	0	*	2
809	32374	29	109	0	0	*	2
810	32414	29	110	0	0	*	2
811	32454	28	114	0	0	*	2
812	32494	28	117	0	0	*	2
813	32534	28	118	0	0	*	2
814	32574	29	117	0	0	*	2
815	32614	29	119	0	0	*	2
816	32654	29	121	0	0	*	2
817	32694	29	124	0	0	*	2
818	32734	30	124	0	0	*	2
819	32774	30	125	0	0	*	2
820	32814	30	127	0	0	*	2
821	32854	30	129	0	0	*	2
822	32894	31	131	0	0	*	2
823	32934	32	133	0	0	*	2
824	32974	33	135	0	0	*	2
825	33014	34	136	0	0	*	2
826	33054	34	138	0	0	*	2
827	33094	35	140	0	0	*	2
828	33134	36	142	0	0	*	2
829	33174	38	145	0	0	*	2
830	33214	38	146	0	0	*	2
831	33254	39	148	0	0	*	2
832	33294	41	153	0	0	*	2
833	33334	43	155	0	0	*	2
834	33374	42	155	0	0	*	2
835	33414	45	159	0	0	*	2
836	33454	46	162	0	0	*	2
837	33494	47	163	0	0	*	2
838	33534	48	165	0	0	*	2
839	33574	49	168	0	0	*	2
840	33614	49	169	0	0	*	2
841	33654	50	171	0	0	*	2
842	33694	52	173	0	0	*	2
843	33734	53	175	0	0	*	2
844	33774	54	178	0	0	*	2
845	33814	55	180	0	0	*	2
846	33854	56	182	0	0	*	2
847	33894	57	184	0	0	*	2
848	33934	57	186	0	0	*	2
849	33974	57	186	0	1	*	2
850	34014	57	186	0	0	*	2
851	34054	56	185	0	0	*	2
852	34094	56	186	0	0	*	2
853	34134	56	187	0	0	*	2
854	34174	56	188	0	0	*	2
855	34214	56	188	0	0	*	2
856	34254	56	189	0	0	*	2
857	34294	56	190	0	0	*	2
858	34334	56	190	0	0	*	2
859	34374	55	191	0	0	*	2
860	34414	56	191	0	0	*	2
861	34454	55	192	0	0	*	2
862	34494	56	192	0	0	*	2
863	34534	56	193	0	0	*	2
864	34574	56	195	0	0	*	2
865	34614	56	196	0	0	*	2
866	34654	57	197	0	0	*	2
867	34694	57	197	0	0	*	2
868	34734	57	198	0	0	*	2
869	34774	57	199	0	0	*	2
870	34814	57	199	0	0	*	2
871	34854	58	200	0	0	*	2
872	34894	58	200	0	0	*	2
873	34934	59	200	0	0	*	2
874	34974	59	201	0	0	*	2
875	35014	58	200	0	0	*	2
876	35054	58	200	0	0	*	2
877	35094	57	200	0	0	*	2
878	35134	57	199	0	0	*	2
879	35174	57	199	0	0	*	2
880	35214	57	198	0	0	*	2
881	35254	57	197	0	0	*	2
882	35294	57	197	0	0	*	2
883	35334	58	196	0	1	*	2
884	35374	58	195	0	1	*	2
885	35414	58	194	0	1	*	2
886	35454	59	193	0	1	*	2
887	35494	59	192	0	1	*	2
888	35534	59	192	0	1	*	2
889	35574	59	192	0	1	*	2
890	35614	60	191	0	1	*	2
891	35654	60	191	0	1	*	2
892	35694	60	191	0	1	*	2
893	35734	61	191	0	1	*	2
894	35774	61	191	0	1	*	2
895	35814	62	191	0	1	*	2
896	35854	63	191	0	1	*	2
897	35894	64	191	0	1	*	2
898	35934	64	192	0	1	*	2
899	35974	65	192	0	1	*	2
900	36014	65	193	0	1	*	2
901	36054	65	193	0	1	*	2
902	36094	65	194	0	1	*	2
903	36134	65	194	0	1	*	2
904	36174	65	195	0	1	*	2
905	36214	66	196	0	1	*	2
906	36254	66	196	0	1	*	2
907	36294	67	197	0	1	*	2
908	36334	67	198	0	1	*	2
909	36374	68	199	0	1	*	2
910	36414	68	199	0	1	*	2
911	36454	68	200	0	0	*	2
912	36494	68	201	0	0	*	2
913	36534	69	201	0	0	*	2
914	36574	69	201	0	0	*	2
915	36614	69	202	0	0	*	2
916	36654	68	201	0	0	*	2
917	36694	67	201	0	0	*	2
918	36734	67	201	0	0	*	2
919	36774	66	201	0	0	*	2
920	36814	65	202	0	0	*	2
921	36854	64	202	0	0	*	2
922	36894	64	202	0	0	*	2
923	36934	63	202	0	0	*	2
924	36974	62	203	0	0	*	2
925	37014	62	203	0	0	*	2
926	37054	61	203	0	0	*	2
927	37094	61	204	0	0	*	2
928	37134	61	205	0	0	*	2
929	37174	61	205	0	0	*	2
930	37214	61	206	0	0	*	2
931	37254	62	207	0	0	*	2
932	37294	62	208	0	0	*	2
933	37334	62	208	0	0	*	2
934	37374	63	208	0	0	*	2
935	37414	63	208	0	0	*	2
936	37454	63	208	0	0	*	2
937	37494	63	207	0	0	*	2
938	37534	63	207	0	0	*	2
939	37574	62	206	0	0	*	2
940	37614	62	206	0	0	*	2
941	37654	61	206	0	0	*	2
942	37694	61	206	0	0	*	2
943	37734	61	206	0	0	*	2
944	37774	60	206	0	0	*	2
945	37814	60	206	0	0	*	2
946	37854	59	206	0	0	*	2
947	37894	59	206	0	0	*	2
948	37934	58	206	0	0	*	2
949	37974	58	205	0	0	*	2
950	38014	58	205	0	0	*	2
951	38054	58	204	0	0	*	2
952	38094	58	204	0	0	*	2
953	38134	58	203	0	0	*	2
954	38174	57	203	0	0	*	2
955	38214	57	203	0	0	*	2
956	38254	57	202	0	0	*	2
957	38294	57	202	0	0	*	2
958	38334	57	201	0	0	*	2
959	38374	57	201	0	0	*	2
960	38414	57	200	0	0	*	2
961	38454	57	199	0	0	*	2
962	38494	57	198	0	0	*	2
963	38534	58	197	0	0	*	2
964	38574	58	196	0	1	*	2
965	38614	58	196	0	1	*	2
966	38654	58	194	0	1	*	2
967	38694	58	193	0	1	*	2
968	38734	59	192	0	1	*	2
969	38774	59	191	0	1	*	2
970	38814	59	191	0	1	*	2
971	38854	60	191	0	1	*	2
972	38894	59	190	0	1	*	2
973	38934	60	189	0	1	*	2
974	38974	60	188	0	1	*	2
975	39014	61	187	0	1	*	2
976	39054	61	186	0	1	*	2
977	39094	62	185	0	1	*	2
978	39134	62	184	0	1	*	2
979	39174	65	181	0	0	*	2
980	39214	67	180	0	0	*	2
981	39254	67	180	0	0	*	2
982	39294	69	180	0	0	*	2
983	39334	70	180	0	0	*	2
984	39374	71	180	0	0	*	2
985	39414	72	181	0	0	*	2
986	39454	73	181	0	0	*	2
987	39494	73	182	0	0	*	2
988	39534	74	182	0	0	*	2
989	39574	74	182	0	0	*	2
990	39614	75	182	0	0	*	2
991	39654	75	182	0	0	*	2
992	39694	76	182	0	0	*	2
993	39734	76	182	0	0	*	2
994	39774	77	182	0	0	*	2
995	39814	78	182	0	0	*	2
996	39854	79	182	0	0	*	2
997	39894	79	182	0	0	*	2
998	39934	74	182	0	0	*	2
999	39974	75	182	0	0	*	2
1000	40014	76	182	0	0	*	2
1001	40054	78	182	0	0	*	2
1002	40094	80	182	0	0	*	2
1003	40134	81	182	0	0	*	2
1004	40174	83	182	0	0	*	2
1005	40214	85	182	0	0	*	2
1006	40254	87	182	0	0	*	2
1007	40294	89	182	0	0	*	2
1008	40334	90	182	0	0	*	2
1009	40374	92	182	0	0	*	2
1010	40414	94	182	0	0	*	2
1011	40454	96	182	0	0	*	2
1012	40494	98	182	0	0	*	2
1013	40534	101	182	0	0	*	2
1014	40574	103	183	0	0	*	2
1015	40614	105	183	0	0	*	2
1016	40654	107	183	0	0	*	2
1017	40694	109	183	0	0	*	2
1018	40734	112	183	0	0	*	2
1019	40774	114	183	0	0	*	2
1020	40814	117	184	0	0	*	2
1021	40854	119	184	0	0	*	2
1022	40894	121	184	0	0	*	2
1023	40934	123	184	0	0	*	2
1024	40974	126	185	0	0	*	2
1025	41014	129	185	0	0	*	2
1026	41054	131	185	0	0	*	2
1027	41094	133	186	0	0	*	2
1028	41134	136	186	0	0	*	2
1029	41174	138	187	0	0	*	2
1030	41214	141	187	0	0	*	2
1031	41254	144	188	0	0	*	2
1032	41294	146	188	0	0	*	2
1033	41334	148	189	0	0	*	2
1034	41374	151	189	0	0	*	2
1035	41414	153	189	0	0	*	2
1036	41454	156	190	0	0	*	2
1037	41494	159	191	0	0	*	2
1038	41534	161	191	0	0	*	2
1039	41574	163	191	0	0	*	2
1040	41614	167	192	0	0	*	2
1041	41654	170	192	0	0	*	2
1042	41694	171	193	0	0	*	2
1043	41734	174	193	0	0	*	2
1044	41774	174	193	0	0	*	2
1045	41814	176	193	0	0	*	2
1046	41854	182	194	0	0	*	2
1047	41894	182	194	0	0	*	2
1048	41934	184	194	0	0	*	2
1049	41974	186	194	0	0	*	2
1050	42014	189	194	0	0	*	2
1051	42054	194	194	0	0	*	2
1052	42094	197	194	0	0	*	2
1053	42134	196	194	0	0	*	2
1054	42174	199	194	0	0	*	2
1055	42214	202	194	0	0	*	2
1056	42254	203	193	0	0	*	2
1057	42294	207	191	0	0	*	2
1058	42334	209	190	0	0	*	2
1059	42374	207	191	0	0	*	2
1060	42414	208	190	0	0	*	2
1061	42454	210	189	0	0	*	2
1062	42494	211	188	0	0	*	2
1063	42534	212	186	0	0	*	2
1064	42574	214	184	0	0	*	2
1065	42614	214	183	0	0	*	2
1066	42654	215	181	0	0	*	2
1067	42694	216	179	0	0	*	2
1068	42734	216	178	0	0	*	2
1069	42774	217	175	0	0	*	2
1070	42814	217	174	0	0	*	2
1071	42854	218	172	0	0	*	2
1072	42894	218	169	0	0	*	2
1073	42934	218	167	0	0	*	2
1074	42974	218	167	0	0	*	2
1075	43014	217	166	0	0	*	2
1076	43054	217	162	0	0	*	2
1077	43094	217	162	0	0	*	2
1078	43134	217	160	0	0	*	2
1079	43174	216	158	0	0	*	2
1080	43214	216	157	0	0	*	2
1081	43254	214	151	0	0	*	2
1082	43294	213	148	0	0	*	2
1083	43334	214	150	0	0	*	2
1084	43374	213	147	0	0	*	2
1085	43414	212	145	0	0	*	2
1086	43454	211	143	0	0	*	2
1087	43494	209	138	0	0	*	2
1088	43534	208	136	0	0	*	2
1089	43574	207	133	0	0	*	2
1090	43614	206	131	0	0	*	2
1091	43654	206	129	0	0	*	2
1092	43694	204	126	0	0	*	2
1093	43734	203	124	0	0	*	2
1094	43774	202	122	0	0	*	2
1095	43814	201	119	0	0	*	2
1096	43854	200	117	0	0	*	2
1097	43894	199	115	0	0	*	2
1098	43934	198	113	0	0	*	2
1099	43974	197	110	0	0	*	2
1100	44014	196	108	0	0	*	2
1101	44054	195	105	0	0	*	2
1102	44094	194	103	0	0	*	2
1103	44134	194	101	0	0	*	2
1104	44174	193	100	0	0	*	2
1105	44214	191	96	0	0	*	2
1106	44254	190	94	0	0	*	2
1107	44294	189	92	0	0	*	2
1108	44334	188	89	0	0	*	2
1109	44374	187	87	0	0	*	2
1110	44414	185	85	0	0	*	2
1111	44454	184	82	0	0	*	2
1112	44494	183	80	0	0	*	2
1113	44534	182	77	0	0	*	2
1114	44574	182	75	0	0	*	2
1115	44614	181	72	0	0	*	2
1116	44654	180	70	0	0	*	2
1117	44694	179	67	0	0	*	2
1118	44734	178	65	0	0	*	2
1119	44774	177	63	0	0	*	2
1120	44814	176	60	0	0	*	2
1121	44854	175	58	0	0	*	2
1122	44894	174	56	0	0	*	2
1123	44934	173	53	0	0	*	2
1124	44974	172	51	0	0	*	2
1125	45014	171	49	0	0	*	2
1126	45054	169	46	0	0	*	2
1127	45094	168	45	0	0	*	2
1128	45134	167	44	0	0	*	2
1129	45174	165	41	0	0	*	2
1130	45214	163	40	0	0	*	2
1131	45254	162	38	0	0	*	2
1132	45294	160	36	0	0	*	2
1133	45334	159	36	0	0	*	2
1134	45374	158	35	0	0	*	2
1135	45414	156	33	0	0	*	2
1136	45454	153	32	0	0	*	2
1137	45494	151	30	0	0	*	2
1138	45534	149	29	0	0	*	2
1139	45574	147	28	0	0	*	2
1140	45614	146	27	0	0	*	2
1141	45654	143	26	0	0	*	2
1142	45694	141	25	0	0	*	2
1143	45734	139	24	0	0	*	2
1144	45774	137	23	0	0	*	2
1145	45814	134	22	0	0	*	2
1146	45854	132	22	0	0	*	2
1147	45894	131	21	0	0	*	2
1148	45934	128	21	0	0	*	2
1149	45974	126	20	0	0	*	2
1150	46014	124	20	0	0	*	2
1151	46054	122	19	0	0	*	2
1152	46094	120	19	0	0	*	2
1153	46134	117	18	0	0	*	2
1154	46174	115	18	0	0	*	2
1155	46214	116	18	0	0	*	2
1156	46254	110	17	0	0	*	2
1157	46294	108	16	0	0	*	2
1158	46334	106	15	0	0	*	2
1159	46374	104	15	0	0	*	2
1160	46414	101	15	0	0	*	2
1161	46454	99	15	0	0	*	2
1162	46494	97	15	0	0	*	2
1163	46534	95	16	0	0	*	2
1164	46574	93	16	0	0	*	2
1165	46614	94	16	0	0	*	2
1166	46654	93	16	0	0	*	2
1167	46694	90	17	0	0	*	2
1168	46734	89	18	0	0	*	2
1169	46774	87	18	0	0	*	2
1170	46814	86	19	0	0	*	2
1171	46854	84	20	0	0	*	2
1172	46894	83	21	0	0	*	2
1173	46934	82	22	0	0	*	2
1174	46974	81	23	0	0	*	2
1175	47014	79	24	0	0	*	2
1176	47054	78	26	0	0	*	2
1177	47094	74	30	0	0	*	2
1178	47134	73	32	0	0	*	2
1179	47174	72	34	0	0	*	2
1180	47214	71	36	0	0	*	2
1181	47254	70	37	0	0	*	2
1182	47294	69	39	0	0	*	2
1183	47334	68	42	0	0	*	2
1184	47374	67	43	0	0	*	2
1185	47414	67	45	0	0	*	2
1186	47454	66	47	0	0	*	2
1187	47494	65	49	0	0	*	2
1188	47534	64	51	0	0	*	2
1189	47574	64	53	0	0	*	2
1190	47614	64	52	0	0	*	2
1191	47654	63	57	0	0	*	2
1192	47694	63	59	0	0	*	2
1193	47734	63	61	0	0	*	2
1194	47774	62	63	0	0	*	2
1195	47814	62	66	0	0	*	2
1196	47854	62	65	0	0	*	2
1197	47894	62	70	0	0	*	2
1198	47934	63	72	0	0	*	2
1199	47974	62	73	0	0	*	2
1200	48014	62	74	0	0	*	2
1201	48054	61	58	0	0	*	2
1202	48094	63	79	0	0	*	2
1203	48134	63	83	0	0	*	2
1204	48174	64	86	0	0	*	2
1205	48214	64	88	0	0	*	2
1206	48254	65	91	0	0	*	2
1207	48294	65	93	0	0	*	2
1208	48334	66	95	0	0	*	2
1209	48374	66	97	0	0	*	2
1210	48414	67	101	0	0	*	2
1211	48454	68	103	0	0	*	2
1212	48494	68	106	0	0	*	2
1213	48534	68	108	0	0	*	2
1214	48574	69	111	0	0	*	2
1215	48614	69	112	0	0	*	2
1216	48654	69	115	0	0	*	2
1217	48694	70	118	0	0	*	2
1218	48734	70	120	0	0	*	2
1219	48774	71	123	0	0	*	2
1220	48814	71	125	0	0	*	2
1221	48854	71	127	0	0	*	2
1222	48894	72	130	0	0	*	2
1223	48934	73	134	0	0	*	2
1224	48974	73	136	0	0	*	2
1225	49014	73	139	0	0	*	2
1226	49054	74	141	0	0	*	2
1227	49094	74	142	0	0	*	2
1228	49134	75	146	0	0	*	2
1229	49174	76	149	0	0	*	2
1230	49214	76	151	0	0	*	2
1231	49254	77	154	0	0	*	2
1232	49294	77	156	0	0	*	2
1233	49334	78	158	0	0	*	2
1234	49374	78	161	0	0	*	2
1235	49414	79	163	0	0	*	2
1236	49454	80	166	0	0	*	2
1237	49494	80	168	0	0	*	2
1238	49534	81	171	0	0	*	2
1239	49574	81	173	0	0	*	2
1240	49614	82	175	0	0	*	2
1241	49654	83	178	0	0	*	2
1242	49694	83	181	0	0	*	2
1243	49734	84	183	0	0	*	2
1244	49774	84	185	0	0	*	2
1245	49814	85	187	0	0	*	2
1246	49854	85	190	0	0	*	2
1247	49894	86	193	0	0	*	2
1248	49934	87	195	0	0	*	2
1249	49974	87	197	0	0	*	2
1250	50014	87	200	0	0	*	2
1251	50054	87	199	0	0	*	2
1252	50094	89	203	0	0	*	2
1253	50134	90	206	0	0	*	2
1254	50174	90	205	0	0	*	2
1255	50214	91	207	0	0	*	2
1256	50254	92	209	0	0	*	2
1257	50294	93	211	0	0	*	2
1258	50334	96	215	0	0	*	2
1259	50374	97	217	0	0	*	2
1260	50414	99	219	0	0	*	2
1261	50454	100	221	0	0	*	2
1262	50494	101	221	0	0	*	2
1263	50534	103	223	0	0	*	2
1264	50574	105	224	0	0	*	2
1265	50614	106	224	0	0	*	2
1266	50654	108	224	0	0	*	2
1267	50694	109	225	0	0	*	2
1268	50734	111	225	0	0	*	2
1269	50774	112	225	0	0	*	2
1270	50814	114	225	0	0	*	2
1271	50854	115	225	0	0	*	2
1272	50894	117	224	0	0	*	2
1273	50934	118	224	0	0	*	2
1274	50974	119	224	0	0	*	2
1275	51014	121	224	0	0	*	2
1276	51054	122	223	0	0	*	2
1277	51094	124	222	0	0	*	2
1278	51134	126	221	0	0	*	2
1279	51174	128	220	0	0	*	2
1280	51214	128	220	0	0	*	2
1281	51254	131	218	0	0	*	2
1282	51294	133	217	0	0	*	2
1283	51334	134	216	0	0	*	2
1284	51374	134	215	0	0	*	2
1285	51414	136	214	0	0	*	2
1286	51454	137	213	0	0	*	2
1287	51494	140	210	0	0	*	2
1288	51534	142	209	0	0	*	2
1289	51574	143	208	0	0	*	2
1290	51614	145	206	0	0	*	2
1291	51654	146	204	0	0	*	2
1292	51694	148	203	0	0	*	2
1293	51734	149	201	0	0	*	2
1294	51774	151	200	0	0	*	2
1295	51814	152	199	0	0	*	2
1296	51854	155	196	0	0	*	2
1297	51894	156	194	0	0	*	2
1298	51934	158	193	0	0	*	2
1299	51974	159	191	0	0	*	2
1300	52014	160	190	0	0	*	2
1301	52054	162	188	0	0	*	2
1302	52094	164	187	0	0	*	2
1303	52134	166	185	0	0	*	2
1304	52174	169	183	0	0	*	2
1305	52214	170	182	0	0	*	2
1306	52254	172	180	0	0	*	2
1307	52294	174	178	0	0	*	2
1308	52334	174	178	0	0	*	2
1309	52374	175	177	0	0	*	2
1310	52414	178	175	0	0	*	2
1311	52454	180	174	0	0	*	2
1312	52494	181	173	0	0	*	2
1313	52534	184	170	0	0	*	2
1314	52574	188	167	0	0	*	2
1315	52614	187	168	0	0	*	2
1316	52654	189	167	0	0	*	2
1317	52694	192	165	0	0	*	2
1318	52734	194	164	0	0	*	2
1319	52774	197	161	0	0	*	2
1320	52814	199	159	0	0	*	2
1321	52854	201	157	0	0	*	2
1322	52894	203	156	0	0	*	2
1323	52934	203	156	0	0	*	2
1324	52974	206	152	0	0	*	2
1325	53014	208	150	0	0	*	2
1326	53054	209	148	0	0	*	2
1327	53094	211	146	0	0	*	2
1328	53134	212	145	0	0	*	2
1329	53174	214	143	0	0	*	2
1330	53214	215	141	0	0	*	2
1331	53254	216	139	0	0	*	2
1332	53294	218	137	0	0	*	2
1333	53334	219	135	0	0	*	2
1334	53374	219	133	0	0	*	2
1335	53414	221	131	0	0	*	2
1336	53454	221	131	0	0	*	2
1337	53494	221	129	0	0	*	2
1338	53534	223	125	0	0	*	2
1339	53574	224	123	0	0	*	2
1340	53614	226	121	0	0	*	2
1341	53654	227	118	0	0	*	2
1342	53694	228	116	0	0	*	2
1343	53734	229	114	0	0	*	2
1344	53774	230	112	0	0	*	2
1345	53814	231	110	0	0	*	2
1346	53854	231	108	0	0	*	2
1347	53894	232	105	0	0	*	2
1348	53934	233	103	0	0	*	2
1349	53974	233	101	0	0	*	2
1350	54014	234	98	0	0	*	2
1351	54054	234	96	0	0	*	2
1352	54094	234	94	0	0	*	2
1353	54134	235	93	0	0	*	2
1354	54174	235	92	0	0	*	2
1355	54214	235	89	0	0	*	2
1356	54254	235	86	0	0	*	2
1357	54294	235	84	0	0	*	2
1358	54334	235	82	0	0	*	2
1359	54374	235	79	0	0	*	2
1360	54414	235	78	0	0	*	2
1361	54454	235	75	0	0	*	2
1362	54494	235	73	0	0	*	2
1363	54534	235	72	0	0	*	2
1364	54574	235	71	0	0	*	2
1365	54614	235	71	0	0	*	2
1366	54654	234	69	0	0	*	2
1367	54694	234	68	0	0	*	2
1368	54734	233	67	0	0	*	2
1369	54774	232	65	0	0	*	2
1370	54814	232	64	0	0	*	2
1371	54854	231	63	0	0	*	2
1372	54894	230	61	0	0	*	2
1373	54934	229	59	0	0	*	2
1374	54974	228	58	0	0	*	2
1375	55014	226	56	0	0	*	2
1376	55054	225	54	0	0	*	2
1377	55094	223	52	0	0	*	2
1378	55134	222	51	0	0	*	2
1379	55174	220	49	0	0	*	2
1380	55214	219	48	0	0	*	2
1381	55254	218	47	0	0	*	2
1382	55294	217	46	0	0	*	2
1383	55334	215	45	0	0	*	2
1384	55374	214	44	0	0	*	2
1385	55414	212	43	0	0	*	2
1386	55454	210	42	0	0	*	2
1387	55494	208	41	0	0	*	2
1388	55534	207	41	0	0	*	2
1389	55574	205	40	0	0	*	2
1390	55614	204	39	0	0	*	2
1391	55654	202	38	0	0	*	2
1392	55694	200	38	0	0	*	2
1393	55734	198	37	0	0	*	2
1394	55774	191	36	0	0	*	2
1395	55814	189	35	0	0	*	2
1396	55854	186	35	0	0	*	2
1397	55894	185	35	0	0	*	2
1398	55934	183	35	0	0	*	2
1399	55974	180	35	0	0	*	2
1400	56014	178	35	0	0	*	2
1401	56054	176	34	0	0	*	2
1402	56094	173	34	0	0	*	2
1403	56134	171	34	0	0	*	2
1404	56174	169	33	0	0	*	2
1405	56214	167	33	0	0	*	2
1406	56254	165	33	0	0	*	2
1407	56294	163	32	0	0	*	2
1408	56334	160	32	0	0	*	2
1409	56374	158	31	0	0	*	2
1410	56414	157	31	0	0	*	2
1411	56454	154	31	0	0	*	2
1412	56494	152	31	0	0	*	2
1413	56534	150	30	0	0	*	2
1414	56574	148	30	0	0	*	2
1415	56614	146	29	0	0	*	2
1416	56654	144	29	0	0	*	2
1417	56694	141	29	0	0	*	2
1418	56734	139	29	0	0	*	2
1419	56774	137	28	0	0	*	2
1420	56814	134	28	0	0	*	2
1421	56854	132	28	0	0	*	2
1422	56894	130	27	0	0	*	2
1423	56934	127	27	0	0	*	2
1424	56974	125	27	0	0	*	2
1425	57014	123	27	0	0	*	2
1426	57054	120	27	0	0	*	2
1427	57094	118	27	0	0	*	2
1428	57134	116	27	0	0	*	2
1429	57174	113	27	0	0	*	2
1430	57214	110	27	0	0	*	2
1431	57254	109	27	0	0	*	2
1432	57294	106	27	0	0	*	2
1433	57334	103	27	0	0	*	2
1434	57374	101	27	0	0	*	2
1435	57414	99	27	0	0	*	2
1436	57454	97	28	0	0	*	2
1437	57494	95	28	0	0	*	2
1438	57534	92	28	0	0	*	2
1439	57574	90	28	0	0	*	2
1440	57614	88	29	0	0	*	2
1441	57654	87	29	0	0	*	2
1442	57694	85	30	0	0	*	2
1443	57734	83	31	0	0	*	2
1444	57774	81	32	0	0	*	2
1445	57814	79	33	0	0	*	2
1446	57854	77	34	0	0	*	2
1447	57894	75	35	0	0	*	2
1448	57934	74	36	0	0	*	2
1449	57974	72	37	0	0	*	2
1450	58014	70	38	0	0	*	2
1451	58054	68	39	0	0	*	2
1452	58094	69	39	0	0	*	2
1453	58134	66	41	0	0	*	2
1454	58174	64	43	0	0	*	2
1455	58214	62	45	0	0	*	2
1456	58254	61	46	0	0	*	2
1457	58294	59	47	0	0	*	2
1458	58334	57	49	0	0	*	2
1459	58374	56	50	0	0	*	2
1460	58414	55	52	0	0	*	2
1461	58454	53	54	0	0	*	2
1462	58494	52	56	0	0	*	2
1463	58534	51	57	0	0	*	2
1464	58574	50	59	0	0	*	2
1465	58614	49	61	0	0	*	2
1466	58654	50	60	0	0	*	2
1467	58694	48	65	0	0	*	2
1468	58734	48	64	0	0	*	2
1469	58774	48	65	0	0	*	2
1470	58814	47	67	0	0	*	2
1471	58854	46	69	0	0	*	2
1472	58894	46	71	0	0	*	2
1473	58934	45	77	0	0	*	2
1474	58974	45	79	0	0	*	2
1475	59014	45	81	0	0	*	2
1476	59054	44	84	0	0	*	2
1477	59094	44	83	0	0	*	2
1478	59134	44	85	0	0	*	2
1479	59174	44	87	0	0	*	2
1480	59214	44	92	0	0	*	2
1481	59254	44	94	0	0	*	2
1482	59294	44	97	0	0	*	2
1483	59334	45	99	0	0	*	2
1484	59374	44	98	0	0	*	2
1485	59414	45	100	0	0	*	2
1486	59454	45	105	0	0	*	2
1487	59494	45	108	0	0	*	2
1488	59534	45	110	0	0	*	2
1489	59574	45	110	0	0	*	2
1490	59614	46	114	0	0	*	2
1491	59654	46	117	0	0	*	2
1492	59694	47	119	0	0	*	2
1493	59734	47	121	0	0	*	2
1494	59774	47	123	0	0	*	2
1495	59814	47	125	0	0	*	2
1496	59854	47	124	0	0	*	2
1497	59894	48	127	0	0	*	2
1498	59934	48	130	0	0	*	2
1499	59974	49	131	0	0	*	2
1500	60014	49	134	0	0	*	2
1501	60054	50	139	0	0	*	2
1502	60094	50	139	0	0	*	2
1503	60134	50	141	0	0	*	2
1504	60174	52	146	0	0	*	2
1505	60214	52	149	0	0	*	2
1506	60254	52	150	0	0	*	2
1507	60294	53	154	0	0	*	2
1508	60334	53	153	0	0	*	2
1509	60374	54	155	0	0	*	2
1510	60414	55	160	0	0	*	2
1511	60454	56	162	0	0	*	2
1512	60494	57	165	0	0	*	2
1513	60534	58	167	0	0	*	2
1514	60574	57	166	0	0	*	2
1515	60614	58	169	0	0	*	2
1516	60654	60	173	0	0	*	2
1517	60694	61	176	0	0	*	2
1518	60734	61	176	0	0	*	2
1519	60774	62	181	0	0	*	2
1520	60814	63	183	0	1	*	2
1521	60854	63	184	0	1	*	2
1522	60894	63	185	0	1	*	2
1523	60934	63	185	0	1	*	2
1524	60974	63	185	0	1	*	2
1525	61014	63	185	0	1	*	2
1526	61054	62	185	0	1	*	2
1527	61094	61	185	0	1	*	2
1528	61134	61	186	0	1	*	2
1529	61174	61	186	0	1	*	2
1530	61214	61	187	0	1	*	2
1531	61254	60	188	0	1	*	2
1532	61294	60	189	0	1	*	2
1533	61334	59	190	0	1	*	2
1534	61374	59	191	0	1	*	2
1535	61414	58	192	0	1	*	2
1536	61454	58	193	0	1	*	2
1537	61494	57	194	0	1	*	2
1538	61534	57	195	0	1	*	2
1539	61574	56	195	0	0	*	2
1540	61614	55	196	0	0	*	2
1541	61654	55	195	0	0	*	2
1542	61694	55	198	0	0	*	2
1543	61734	55	200	0	0	*	2
1544	61774	56	201	0	0	*	2
1545	61814	56	201	0	0	*	2
1546	61854	56	201	0	0	*	2
1547	61894	56	200	0	0	*	2
1548	61934	55	199	0	0	*	2
1549	61974	55	198	0	0	*	2
1550	62014	55	197	0	0	*	2
1551	62054	55	196	0	0	*	2
1552	62094	56	196	0	0	*	2
1553	62134	56	195	0	0	*	2
1554	62174	57	195	0	1	*	2
1555	62214	58	195	0	1	*	2
1556	62254	58	195	0	1	*	2
1557	62294	59	194	0	1	*	2
1558	62334	59	193	0	1	*	2
1559	62374	59	193	0	1	*	2
1560	62414	59	192	0	1	*	2
1561	62454	59	191	0	1	*	2
1562	62494	60	191	0	1	*	2
1563	62534	60	190	0	1	*	2
1564	62574	60	190	0	1	*	2
1565	62614	60	189	0	1	*	2
1566	62654	61	188	0	1	*	2
1567	62694	61	187	0	1	*	2
1568	62734	62	187	0	1	*	2
1569	62774	63	186	0	1	*	2
1570	62814	64	185	0	1	*	2
1571	62854	67	185	0	1	*	2
1572	62894	68	185	0	1	*	2
1573	62934	69	186	0	1	*	2
1574	62974	69	187	0	1	*	2
