%%BEGIN_HEADER
	%%BEGIN DATABASE_INFORMATION
		%Date.0 ( 16.10.2019 )
		%Time.0 ( 12:12 )
	%%END DATABASE_INFORMATION
	%%BEGIN SETUP_INFORMATION
		%TrackerVersion.0 ( Tracker version 2.38 release 12.8.2012 )
		%ElapsedTime_ms.0 ( 60406 )
		%Paradigm.0 ( PlacePreference )
		%FeederParameters.0 ( 1500 0 )
			// %FeederParameters.0 ( ENTRANCE_LATENCY EXIT_LATENCY )
		%ElapsedPath_m.0 ( 0.00 )
		%ArenaDiameter_m.0 ( 1.80 )
		%TrackerResolution_PixPerCM.0 ( 1.4222 )
		%ArenaCenterXY.0 ( 127.5 127.5 )
		%Frame.0 ( RoomFrame )
		%ReinforcedSector.0 ( 64.3907 64.3907 7 )
			//%ReinforcedSector.0 ( CENTER_X CENTER_Y RADIUS )
		%RoomTrackReinforcedSector.0 ( 64.3907 64.3907 7 )
			//%RoomTrackReinforcedSector.0 ( CENTER_X CENTER_Y RADIUS )
	%%END SETUP_INFORMATION
	%%BEGIN RECORD_FORMAT
		%Sample.0 ( FrameCount 1msTimeStamp RoomX RoomY Sectors State Flags FrameInfo )
			//Sectors indicate if the object is in a target. Number is binary coded. Sectors = 0: no target, Sectors = 1: room target, Sectors: = 2 arena target, Sectors: = 3 room and arena target
			////State indicates the Watermaze State: OutsideTarget = 0, EntranceLatency = 1, InsideTarget = 3, OutsideRefractory = 4, BadSpot = 5
			//FrameInfo indicates succesfuly tracked spots: ReferencePoint * 2^0 + Spot0 * 2^(1+0) + Spot1 * 2^(1+1) + Spot2 * 2^(1+2) .... 
	%%END RECORD_FORMAT
%%END_HEADER
1	46	213	50	0	0	*	2
2	86	213	52	0	0	*	2
3	126	213	53	0	0	*	2
4	166	213	55	0	0	*	2
5	206	213	56	0	0	*	2
6	246	213	56	0	0	*	2
7	286	213	57	0	0	*	2
8	326	213	58	0	0	*	2
9	366	212	59	0	0	*	2
10	406	212	60	0	0	*	2
11	446	212	60	0	0	*	2
12	486	211	61	0	0	*	2
13	526	211	62	0	0	*	2
14	566	209	62	0	0	*	2
15	606	208	63	0	0	*	2
16	646	207	65	0	0	*	2
17	686	206	66	0	0	*	2
18	726	206	68	0	0	*	2
19	766	205	70	0	0	*	2
20	806	205	72	0	0	*	2
21	846	204	75	0	0	*	2
22	886	204	77	0	0	*	2
23	926	203	81	0	0	*	2
24	966	203	84	0	0	*	2
25	1006	203	86	0	0	*	2
26	1046	202	89	0	0	*	2
27	1086	201	92	0	0	*	2
28	1126	200	95	0	0	*	2
29	1166	199	98	0	0	*	2
30	1206	198	101	0	0	*	2
31	1246	197	104	0	0	*	2
32	1286	196	107	0	0	*	2
33	1326	195	111	0	0	*	2
34	1366	194	114	0	0	*	2
35	1406	194	117	0	0	*	2
36	1446	193	121	0	0	*	2
37	1486	192	124	0	0	*	2
38	1526	192	128	0	0	*	2
39	1566	191	131	0	0	*	2
40	1606	190	134	0	0	*	2
41	1646	190	138	0	0	*	2
42	1686	189	141	0	0	*	2
43	1726	189	144	0	0	*	2
44	1766	189	147	0	0	*	2
45	1806	189	151	0	0	*	2
46	1846	188	154	0	0	*	2
47	1886	189	158	0	0	*	2
48	1926	189	161	0	0	*	2
49	1966	189	163	0	0	*	2
50	2006	189	167	0	0	*	2
51	2046	189	170	0	0	*	2
52	2086	190	174	0	0	*	2
53	2126	190	177	0	0	*	2
54	2166	191	180	0	0	*	2
55	2206	191	184	0	0	*	2
56	2246	191	186	0	0	*	2
57	2286	192	190	0	0	*	2
58	2326	192	193	0	0	*	2
59	2366	192	196	0	0	*	2
60	2406	192	200	0	0	*	2
61	2446	192	203	0	0	*	2
62	2486	192	206	0	0	*	2
63	2526	191	209	0	0	*	2
64	2566	191	212	0	0	*	2
65	2606	191	215	0	0	*	2
66	2646	190	217	0	0	*	2
67	2686	190	220	0	0	*	2
68	2726	190	222	0	0	*	2
69	2766	191	224	0	0	*	2
70	2806	191	227	0	0	*	2
71	2846	191	228	0	0	*	2
72	2886	191	225	0	0	*	2
73	2926	191	229	0	0	*	2
74	2966	191	230	0	0	*	2
75	3006	191	230	0	0	*	2
76	3046	191	230	0	0	*	2
77	3086	190	230	0	0	*	2
78	3126	190	229	0	0	*	2
79	3166	189	228	0	0	*	2
80	3206	189	227	0	0	*	2
81	3246	188	227	0	0	*	2
82	3286	188	226	0	0	*	2
83	3326	188	224	0	0	*	2
84	3366	187	222	0	0	*	2
85	3406	187	221	0	0	*	2
86	3446	186	220	0	0	*	2
87	3486	186	219	0	0	*	2
88	3526	186	218	0	0	*	2
89	3566	186	216	0	0	*	2
90	3606	185	215	0	0	*	2
91	3646	184	213	0	0	*	2
92	3686	184	213	0	0	*	2
93	3726	184	212	0	0	*	2
94	3766	183	210	0	0	*	2
95	3806	183	209	0	0	*	2
96	3846	183	209	0	0	*	2
97	3886	182	208	0	0	*	2
98	3926	181	207	0	0	*	2
99	3966	179	207	0	0	*	2
100	4006	175	204	0	0	*	2
101	4046	173	204	0	0	*	2
102	4086	171	203	0	0	*	2
103	4126	170	203	0	0	*	2
104	4166	167	203	0	0	*	2
105	4206	166	203	0	0	*	2
106	4246	163	203	0	0	*	2
107	4286	160	203	0	0	*	2
108	4326	158	203	0	0	*	2
109	4366	155	203	0	0	*	2
110	4406	153	204	0	0	*	2
111	4446	150	204	0	0	*	2
112	4486	147	204	0	0	*	2
113	4526	144	204	0	0	*	2
114	4566	141	205	0	0	*	2
115	4606	138	205	0	0	*	2
116	4646	135	205	0	0	*	2
117	4686	133	205	0	0	*	2
118	4726	129	205	0	0	*	2
119	4766	126	205	0	0	*	2
120	4806	123	206	0	0	*	2
121	4846	121	206	0	0	*	2
122	4886	118	206	0	0	*	2
123	4926	114	206	0	0	*	2
124	4966	111	207	0	0	*	2
125	5006	108	207	0	0	*	2
126	5046	105	208	0	0	*	2
127	5086	102	208	0	0	*	2
128	5126	98	209	0	0	*	2
129	5166	96	209	0	0	*	2
130	5206	92	210	0	0	*	2
131	5246	89	211	0	0	*	2
132	5286	86	211	0	0	*	2
133	5326	83	213	0	0	*	2
134	5366	80	214	0	0	*	2
135	5406	77	215	0	0	*	2
136	5446	73	216	0	0	*	2
137	5486	71	217	0	0	*	2
138	5526	68	218	0	0	*	2
139	5566	65	219	0	0	*	2
140	5606	63	221	0	0	*	2
141	5646	61	222	0	0	*	2
142	5686	61	222	0	0	*	2
143	5726	61	222	0	0	*	2
144	5766	60	223	0	0	*	2
145	5806	57	225	0	0	*	2
146	5846	57	225	0	0	*	2
147	5886	57	224	0	0	*	2
148	5926	57	224	0	0	*	2
149	5966	57	224	0	0	*	2
150	6006	57	223	0	0	*	2
151	6046	58	222	0	0	*	2
152	6086	58	222	0	0	*	2
153	6126	58	222	0	0	*	2
154	6166	58	222	0	0	*	2
155	6206	59	222	0	0	*	2
156	6246	58	221	0	0	*	2
157	6286	58	221	0	0	*	2
158	6326	57	221	0	0	*	2
159	6366	57	221	0	0	*	2
160	6406	57	221	0	0	*	2
161	6446	57	221	0	0	*	2
162	6486	57	221	0	0	*	2
163	6526	57	221	0	0	*	2
164	6566	57	222	0	0	*	2
165	6606	58	222	0	0	*	2
166	6646	60	223	0	0	*	2
167	6686	61	222	0	0	*	2
168	6726	63	222	0	0	*	2
169	6766	65	221	0	0	*	2
170	6806	66	220	0	0	*	2
171	6846	67	218	0	0	*	2
172	6886	67	218	0	0	*	2
173	6926	69	217	0	0	*	2
174	6966	74	216	0	0	*	2
175	7006	76	214	0	0	*	2
176	7046	78	213	0	0	*	2
177	7086	80	212	0	0	*	2
178	7126	83	211	0	0	*	2
179	7166	85	210	0	0	*	2
180	7206	88	208	0	0	*	2
181	7246	90	207	0	0	*	2
182	7286	94	205	0	0	*	2
183	7326	97	204	0	0	*	2
184	7366	99	202	0	0	*	2
185	7406	103	200	0	0	*	2
186	7446	106	199	0	0	*	2
187	7486	109	198	0	0	*	2
188	7526	111	196	0	0	*	2
189	7566	115	195	0	0	*	2
190	7606	118	193	0	0	*	2
191	7646	121	192	0	0	*	2
192	7686	124	191	0	0	*	2
193	7726	126	190	0	0	*	2
194	7766	130	189	0	0	*	2
195	7806	133	189	0	0	*	2
196	7846	136	188	0	0	*	2
197	7886	140	187	0	0	*	2
198	7926	143	187	0	0	*	2
199	7966	146	187	0	0	*	2
200	8006	149	187	0	0	*	2
201	8046	152	187	0	0	*	2
202	8086	156	187	0	0	*	2
203	8126	158	188	0	0	*	2
204	8166	162	189	0	0	*	2
205	8206	165	189	0	0	*	2
206	8246	168	190	0	0	*	2
207	8286	171	192	0	0	*	2
208	8326	174	193	0	0	*	2
209	8366	177	195	0	0	*	2
210	8406	180	196	0	0	*	2
211	8446	182	198	0	0	*	2
212	8486	185	199	0	0	*	2
213	8526	187	201	0	0	*	2
214	8566	190	203	0	0	*	2
215	8606	193	205	0	0	*	2
216	8646	195	207	0	0	*	2
217	8686	197	209	0	0	*	2
218	8726	200	210	0	0	*	2
219	8766	202	212	0	0	*	2
220	8806	204	214	0	0	*	2
221	8846	203	212	0	0	*	2
222	8886	204	213	0	0	*	2
223	8926	205	214	0	0	*	2
224	8966	206	215	0	0	*	2
225	9006	206	216	0	0	*	2
226	9046	207	217	0	0	*	2
227	9086	207	217	0	0	*	2
228	9126	207	217	0	0	*	2
229	9166	207	216	0	0	*	2
230	9206	207	216	0	0	*	2
231	9246	206	216	0	0	*	2
232	9286	206	216	0	0	*	2
233	9326	206	217	0	0	*	2
234	9366	206	217	0	0	*	2
235	9406	206	217	0	0	*	2
236	9446	206	217	0	0	*	2
237	9486	206	217	0	0	*	2
238	9526	205	218	0	0	*	2
239	9566	203	219	0	0	*	2
240	9606	202	220	0	0	*	2
241	9646	201	219	0	0	*	2
242	9686	200	220	0	0	*	2
243	9726	200	220	0	0	*	2
244	9766	199	221	0	0	*	2
245	9806	198	222	0	0	*	2
246	9846	197	223	0	0	*	2
247	9886	195	224	0	0	*	2
248	9926	194	223	0	0	*	2
249	9966	193	222	0	0	*	2
250	10006	192	222	0	0	*	2
251	10046	190	223	0	0	*	2
252	10086	183	225	0	0	*	2
253	10126	182	225	0	0	*	2
254	10166	179	225	0	0	*	2
255	10206	177	225	0	0	*	2
256	10246	174	224	0	0	*	2
257	10286	171	224	0	0	*	2
258	10326	169	223	0	0	*	2
259	10366	165	223	0	0	*	2
260	10406	163	222	0	0	*	2
261	10446	159	221	0	0	*	2
262	10486	162	222	0	0	*	2
263	10526	154	220	0	0	*	2
264	10566	151	219	0	0	*	2
265	10606	148	218	0	0	*	2
266	10646	145	217	0	0	*	2
267	10686	142	216	0	0	*	2
268	10726	139	215	0	0	*	2
269	10766	135	214	0	0	*	2
270	10806	132	213	0	0	*	2
271	10846	129	212	0	0	*	2
272	10886	125	211	0	0	*	2
273	10926	123	210	0	0	*	2
274	10966	119	209	0	0	*	2
275	11006	116	209	0	0	*	2
276	11046	112	208	0	0	*	2
277	11086	109	207	0	0	*	2
278	11126	106	205	0	0	*	2
279	11166	102	204	0	0	*	2
280	11206	99	203	0	0	*	2
281	11246	96	202	0	0	*	2
282	11286	93	201	0	0	*	2
283	11326	89	200	0	0	*	2
284	11366	86	199	0	0	*	2
285	11406	84	198	0	0	*	2
286	11446	80	197	0	0	*	2
287	11486	77	196	0	0	*	2
288	11526	73	195	0	0	*	2
289	11566	70	194	0	0	*	2
290	11606	67	193	0	0	*	2
291	11646	64	192	0	0	*	2
292	11686	60	191	0	0	*	2
293	11726	57	190	0	0	*	2
294	11766	53	189	0	0	*	2
295	11806	50	188	0	0	*	2
296	11846	47	188	0	0	*	2
297	11886	43	187	0	0	*	2
298	11926	40	187	0	0	*	2
299	11966	37	187	0	0	*	2
300	12006	34	187	0	0	*	2
301	12046	36	187	0	0	*	2
302	12086	32	187	0	0	*	2
303	12126	29	188	0	0	*	2
304	12166	28	188	0	0	*	2
305	12206	27	188	0	0	*	2
306	12246	25	188	0	0	*	2
307	12286	24	188	0	0	*	2
308	12326	24	188	0	0	*	2
309	12366	23	188	0	0	*	2
310	12406	24	188	0	0	*	2
311	12446	23	187	0	0	*	2
312	12486	23	187	0	0	*	2
313	12526	23	186	0	0	*	2
314	12566	23	186	0	0	*	2
315	12606	23	185	0	0	*	2
316	12646	23	185	0	0	*	2
317	12686	22	184	0	0	*	2
318	12726	22	183	0	0	*	2
319	12766	22	183	0	0	*	2
320	12806	21	182	0	0	*	2
321	12846	20	182	0	0	*	2
322	12886	20	182	0	0	*	2
323	12926	20	181	0	0	*	2
324	12966	21	180	0	0	*	2
325	13006	21	178	0	0	*	2
326	13046	21	176	0	0	*	2
327	13086	21	175	0	0	*	2
328	13126	21	174	0	0	*	2
329	13166	21	174	0	0	*	2
330	13206	20	172	0	0	*	2
331	13246	20	171	0	0	*	2
332	13286	20	170	0	0	*	2
333	13326	21	169	0	0	*	2
334	13366	21	169	0	0	*	2
335	13406	22	168	0	0	*	2
336	13446	22	166	0	0	*	2
337	13486	22	164	0	0	*	2
338	13526	23	162	0	0	*	2
339	13566	24	159	0	0	*	2
340	13606	27	157	0	0	*	2
341	13646	29	155	0	0	*	2
342	13686	30	153	0	0	*	2
343	13726	33	151	0	0	*	2
344	13766	35	150	0	0	*	2
345	13806	37	148	0	0	*	2
346	13846	39	147	0	0	*	2
347	13886	48	144	0	0	*	2
348	13926	50	143	0	0	*	2
349	13966	53	143	0	0	*	2
350	14006	55	143	0	0	*	2
351	14046	59	143	0	0	*	2
352	14086	61	142	0	0	*	2
353	14126	65	142	0	0	*	2
354	14166	68	143	0	0	*	2
355	14206	71	143	0	0	*	2
356	14246	74	144	0	0	*	2
357	14286	77	144	0	0	*	2
358	14326	80	145	0	0	*	2
359	14366	83	146	0	0	*	2
360	14406	86	147	0	0	*	2
361	14446	89	148	0	0	*	2
362	14486	92	149	0	0	*	2
363	14526	95	150	0	0	*	2
364	14566	98	152	0	0	*	2
365	14606	101	154	0	0	*	2
366	14646	104	155	0	0	*	2
367	14686	107	157	0	0	*	2
368	14726	109	159	0	0	*	2
369	14766	113	161	0	0	*	2
370	14806	115	162	0	0	*	2
371	14846	118	164	0	0	*	2
372	14886	121	166	0	0	*	2
373	14926	124	167	0	0	*	2
374	14966	127	169	0	0	*	2
375	15006	130	171	0	0	*	2
376	15046	133	172	0	0	*	2
377	15086	136	174	0	0	*	2
378	15126	138	175	0	0	*	2
379	15166	141	177	0	0	*	2
380	15206	145	178	0	0	*	2
381	15246	147	180	0	0	*	2
382	15286	150	182	0	0	*	2
383	15326	153	184	0	0	*	2
384	15366	156	185	0	0	*	2
385	15406	159	186	0	0	*	2
386	15446	162	188	0	0	*	2
387	15486	165	190	0	0	*	2
388	15526	168	191	0	0	*	2
389	15566	171	192	0	0	*	2
390	15606	175	194	0	0	*	2
391	15646	177	195	0	0	*	2
392	15686	181	197	0	0	*	2
393	15726	183	198	0	0	*	2
394	15766	186	200	0	0	*	2
395	15806	190	201	0	0	*	2
396	15846	193	202	0	0	*	2
397	15886	195	203	0	0	*	2
398	15926	198	205	0	0	*	2
399	15966	201	206	0	0	*	2
400	16006	204	207	0	0	*	2
401	16046	207	207	0	0	*	2
402	16086	210	208	0	0	*	2
403	16126	213	208	0	0	*	2
404	16166	215	209	0	0	*	2
405	16206	213	208	0	0	*	2
406	16246	218	208	0	0	*	2
407	16286	216	207	0	0	*	2
408	16326	219	206	0	0	*	2
409	16366	219	204	0	0	*	2
410	16406	220	201	0	0	*	2
411	16446	220	200	0	0	*	2
412	16486	220	199	0	0	*	2
413	16526	220	198	0	0	*	2
414	16566	221	198	0	0	*	2
415	16606	222	197	0	0	*	2
416	16646	223	197	0	0	*	2
417	16686	224	197	0	0	*	2
418	16726	225	197	0	0	*	2
419	16766	224	197	0	0	*	2
420	16806	224	198	0	0	*	2
421	16846	224	199	0	0	*	2
422	16886	223	200	0	0	*	2
423	16926	221	201	0	0	*	2
424	16966	220	202	0	0	*	2
425	17006	219	202	0	0	*	2
426	17046	218	202	0	0	*	2
427	17086	216	202	0	0	*	2
428	17126	215	202	0	0	*	2
429	17166	214	202	0	0	*	2
430	17206	213	202	0	0	*	2
431	17246	211	202	0	0	*	2
432	17286	210	202	0	0	*	2
433	17326	209	203	0	0	*	2
434	17366	207	204	0	0	*	2
435	17406	206	204	0	0	*	2
436	17446	204	205	0	0	*	2
437	17486	202	206	0	0	*	2
438	17526	201	207	0	0	*	2
439	17566	199	208	0	0	*	2
440	17606	196	209	0	0	*	2
441	17646	195	210	0	0	*	2
442	17686	193	212	0	0	*	2
443	17726	191	214	0	0	*	2
444	17766	189	215	0	0	*	2
445	17806	186	217	0	0	*	2
446	17846	184	217	0	0	*	2
447	17886	182	219	0	0	*	2
448	17926	179	220	0	0	*	2
449	17966	177	221	0	0	*	2
450	18006	174	222	0	0	*	2
451	18046	172	224	0	0	*	2
452	18086	170	226	0	0	*	2
453	18126	167	227	0	0	*	2
454	18166	165	229	0	0	*	2
455	18206	162	230	0	0	*	2
456	18246	160	232	0	0	*	2
457	18286	158	233	0	0	*	2
458	18326	155	235	0	0	*	2
459	18366	153	237	0	0	*	2
460	18406	151	239	0	0	*	2
461	18446	148	241	0	0	*	2
462	18486	146	243	0	0	*	2
463	18526	144	246	0	0	*	2
464	18566	147	242	0	0	*	2
465	18606	145	244	0	0	*	2
466	18646	143	245	0	0	*	2
467	18686	140	246	0	0	*	2
468	18726	138	246	0	0	*	2
469	18766	135	246	0	0	*	2
470	18806	129	247	0	0	*	2
471	18846	127	246	0	0	*	2
472	18886	125	244	0	0	*	2
473	18926	122	242	0	0	*	2
474	18966	121	242	0	0	*	2
475	19006	118	241	0	0	*	2
476	19046	115	241	0	0	*	2
477	19086	113	240	0	0	*	2
478	19126	111	239	0	0	*	2
479	19166	108	238	0	0	*	2
480	19206	106	237	0	0	*	2
481	19246	103	236	0	0	*	2
482	19286	100	236	0	0	*	2
483	19326	98	235	0	0	*	2
484	19366	96	234	0	0	*	2
485	19406	93	233	0	0	*	2
486	19446	91	232	0	0	*	2
487	19486	87	232	0	0	*	2
488	19526	85	231	0	0	*	2
489	19566	83	231	0	0	*	2
490	19606	79	230	0	0	*	2
491	19646	77	229	0	0	*	2
492	19686	74	229	0	0	*	2
493	19726	71	228	0	0	*	2
494	19766	68	228	0	0	*	2
495	19806	72	228	0	0	*	2
496	19846	63	226	0	0	*	2
497	19886	61	225	0	0	*	2
498	19926	63	226	0	0	*	2
499	19966	60	225	0	0	*	2
500	20006	58	224	0	0	*	2
501	20046	56	223	0	0	*	2
502	20086	54	221	0	0	*	2
503	20126	48	217	0	0	*	2
504	20166	51	219	0	0	*	2
505	20206	49	217	0	0	*	2
506	20246	47	216	0	0	*	2
507	20286	45	215	0	0	*	2
508	20326	44	213	0	0	*	2
509	20366	42	211	0	0	*	2
510	20406	39	209	0	0	*	2
511	20446	38	207	0	0	*	2
512	20486	36	205	0	0	*	2
513	20526	36	204	0	0	*	2
514	20566	36	202	0	0	*	2
515	20606	35	201	0	0	*	2
516	20646	34	199	0	0	*	2
517	20686	33	197	0	0	*	2
518	20726	32	195	0	0	*	2
519	20766	31	193	0	0	*	2
520	20806	29	190	0	0	*	2
521	20846	28	187	0	0	*	2
522	20886	27	185	0	0	*	2
523	20926	26	183	0	0	*	2
524	20966	24	181	0	0	*	2
525	21006	24	178	0	0	*	2
526	21046	23	176	0	0	*	2
527	21086	21	173	0	0	*	2
528	21126	20	171	0	0	*	2
529	21166	18	168	0	0	*	2
530	21206	16	165	0	0	*	2
531	21246	14	163	0	0	*	2
532	21286	12	161	0	0	*	2
533	21326	12	159	0	0	*	2
534	21366	11	156	0	0	*	2
535	21406	10	154	0	0	*	2
536	21446	9	152	0	0	*	2
537	21486	8	150	0	0	*	2
538	21526	7	148	0	0	*	2
539	21566	7	146	0	0	*	2
540	21606	6	144	0	0	*	2
541	21646	6	140	0	0	*	2
542	21686	5	138	0	0	*	2
543	21726	5	136	0	0	*	2
544	21766	5	134	0	0	*	2
545	21806	5	131	0	0	*	2
546	21846	5	129	0	0	*	2
547	21886	5	127	0	0	*	2
548	21926	5	124	0	0	*	2
549	21966	5	121	0	0	*	2
550	22006	5	119	0	0	*	2
551	22046	5	116	0	0	*	2
552	22086	5	114	0	0	*	2
553	22126	6	111	0	0	*	2
554	22166	6	107	0	0	*	2
555	22206	6	105	0	0	*	2
556	22246	7	103	0	0	*	2
557	22286	8	100	0	0	*	2
558	22326	9	97	0	0	*	2
559	22366	9	94	0	0	*	2
560	22406	10	92	0	0	*	2
561	22446	10	90	0	0	*	2
562	22486	11	88	0	0	*	2
563	22526	12	85	0	0	*	2
564	22566	12	83	0	0	*	2
565	22606	13	80	0	0	*	2
566	22646	14	77	0	0	*	2
567	22686	15	75	0	0	*	2
568	22726	16	73	0	0	*	2
569	22766	18	71	0	0	*	2
570	22806	19	69	0	0	*	2
571	22846	20	68	0	0	*	2
572	22886	21	65	0	0	*	2
573	22926	23	63	0	0	*	2
574	22966	24	61	0	0	*	2
575	23006	25	59	0	0	*	2
576	23046	26	57	0	0	*	2
577	23086	27	56	0	0	*	2
578	23126	29	54	0	0	*	2
579	23166	31	52	0	0	*	2
580	23206	33	50	0	0	*	2
581	23246	34	49	0	0	*	2
582	23286	36	48	0	0	*	2
583	23326	38	46	0	0	*	2
584	23366	41	44	0	0	*	2
585	23406	44	42	0	0	*	2
586	23446	45	40	0	0	*	2
587	23486	48	38	0	0	*	2
588	23526	49	37	0	0	*	2
589	23566	52	34	0	0	*	2
590	23606	55	32	0	0	*	2
591	23646	56	30	0	0	*	2
592	23686	58	28	0	0	*	2
593	23726	61	26	0	0	*	2
594	23766	63	24	0	0	*	2
595	23806	65	22	0	0	*	2
596	23846	67	20	0	0	*	2
597	23886	69	19	0	0	*	2
598	23926	72	17	0	0	*	2
599	23966	74	16	0	0	*	2
600	24006	76	15	0	0	*	2
601	24046	78	13	0	0	*	2
602	24086	80	12	0	0	*	2
603	24126	82	11	0	0	*	2
604	24166	85	10	0	0	*	2
605	24206	88	9	0	0	*	2
606	24246	90	9	0	0	*	2
607	24286	93	8	0	0	*	2
608	24326	96	7	0	0	*	2
609	24366	97	7	0	0	*	2
610	24406	99	6	0	0	*	2
611	24446	102	6	0	0	*	2
612	24486	104	5	0	0	*	2
613	24526	107	5	0	0	*	2
614	24566	109	5	0	0	*	2
615	24606	111	5	0	0	*	2
616	24646	113	5	0	0	*	2
617	24686	115	5	0	0	*	2
618	24726	117	6	0	0	*	2
619	24766	119	6	0	0	*	2
620	24806	121	7	0	0	*	2
621	24846	128	11	0	0	*	2
622	24886	125	9	0	0	*	2
623	24926	132	14	0	0	*	2
624	24966	133	16	0	0	*	2
625	25006	135	18	0	0	*	2
626	25046	136	19	0	0	*	2
627	25086	138	21	0	0	*	2
628	25126	137	21	0	0	*	2
629	25166	140	26	0	0	*	2
630	25206	142	28	0	0	*	2
631	25246	143	31	0	0	*	2
632	25286	145	33	0	0	*	2
633	25326	146	36	0	0	*	2
634	25366	147	38	0	0	*	2
635	25406	148	41	0	0	*	2
636	25446	150	44	0	0	*	2
637	25486	151	46	0	0	*	2
638	25526	151	47	0	0	*	2
639	25566	154	51	0	0	*	2
640	25606	155	54	0	0	*	2
641	25646	156	57	0	0	*	2
642	25686	158	60	0	0	*	2
643	25726	159	62	0	0	*	2
644	25766	160	65	0	0	*	2
645	25806	162	68	0	0	*	2
646	25846	163	70	0	0	*	2
647	25886	165	74	0	0	*	2
648	25926	167	76	0	0	*	2
649	25966	168	79	0	0	*	2
650	26006	170	82	0	0	*	2
651	26046	171	85	0	0	*	2
652	26086	173	88	0	0	*	2
653	26126	175	91	0	0	*	2
654	26166	177	93	0	0	*	2
655	26206	178	95	0	0	*	2
656	26246	180	98	0	0	*	2
657	26286	182	101	0	0	*	2
658	26326	183	104	0	0	*	2
659	26366	185	106	0	0	*	2
660	26406	187	109	0	0	*	2
661	26446	188	112	0	0	*	2
662	26486	190	115	0	0	*	2
663	26526	192	117	0	0	*	2
664	26566	194	120	0	0	*	2
665	26606	195	122	0	0	*	2
666	26646	197	125	0	0	*	2
667	26686	198	128	0	0	*	2
668	26726	200	130	0	0	*	2
669	26766	202	133	0	0	*	2
670	26806	204	136	0	0	*	2
671	26846	206	138	0	0	*	2
672	26886	206	140	0	0	*	2
673	26926	208	143	0	0	*	2
674	26966	210	146	0	0	*	2
675	27006	212	149	0	0	*	2
676	27046	214	151	0	0	*	2
677	27086	215	154	0	0	*	2
678	27126	216	156	0	0	*	2
679	27166	218	159	0	0	*	2
680	27206	219	162	0	0	*	2
681	27246	221	164	0	0	*	2
682	27286	223	166	0	0	*	2
683	27326	225	168	0	0	*	2
684	27366	226	170	0	0	*	2
685	27406	225	168	0	0	*	2
686	27446	231	174	0	0	*	2
687	27486	232	175	0	0	*	2
688	27526	235	176	0	0	*	2
689	27566	233	174	0	0	*	2
690	27606	234	175	0	0	*	2
691	27646	235	175	0	0	*	2
692	27686	235	175	0	0	*	2
693	27726	236	175	0	0	*	2
694	27766	237	175	0	0	*	2
695	27806	237	175	0	0	*	2
696	27846	237	175	0	0	*	2
697	27886	237	176	0	0	*	2
698	27926	236	177	0	0	*	2
699	27966	236	178	0	0	*	2
700	28006	236	179	0	0	*	2
701	28046	235	180	0	0	*	2
702	28086	234	182	0	0	*	2
703	28126	233	183	0	0	*	2
704	28166	232	184	0	0	*	2
705	28206	231	184	0	0	*	2
706	28246	230	185	0	0	*	2
707	28286	230	186	0	0	*	2
708	28326	229	187	0	0	*	2
709	28366	229	188	0	0	*	2
710	28406	228	189	0	0	*	2
711	28446	227	190	0	0	*	2
712	28486	226	191	0	0	*	2
713	28526	225	193	0	0	*	2
714	28566	224	194	0	0	*	2
715	28606	224	194	0	0	*	2
716	28646	222	197	0	0	*	2
717	28686	222	195	0	0	*	2
718	28726	220	195	0	0	*	2
719	28766	220	195	0	0	*	2
720	28806	213	200	0	0	*	2
721	28846	211	201	0	0	*	2
722	28886	209	202	0	0	*	2
723	28926	206	202	0	0	*	2
724	28966	205	203	0	0	*	2
725	29006	202	204	0	0	*	2
726	29046	200	205	0	0	*	2
727	29086	198	206	0	0	*	2
728	29126	196	206	0	0	*	2
729	29166	193	207	0	0	*	2
730	29206	191	208	0	0	*	2
731	29246	188	209	0	0	*	2
732	29286	185	210	0	0	*	2
733	29326	183	211	0	0	*	2
734	29366	180	212	0	0	*	2
735	29406	178	213	0	0	*	2
736	29446	176	214	0	0	*	2
737	29486	173	216	0	0	*	2
738	29526	170	218	0	0	*	2
739	29566	169	219	0	0	*	2
740	29606	165	221	0	0	*	2
741	29646	163	222	0	0	*	2
742	29686	161	224	0	0	*	2
743	29726	158	226	0	0	*	2
744	29766	157	227	0	0	*	2
745	29806	159	225	0	0	*	2
746	29846	152	231	0	0	*	2
747	29886	150	232	0	0	*	2
748	29926	147	234	0	0	*	2
749	29966	146	237	0	0	*	2
750	30006	144	238	0	0	*	2
751	30046	142	240	0	0	*	2
752	30086	140	242	0	0	*	2
753	30126	138	244	0	0	*	2
754	30166	140	241	0	0	*	2
755	30206	139	242	0	0	*	2
756	30246	137	243	0	0	*	2
757	30286	131	248	0	0	*	2
758	30326	129	248	0	0	*	2
759	30366	126	248	0	0	*	2
760	30406	125	248	0	0	*	2
761	30446	124	246	0	0	*	2
762	30486	122	244	0	0	*	2
763	30526	120	241	0	0	*	2
764	30566	119	240	0	0	*	2
765	30606	117	239	0	0	*	2
766	30646	114	238	0	0	*	2
767	30686	112	238	0	0	*	2
768	30726	109	238	0	0	*	2
769	30766	107	238	0	0	*	2
770	30806	105	237	0	0	*	2
771	30846	103	236	0	0	*	2
772	30886	101	235	0	0	*	2
773	30926	99	235	0	0	*	2
774	30966	97	235	0	0	*	2
775	31006	94	235	0	0	*	2
776	31046	93	235	0	0	*	2
777	31086	91	235	0	0	*	2
778	31126	89	236	0	0	*	2
779	31166	87	236	0	0	*	2
780	31206	85	237	0	0	*	2
781	31246	84	237	0	0	*	2
782	31286	84	237	0	0	*	2
783	31326	83	237	0	0	*	2
784	31366	79	238	0	0	*	2
785	31406	77	238	0	0	*	2
786	31446	76	238	0	0	*	2
787	31486	77	236	0	0	*	2
788	31526	73	236	0	0	*	2
789	31566	72	235	0	0	*	2
790	31606	72	234	0	0	*	2
791	31646	71	233	0	0	*	2
792	31686	70	232	0	0	*	2
793	31726	68	231	0	0	*	2
794	31766	67	230	0	0	*	2
795	31806	66	229	0	0	*	2
796	31846	64	228	0	0	*	2
797	31886	67	229	0	0	*	2
798	31926	61	225	0	0	*	2
799	31966	60	224	0	0	*	2
800	32006	58	224	0	0	*	2
801	32046	56	223	0	0	*	2
802	32086	60	225	0	0	*	2
803	32126	58	224	0	0	*	2
804	32166	52	219	0	0	*	2
805	32206	51	218	0	0	*	2
806	32246	49	217	0	0	*	2
807	32286	53	220	0	0	*	2
808	32326	51	219	0	0	*	2
809	32366	49	217	0	0	*	2
810	32406	48	216	0	0	*	2
811	32446	46	214	0	0	*	2
812	32486	43	212	0	0	*	2
813	32526	42	211	0	0	*	2
814	32566	40	209	0	0	*	2
815	32606	38	208	0	0	*	2
816	32646	36	206	0	0	*	2
817	32686	35	205	0	0	*	2
818	32726	33	203	0	0	*	2
819	32766	31	201	0	0	*	2
820	32806	29	199	0	0	*	2
821	32846	28	197	0	0	*	2
822	32886	27	195	0	0	*	2
823	32926	25	193	0	0	*	2
824	32966	24	191	0	0	*	2
825	33006	23	189	0	0	*	2
826	33046	22	187	0	0	*	2
827	33086	20	185	0	0	*	2
828	33126	19	183	0	0	*	2
829	33166	18	181	0	0	*	2
830	33206	16	178	0	0	*	2
831	33246	16	176	0	0	*	2
832	33286	15	173	0	0	*	2
833	33326	14	171	0	0	*	2
834	33366	13	169	0	0	*	2
835	33406	12	166	0	0	*	2
836	33446	11	164	0	0	*	2
837	33486	11	162	0	0	*	2
838	33526	10	159	0	0	*	2
839	33566	9	157	0	0	*	2
840	33606	9	154	0	0	*	2
841	33646	8	151	0	0	*	2
842	33686	8	149	0	0	*	2
843	33726	7	146	0	0	*	2
844	33766	7	144	0	0	*	2
845	33806	7	142	0	0	*	2
846	33846	7	140	0	0	*	2
847	33886	7	138	0	0	*	2
848	33926	7	135	0	0	*	2
849	33966	8	133	0	0	*	2
850	34006	8	131	0	0	*	2
851	34046	8	129	0	0	*	2
852	34086	9	125	0	0	*	2
853	34126	8	121	0	0	*	2
854	34166	8	118	0	0	*	2
855	34206	8	116	0	0	*	2
856	34246	8	113	0	0	*	2
857	34286	8	111	0	0	*	2
858	34326	8	109	0	0	*	2
859	34366	8	106	0	0	*	2
860	34406	8	104	0	0	*	2
861	34446	9	102	0	0	*	2
862	34486	9	100	0	0	*	2
863	34526	9	97	0	0	*	2
864	34566	10	96	0	0	*	2
865	34606	10	94	0	0	*	2
866	34646	11	93	0	0	*	2
867	34686	11	91	0	0	*	2
868	34726	12	91	0	0	*	2
869	34766	12	89	0	0	*	2
870	34806	13	87	0	0	*	2
871	34846	13	86	0	0	*	2
872	34886	14	83	0	0	*	2
873	34926	15	79	0	0	*	2
874	34966	16	77	0	0	*	2
875	35006	17	75	0	0	*	2
876	35046	18	74	0	0	*	2
877	35086	20	71	0	0	*	2
878	35126	20	70	0	0	*	2
879	35166	21	68	0	0	*	2
880	35206	21	67	0	0	*	2
881	35246	22	65	0	0	*	2
882	35286	23	63	0	0	*	2
883	35326	24	62	0	0	*	2
884	35366	25	60	0	0	*	2
885	35406	26	58	0	0	*	2
886	35446	26	57	0	0	*	2
887	35486	27	56	0	0	*	2
888	35526	28	54	0	0	*	2
889	35566	29	53	0	0	*	2
890	35606	29	52	0	0	*	2
891	35646	30	50	0	0	*	2
892	35686	31	49	0	0	*	2
893	35726	33	47	0	0	*	2
894	35766	34	46	0	0	*	2
895	35806	35	45	0	0	*	2
896	35846	36	43	0	0	*	2
897	35886	37	42	0	0	*	2
898	35926	39	41	0	0	*	2
899	35966	41	39	0	0	*	2
900	36006	42	38	0	0	*	2
901	36046	43	37	0	0	*	2
902	36086	45	35	0	0	*	2
903	36126	47	34	0	0	*	2
904	36166	49	33	0	0	*	2
905	36206	50	31	0	0	*	2
906	36246	52	30	0	0	*	2
907	36286	54	29	0	0	*	2
908	36326	56	28	0	0	*	2
909	36366	58	26	0	0	*	2
910	36406	68	20	0	0	*	2
911	36446	63	23	0	0	*	2
912	36486	65	22	0	0	*	2
913	36526	68	20	0	0	*	2
914	36566	71	19	0	0	*	2
915	36606	73	17	0	0	*	2
916	36646	76	15	0	0	*	2
917	36686	78	14	0	0	*	2
918	36726	80	13	0	0	*	2
919	36766	83	12	0	0	*	2
920	36806	85	11	0	0	*	2
921	36846	87	10	0	0	*	2
922	36886	90	9	0	0	*	2
923	36926	92	8	0	0	*	2
924	36966	94	8	0	0	*	2
925	37006	97	7	0	0	*	2
926	37046	99	7	0	0	*	2
927	37086	102	6	0	0	*	2
928	37126	105	5	0	0	*	2
929	37166	113	4	0	0	*	2
930	37206	116	3	0	0	*	2
931	37246	112	5	0	0	*	2
932	37286	121	3	0	0	*	2
933	37326	118	4	0	0	*	2
934	37366	127	2	0	0	*	2
935	37406	122	3	0	0	*	2
936	37446	126	3	0	0	*	2
937	37486	129	3	0	0	*	2
938	37526	131	3	0	0	*	2
939	37566	133	3	0	0	*	2
940	37606	135	3	0	0	*	2
941	37646	138	3	0	0	*	2
942	37686	141	3	0	0	*	2
943	37726	143	4	0	0	*	2
944	37766	145	4	0	0	*	2
945	37806	146	5	0	0	*	2
946	37846	149	6	0	0	*	2
947	37886	151	7	0	0	*	2
948	37926	153	8	0	0	*	2
949	37966	155	9	0	0	*	2
950	38006	163	14	0	0	*	2
951	38046	159	12	0	0	*	2
952	38086	162	14	0	0	*	2
953	38126	164	16	0	0	*	2
954	38166	166	17	0	0	*	2
955	38206	171	23	0	0	*	2
956	38246	172	24	0	0	*	2
957	38286	174	27	0	0	*	2
958	38326	176	29	0	0	*	2
959	38366	174	26	0	0	*	2
960	38406	179	34	0	0	*	2
961	38446	181	36	0	0	*	2
962	38486	182	38	0	0	*	2
963	38526	184	41	0	0	*	2
964	38566	185	43	0	0	*	2
965	38606	186	44	0	0	*	2
966	38646	188	47	0	0	*	2
967	38686	189	49	0	0	*	2
968	38726	190	52	0	0	*	2
969	38766	191	55	0	0	*	2
970	38806	192	57	0	0	*	2
971	38846	193	60	0	0	*	2
972	38886	194	62	0	0	*	2
973	38926	195	65	0	0	*	2
974	38966	197	67	0	0	*	2
975	39006	198	70	0	0	*	2
976	39046	199	72	0	0	*	2
977	39086	201	74	0	0	*	2
978	39126	202	77	0	0	*	2
979	39166	203	79	0	0	*	2
980	39206	205	82	0	0	*	2
981	39246	206	85	0	0	*	2
982	39286	207	87	0	0	*	2
983	39326	208	90	0	0	*	2
984	39366	210	92	0	0	*	2
985	39406	211	94	0	0	*	2
986	39446	213	97	0	0	*	2
987	39486	215	100	0	0	*	2
988	39526	216	102	0	0	*	2
989	39566	217	105	0	0	*	2
990	39606	219	107	0	0	*	2
991	39646	220	110	0	0	*	2
992	39686	222	113	0	0	*	2
993	39726	224	115	0	0	*	2
994	39766	225	117	0	0	*	2
995	39806	227	119	0	0	*	2
996	39846	228	122	0	0	*	2
997	39886	230	124	0	0	*	2
998	39926	232	127	0	0	*	2
999	39966	233	129	0	0	*	2
1000	40006	234	131	0	0	*	2
1001	40046	236	134	0	0	*	2
1002	40086	238	136	0	0	*	2
1003	40126	240	138	0	0	*	2
1004	40166	242	139	0	0	*	2
1005	40206	243	141	0	0	*	2
1006	40246	245	142	0	0	*	2
1007	40286	243	140	0	0	*	2
1008	40326	244	142	0	0	*	2
1009	40366	245	142	0	0	*	2
1010	40406	246	143	0	0	*	2
1011	40446	246	144	0	0	*	2
1012	40486	247	144	0	0	*	2
1013	40526	247	145	0	0	*	2
1014	40566	247	145	0	0	*	2
1015	40606	246	145	0	0	*	2
1016	40646	246	145	0	0	*	2
1017	40686	245	145	0	0	*	2
1018	40726	245	146	0	0	*	2
1019	40766	244	145	0	0	*	2
1020	40806	244	145	0	0	*	2
1021	40846	243	145	0	0	*	2
1022	40886	243	145	0	0	*	2
1023	40926	242	145	0	0	*	2
1024	40966	241	145	0	0	*	2
1025	41006	241	145	0	0	*	2
1026	41046	240	145	0	0	*	2
1027	41086	239	145	0	0	*	2
1028	41126	238	145	0	0	*	2
1029	41166	238	144	0	0	*	2
1030	41206	237	144	0	0	*	2
1031	41246	235	144	0	0	*	2
1032	41286	233	144	0	0	*	2
1033	41326	231	145	0	0	*	2
1034	41366	230	146	0	0	*	2
1035	41406	229	146	0	0	*	2
1036	41446	228	146	0	0	*	2
1037	41486	226	147	0	0	*	2
1038	41526	225	148	0	0	*	2
1039	41566	222	148	0	0	*	2
1040	41606	220	148	0	0	*	2
1041	41646	219	148	0	0	*	2
1042	41686	216	149	0	0	*	2
1043	41726	214	149	0	0	*	2
1044	41766	211	150	0	0	*	2
1045	41806	209	150	0	0	*	2
1046	41846	207	150	0	0	*	2
1047	41886	206	151	0	0	*	2
1048	41926	203	151	0	0	*	2
1049	41966	201	152	0	0	*	2
1050	42006	199	152	0	0	*	2
1051	42046	197	152	0	0	*	2
1052	42086	195	153	0	0	*	2
1053	42126	193	153	0	0	*	2
1054	42166	190	154	0	0	*	2
1055	42206	187	154	0	0	*	2
1056	42246	185	154	0	0	*	2
1057	42286	182	155	0	0	*	2
1058	42326	181	155	0	0	*	2
1059	42366	178	155	0	0	*	2
1060	42406	175	156	0	0	*	2
1061	42446	173	156	0	0	*	2
1062	42486	170	156	0	0	*	2
1063	42526	168	157	0	0	*	2
1064	42566	166	157	0	0	*	2
1065	42606	163	157	0	0	*	2
1066	42646	160	158	0	0	*	2
1067	42686	158	158	0	0	*	2
1068	42726	155	158	0	0	*	2
1069	42766	152	159	0	0	*	2
1070	42806	150	159	0	0	*	2
1071	42846	146	160	0	0	*	2
1072	42886	144	160	0	0	*	2
1073	42926	141	161	0	0	*	2
1074	42966	138	161	0	0	*	2
1075	43006	135	162	0	0	*	2
1076	43046	134	162	0	0	*	2
1077	43086	130	163	0	0	*	2
1078	43126	128	164	0	0	*	2
1079	43166	125	164	0	0	*	2
1080	43206	122	165	0	0	*	2
1081	43246	120	166	0	0	*	2
1082	43286	117	167	0	0	*	2
1083	43326	114	168	0	0	*	2
1084	43366	112	169	0	0	*	2
1085	43406	109	170	0	0	*	2
1086	43446	106	172	0	0	*	2
1087	43486	104	173	0	0	*	2
1088	43526	102	174	0	0	*	2
1089	43566	99	176	0	0	*	2
1090	43606	97	177	0	0	*	2
1091	43646	95	178	0	0	*	2
1092	43686	92	180	0	0	*	2
1093	43726	90	181	0	0	*	2
1094	43766	88	183	0	0	*	2
1095	43806	85	185	0	0	*	2
1096	43846	83	186	0	0	*	2
1097	43886	81	187	0	0	*	2
1098	43926	79	189	0	0	*	2
1099	43966	77	191	0	0	*	2
1100	44006	75	193	0	0	*	2
1101	44046	73	195	0	0	*	2
1102	44086	71	197	0	0	*	2
1103	44126	72	195	0	0	*	2
1104	44166	70	197	0	0	*	2
1105	44206	69	198	0	0	*	2
1106	44246	67	200	0	0	*	2
1107	44286	65	202	0	0	*	2
1108	44326	63	204	0	0	*	2
1109	44366	58	209	0	0	*	2
1110	44406	59	208	0	0	*	2
1111	44446	57	210	0	0	*	2
1112	44486	56	211	0	0	*	2
1113	44526	55	213	0	0	*	2
1114	44566	54	214	0	0	*	2
1115	44606	53	216	0	0	*	2
1116	44646	53	217	0	0	*	2
1117	44686	53	218	0	0	*	2
1118	44726	55	218	0	0	*	2
1119	44766	57	222	0	0	*	2
1120	44806	59	222	0	0	*	2
1121	44846	58	221	0	0	*	2
1122	44886	58	220	0	0	*	2
1123	44926	59	218	0	0	*	2
1124	44966	64	220	0	0	*	2
1125	45006	66	219	0	0	*	2
1126	45046	68	218	0	0	*	2
1127	45086	70	217	0	0	*	2
1128	45126	66	217	0	0	*	2
1129	45166	69	216	0	0	*	2
1130	45206	71	216	0	0	*	2
1131	45246	77	215	0	0	*	2
1132	45286	80	214	0	0	*	2
1133	45326	82	213	0	0	*	2
1134	45366	78	214	0	0	*	2
1135	45406	86	213	0	0	*	2
1136	45446	89	213	0	0	*	2
1137	45486	91	214	0	0	*	2
1138	45526	94	214	0	0	*	2
1139	45566	97	215	0	0	*	2
1140	45606	98	216	0	0	*	2
1141	45646	101	217	0	0	*	2
1142	45686	103	217	0	0	*	2
1143	45726	106	218	0	0	*	2
1144	45766	108	221	0	0	*	2
1145	45806	110	221	0	0	*	2
1146	45846	112	223	0	0	*	2
1147	45886	114	225	0	0	*	2
1148	45926	116	226	0	0	*	2
1149	45966	118	228	0	0	*	2
1150	46006	120	229	0	0	*	2
1151	46046	121	230	0	0	*	2
1152	46086	123	233	0	0	*	2
1153	46126	125	234	0	0	*	2
1154	46166	127	235	0	0	*	2
1155	46206	129	237	0	0	*	2
1156	46246	131	238	0	0	*	2
1157	46286	133	240	0	0	*	2
1158	46326	135	241	0	0	*	2
1159	46366	136	242	0	0	*	2
1160	46406	138	243	0	0	*	2
1161	46446	140	244	0	0	*	2
1162	46486	142	244	0	0	*	2
1163	46526	144	243	0	0	*	2
1164	46566	140	242	0	0	*	2
1165	46606	141	242	0	0	*	2
1166	46646	142	241	0	0	*	2
1167	46686	147	239	0	0	*	2
1168	46726	145	240	0	0	*	2
1169	46766	146	240	0	0	*	2
1170	46806	146	239	0	0	*	2
1171	46846	147	238	0	0	*	2
1172	46886	148	236	0	0	*	2
1173	46926	148	234	0	0	*	2
1174	46966	149	232	0	0	*	2
1175	47006	149	231	0	0	*	2
1176	47046	150	230	0	0	*	2
1177	47086	150	227	0	0	*	2
1178	47126	150	226	0	0	*	2
1179	47166	151	223	0	0	*	2
1180	47206	151	221	0	0	*	2
1181	47246	151	220	0	0	*	2
1182	47286	153	212	0	0	*	2
1183	47326	153	210	0	0	*	2
1184	47366	153	207	0	0	*	2
1185	47406	153	211	0	0	*	2
1186	47446	154	202	0	0	*	2
1187	47486	155	200	0	0	*	2
1188	47526	156	197	0	0	*	2
1189	47566	156	195	0	0	*	2
1190	47606	157	192	0	0	*	2
1191	47646	158	189	0	0	*	2
1192	47686	157	193	0	0	*	2
1193	47726	159	184	0	0	*	2
1194	47766	159	181	0	0	*	2
1195	47806	160	178	0	0	*	2
1196	47846	160	175	0	0	*	2
1197	47886	159	178	0	0	*	2
1198	47926	161	170	0	0	*	2
1199	47966	162	167	0	0	*	2
1200	48006	162	164	0	0	*	2
1201	48046	161	167	0	0	*	2
1202	48086	161	165	0	0	*	2
1203	48126	163	156	0	0	*	2
1204	48166	163	154	0	0	*	2
1205	48206	163	151	0	0	*	2
1206	48246	163	148	0	0	*	2
1207	48286	163	145	0	0	*	2
1208	48326	163	148	0	0	*	2
1209	48366	164	139	0	0	*	2
1210	48406	164	137	0	0	*	2
1211	48446	164	134	0	0	*	2
1212	48486	164	131	0	0	*	2
1213	48526	164	128	0	0	*	2
1214	48566	165	125	0	0	*	2
1215	48606	165	123	0	0	*	2
1216	48646	165	120	0	0	*	2
1217	48686	166	117	0	0	*	2
1218	48726	166	115	0	0	*	2
1219	48766	166	112	0	0	*	2
1220	48806	166	109	0	0	*	2
1221	48846	166	107	0	0	*	2
1222	48886	167	104	0	0	*	2
1223	48926	167	101	0	0	*	2
1224	48966	168	98	0	0	*	2
1225	49006	168	96	0	0	*	2
1226	49046	168	93	0	0	*	2
1227	49086	168	91	0	0	*	2
1228	49126	169	88	0	0	*	2
1229	49166	169	86	0	0	*	2
1230	49206	170	83	0	0	*	2
1231	49246	170	80	0	0	*	2
1232	49286	170	77	0	0	*	2
1233	49326	170	75	0	0	*	2
1234	49366	170	72	0	0	*	2
1235	49406	171	69	0	0	*	2
1236	49446	171	67	0	0	*	2
1237	49486	171	64	0	0	*	2
1238	49526	172	62	0	0	*	2
1239	49566	171	65	0	0	*	2
1240	49606	172	56	0	0	*	2
1241	49646	173	53	0	0	*	2
1242	49686	173	51	0	0	*	2
1243	49726	174	48	0	0	*	2
1244	49766	174	46	0	0	*	2
1245	49806	175	43	0	0	*	2
1246	49846	175	41	0	0	*	2
1247	49886	176	39	0	0	*	2
1248	49926	177	36	0	0	*	2
1249	49966	178	34	0	0	*	2
1250	50006	179	31	0	0	*	2
1251	50046	180	29	0	0	*	2
1252	50086	180	27	0	0	*	2
1253	50126	181	25	0	0	*	2
1254	50166	182	23	0	0	*	2
1255	50206	183	21	0	0	*	2
1256	50246	183	19	0	0	*	2
1257	50286	182	21	0	0	*	2
1258	50326	182	21	0	0	*	2
1259	50366	183	20	0	0	*	2
1260	50406	183	19	0	0	*	2
1261	50446	183	18	0	0	*	2
1262	50486	182	17	0	0	*	2
1263	50526	182	16	0	0	*	2
1264	50566	181	17	0	0	*	2
1265	50606	181	18	0	0	*	2
1266	50646	179	19	0	0	*	2
1267	50686	178	20	0	0	*	2
1268	50726	176	20	0	0	*	2
1269	50766	175	21	0	0	*	2
1270	50806	175	21	0	0	*	2
1271	50846	174	23	0	0	*	2
1272	50886	172	23	0	0	*	2
1273	50926	171	24	0	0	*	2
1274	50966	170	25	0	0	*	2
1275	51006	170	26	0	0	*	2
1276	51046	168	27	0	0	*	2
1277	51086	167	28	0	0	*	2
1278	51126	165	30	0	0	*	2
1279	51166	165	31	0	0	*	2
1280	51206	163	32	0	0	*	2
1281	51246	162	33	0	0	*	2
1282	51286	160	34	0	0	*	2
1283	51326	158	35	0	0	*	2
1284	51366	156	36	0	0	*	2
1285	51406	154	37	0	0	*	2
1286	51446	152	38	0	0	*	2
1287	51486	149	39	0	0	*	2
1288	51526	147	40	0	0	*	2
1289	51566	145	41	0	0	*	2
1290	51606	142	42	0	0	*	2
1291	51646	140	43	0	0	*	2
1292	51686	137	44	0	0	*	2
1293	51726	134	44	0	0	*	2
1294	51766	132	45	0	0	*	2
1295	51806	129	46	0	0	*	2
1296	51846	127	46	0	0	*	2
1297	51886	124	46	0	0	*	2
1298	51926	122	46	0	0	*	2
1299	51966	120	47	0	0	*	2
1300	52006	117	47	0	0	*	2
1301	52046	114	48	0	0	*	2
1302	52086	111	48	0	0	*	2
1303	52126	109	48	0	0	*	2
1304	52166	107	49	0	0	*	2
1305	52206	104	49	0	0	*	2
1306	52246	101	50	0	0	*	2
1307	52286	98	50	0	0	*	2
1308	52326	96	51	0	0	*	2
1309	52366	93	51	0	0	*	2
1310	52406	90	52	0	0	*	2
1311	52446	88	53	0	0	*	2
1312	52486	85	54	0	0	*	2
1313	52526	83	54	0	0	*	2
1314	52566	80	55	0	0	*	2
1315	52606	77	56	0	0	*	2
1316	52646	75	57	0	0	*	2
1317	52686	73	58	0	0	*	2
1318	52726	70	59	0	1	*	2
1319	52766	70	59	0	1	*	2
1320	52806	69	58	0	1	*	2
1321	52846	69	58	0	1	*	2
1322	52886	68	57	0	1	*	2
1323	52926	67	58	0	1	*	2
1324	52966	67	58	0	1	*	2
1325	53006	66	58	0	1	*	2
1326	53046	66	58	0	1	*	2
1327	53086	65	59	0	1	*	2
1328	53126	64	59	0	1	*	2
1329	53166	63	61	0	1	*	2
1330	53206	62	61	0	1	*	2
1331	53246	61	62	0	1	*	2
1332	53286	59	62	0	1	*	2
1333	53326	58	63	0	1	*	2
1334	53366	57	64	0	1	*	2
1335	53406	56	65	0	0	*	2
1336	53446	54	66	0	0	*	2
1337	53486	51	68	0	0	*	2
1338	53526	49	69	0	0	*	2
1339	53566	49	70	0	0	*	2
1340	53606	47	70	0	0	*	2
1341	53646	46	71	0	0	*	2
1342	53686	45	72	0	0	*	2
1343	53726	44	73	0	0	*	2
1344	53766	43	74	0	0	*	2
1345	53806	42	75	0	0	*	2
1346	53846	41	75	0	0	*	2
1347	53886	40	76	0	0	*	2
1348	53926	39	77	0	0	*	2
1349	53966	38	78	0	0	*	2
1350	54006	37	79	0	0	*	2
1351	54046	36	80	0	0	*	2
1352	54086	35	81	0	0	*	2
1353	54126	35	82	0	0	*	2
1354	54166	36	81	0	0	*	2
1355	54206	33	85	0	0	*	2
1356	54246	34	83	0	0	*	2
1357	54286	33	84	0	0	*	2
1358	54326	33	85	0	0	*	2
1359	54366	32	86	0	0	*	2
1360	54406	32	87	0	0	*	2
1361	54446	31	88	0	0	*	2
1362	54486	30	90	0	0	*	2
1363	54526	30	92	0	0	*	2
1364	54566	28	99	0	0	*	2
1365	54606	29	95	0	0	*	2
1366	54646	28	96	0	0	*	2
1367	54686	28	97	0	0	*	2
1368	54726	27	99	0	0	*	2
1369	54766	27	101	0	0	*	2
1370	54806	27	103	0	0	*	2
1371	54846	27	105	0	0	*	2
1372	54886	27	106	0	0	*	2
1373	54926	27	108	0	0	*	2
1374	54966	27	110	0	0	*	2
1375	55006	27	112	0	0	*	2
1376	55046	27	114	0	0	*	2
1377	55086	28	116	0	0	*	2
1378	55126	28	118	0	0	*	2
1379	55166	29	120	0	0	*	2
1380	55206	32	128	0	0	*	2
1381	55246	30	124	0	0	*	2
1382	55286	31	126	0	0	*	2
1383	55326	32	128	0	0	*	2
1384	55366	36	136	0	0	*	2
1385	55406	34	132	0	0	*	2
1386	55446	38	139	0	0	*	2
1387	55486	36	136	0	0	*	2
1388	55526	37	138	0	0	*	2
1389	55566	38	139	0	0	*	2
1390	55606	43	147	0	0	*	2
1391	55646	44	149	0	0	*	2
1392	55686	45	151	0	0	*	2
1393	55726	42	147	0	0	*	2
1394	55766	44	149	0	0	*	2
1395	55806	45	151	0	0	*	2
1396	55846	46	153	0	0	*	2
1397	55886	52	161	0	0	*	2
1398	55926	53	163	0	0	*	2
1399	55966	54	165	0	0	*	2
1400	56006	56	167	0	0	*	2
1401	56046	57	168	0	0	*	2
1402	56086	59	170	0	0	*	2
1403	56126	61	173	0	0	*	2
1404	56166	62	174	0	0	*	2
1405	56206	64	176	0	0	*	2
1406	56246	66	178	0	0	*	2
1407	56286	67	180	0	0	*	2
1408	56326	69	182	0	0	*	2
1409	56366	71	184	0	0	*	2
1410	56406	72	185	0	0	*	2
1411	56446	74	187	0	0	*	2
1412	56486	76	188	0	0	*	2
1413	56526	77	190	0	0	*	2
1414	56566	79	192	0	0	*	2
1415	56606	81	194	0	0	*	2
1416	56646	82	196	0	0	*	2
1417	56686	84	198	0	0	*	2
1418	56726	86	200	0	0	*	2
1419	56766	87	201	0	0	*	2
1420	56806	89	203	0	0	*	2
1421	56846	91	206	0	0	*	2
1422	56886	92	207	0	0	*	2
1423	56926	94	209	0	0	*	2
1424	56966	96	210	0	0	*	2
1425	57006	97	212	0	0	*	2
1426	57046	99	214	0	0	*	2
1427	57086	101	217	0	0	*	2
1428	57126	102	217	0	0	*	2
1429	57166	104	219	0	0	*	2
1430	57206	106	221	0	0	*	2
1431	57246	107	223	0	0	*	2
1432	57286	109	224	0	0	*	2
1433	57326	110	226	0	0	*	2
1434	57366	111	228	0	0	*	2
1435	57406	113	229	0	0	*	2
1436	57446	115	231	0	0	*	2
1437	57486	117	232	0	0	*	2
1438	57526	118	233	0	0	*	2
1439	57566	120	234	0	0	*	2
1440	57606	121	235	0	0	*	2
1441	57646	123	236	0	0	*	2
1442	57686	125	236	0	0	*	2
1443	57726	127	236	0	0	*	2
1444	57766	129	237	0	0	*	2
1445	57806	130	236	0	0	*	2
1446	57846	132	236	0	0	*	2
1447	57886	133	235	0	0	*	2
1448	57926	134	235	0	0	*	2
1449	57966	135	234	0	0	*	2
1450	58006	136	233	0	0	*	2
1451	58046	137	233	0	0	*	2
1452	58086	136	233	0	0	*	2
1453	58126	139	232	0	0	*	2
1454	58166	138	232	0	0	*	2
1455	58206	141	229	0	0	*	2
1456	58246	142	228	0	0	*	2
1457	58286	140	230	0	0	*	2
1458	58326	141	229	0	0	*	2
1459	58366	144	224	0	0	*	2
1460	58406	145	222	0	0	*	2
1461	58446	143	225	0	0	*	2
1462	58486	144	224	0	0	*	2
1463	58526	145	222	0	0	*	2
1464	58566	148	215	0	0	*	2
1465	58606	147	219	0	0	*	2
1466	58646	147	216	0	0	*	2
1467	58686	150	209	0	0	*	2
1468	58726	151	207	0	0	*	2
1469	58766	152	204	0	0	*	2
1470	58806	153	202	0	0	*	2
1471	58846	151	206	0	0	*	2
1472	58886	152	204	0	0	*	2
1473	58926	153	202	0	0	*	2
1474	58966	154	199	0	0	*	2
1475	59006	155	197	0	0	*	2
1476	59046	155	195	0	0	*	2
1477	59086	156	192	0	0	*	2
1478	59126	156	190	0	0	*	2
1479	59166	157	188	0	0	*	2
1480	59206	160	179	0	0	*	2
1481	59246	161	177	0	0	*	2
1482	59286	161	174	0	0	*	2
1483	59326	160	178	0	0	*	2
1484	59366	161	176	0	0	*	2
1485	59406	162	173	0	0	*	2
1486	59446	165	164	0	0	*	2
1487	59486	163	168	0	0	*	2
1488	59526	164	165	0	0	*	2
1489	59566	165	163	0	0	*	2
1490	59606	168	155	0	0	*	2
1491	59646	169	152	0	0	*	2
1492	59686	170	149	0	0	*	2
1493	59726	170	147	0	0	*	2
1494	59766	171	144	0	0	*	2
1495	59806	172	142	0	0	*	2
1496	59846	173	139	0	0	*	2
1497	59886	174	136	0	0	*	2
1498	59926	175	134	0	0	*	2
1499	59966	176	131	0	0	*	2
1500	60006	176	129	0	0	*	2
1501	60046	177	127	0	0	*	2
1502	60086	178	124	0	0	*	2
1503	60126	180	122	0	0	*	2
1504	60166	181	119	0	0	*	2
1505	60206	181	117	0	0	*	2
1506	60246	182	115	0	0	*	2
1507	60286	183	113	0	0	*	2
1508	60326	185	111	0	0	*	2
1509	60366	187	108	0	0	*	2
1510	60406	188	107	0	0	*	2
