%%BEGIN_HEADER
	%%BEGIN DATABASE_INFORMATION
		%Date.0 ( 30.9.2019 )
		%Time.0 ( 14:41 )
	%%END DATABASE_INFORMATION
	%%BEGIN SETUP_INFORMATION
		%TrackerVersion.0 ( Tracker version 2.38 release 12.8.2012 )
		%ElapsedTime_ms.0 ( 60465 )
		%Paradigm.0 ( PlacePreference )
		%FeederParameters.0 ( 1500 0 )
			// %FeederParameters.0 ( ENTRANCE_LATENCY EXIT_LATENCY )
		%ElapsedPath_m.0 ( 0.00 )
		%ArenaDiameter_m.0 ( 1.80 )
		%TrackerResolution_PixPerCM.0 ( 1.4222 )
		%ArenaCenterXY.0 ( 127.5 127.5 )
		%Frame.0 ( RoomFrame )
		%ReinforcedSector.0 ( 190.6093 190.6093 7 )
			//%ReinforcedSector.0 ( CENTER_X CENTER_Y RADIUS )
		%RoomTrackReinforcedSector.0 ( 190.6093 190.6093 7 )
			//%RoomTrackReinforcedSector.0 ( CENTER_X CENTER_Y RADIUS )
	%%END SETUP_INFORMATION
	%%BEGIN RECORD_FORMAT
		%Sample.0 ( FrameCount 1msTimeStamp RoomX RoomY Sectors State Flags FrameInfo )
			//Sectors indicate if the object is in a target. Number is binary coded. Sectors = 0: no target, Sectors = 1: room target, Sectors: = 2 arena target, Sectors: = 3 room and arena target
			////State indicates the Watermaze State: OutsideTarget = 0, EntranceLatency = 1, InsideTarget = 3, OutsideRefractory = 4, BadSpot = 5
			//FrameInfo indicates succesfuly tracked spots: ReferencePoint * 2^0 + Spot0 * 2^(1+0) + Spot1 * 2^(1+1) + Spot2 * 2^(1+2) .... 
	%%END RECORD_FORMAT
%%END_HEADER
1	65	131	3	0	0	*	2
2	105	131	3	0	0	*	2
3	145	131	3	0	0	*	2
4	185	132	4	0	0	*	2
5	225	132	4	0	0	*	2
6	265	132	4	0	0	*	2
7	305	132	4	0	0	*	2
8	345	131	4	0	0	*	2
9	385	130	4	0	0	*	2
10	425	130	4	0	0	*	2
11	465	130	4	0	0	*	2
12	505	129	5	0	0	*	2
13	545	129	6	0	0	*	2
14	585	130	6	0	0	*	2
15	625	129	7	0	0	*	2
16	665	128	9	0	0	*	2
17	705	127	10	0	0	*	2
18	745	127	12	0	0	*	2
19	785	127	13	0	0	*	2
20	825	126	14	0	0	*	2
21	865	128	14	0	0	*	2
22	905	128	15	0	0	*	2
23	945	125	18	0	0	*	2
24	985	127	17	0	0	*	2
25	1025	127	17	0	0	*	2
26	1065	126	19	0	0	*	2
27	1105	122	23	0	0	*	2
28	1145	124	22	0	0	*	2
29	1185	123	23	0	0	*	2
30	1225	122	24	0	0	*	2
31	1265	121	26	0	0	*	2
32	1305	121	28	0	0	*	2
33	1345	119	30	0	0	*	2
34	1385	118	32	0	0	*	2
35	1425	117	34	0	0	*	2
36	1465	116	36	0	0	*	2
37	1505	115	38	0	0	*	2
38	1545	111	42	0	0	*	2
39	1585	112	41	0	0	*	2
40	1625	110	42	0	0	*	2
41	1665	107	45	0	0	*	2
42	1705	106	46	0	0	*	2
43	1745	105	46	0	0	*	2
44	1785	103	48	0	0	*	2
45	1825	102	49	0	0	*	2
46	1865	101	51	0	0	*	2
47	1905	101	52	0	0	*	2
48	1945	101	54	0	0	*	2
49	1985	102	56	0	0	*	2
50	2025	103	57	0	0	*	2
51	2065	104	58	0	0	*	2
52	2105	105	59	0	0	*	2
53	2145	105	60	0	0	*	2
54	2185	106	61	0	0	*	2
55	2225	107	62	0	0	*	2
56	2265	108	64	0	0	*	2
57	2305	108	65	0	0	*	2
58	2345	109	67	0	0	*	2
59	2385	109	68	0	0	*	2
60	2425	110	70	0	0	*	2
61	2465	111	71	0	0	*	2
62	2505	111	73	0	0	*	2
63	2545	112	75	0	0	*	2
64	2585	113	77	0	0	*	2
65	2625	114	79	0	0	*	2
66	2665	116	80	0	0	*	2
67	2705	117	82	0	0	*	2
68	2745	119	83	0	0	*	2
69	2785	121	83	0	0	*	2
70	2825	122	84	0	0	*	2
71	2865	124	84	0	0	*	2
72	2905	126	84	0	0	*	2
73	2945	128	85	0	0	*	2
74	2985	130	85	0	0	*	2
75	3025	132	85	0	0	*	2
76	3065	134	85	0	0	*	2
77	3105	135	85	0	0	*	2
78	3145	137	85	0	0	*	2
79	3185	140	85	0	0	*	2
80	3225	142	85	0	0	*	2
81	3265	144	85	0	0	*	2
82	3305	144	85	0	0	*	2
83	3345	147	84	0	0	*	2
84	3385	148	82	0	0	*	2
85	3425	148	81	0	0	*	2
86	3465	149	79	0	0	*	2
87	3505	149	78	0	0	*	2
88	3545	150	77	0	0	*	2
89	3585	150	75	0	0	*	2
90	3625	151	74	0	0	*	2
91	3665	151	73	0	0	*	2
92	3705	150	72	0	0	*	2
93	3745	150	71	0	0	*	2
94	3785	150	70	0	0	*	2
95	3825	149	69	0	0	*	2
96	3865	149	70	0	0	*	2
97	3905	149	69	0	0	*	2
98	3945	148	66	0	0	*	2
99	3985	147	65	0	0	*	2
100	4025	146	65	0	0	*	2
101	4065	145	64	0	0	*	2
102	4105	144	64	0	0	*	2
103	4145	144	65	0	0	*	2
104	4185	143	64	0	0	*	2
105	4225	142	64	0	0	*	2
106	4265	141	63	0	0	*	2
107	4305	139	61	0	0	*	2
108	4345	137	60	0	0	*	2
109	4385	136	60	0	0	*	2
110	4425	136	60	0	0	*	2
111	4465	134	58	0	0	*	2
112	4505	130	56	0	0	*	2
113	4545	132	57	0	0	*	2
114	4585	126	53	0	0	*	2
115	4625	128	55	0	0	*	2
116	4665	126	54	0	0	*	2
117	4705	124	52	0	0	*	2
118	4745	123	51	0	0	*	2
119	4785	121	50	0	0	*	2
120	4825	119	48	0	0	*	2
121	4865	117	47	0	0	*	2
122	4905	114	45	0	0	*	2
123	4945	113	44	0	0	*	2
124	4985	111	43	0	0	*	2
125	5025	109	41	0	0	*	2
126	5065	108	40	0	0	*	2
127	5105	106	39	0	0	*	2
128	5145	104	38	0	0	*	2
129	5185	101	38	0	0	*	2
130	5225	99	37	0	0	*	2
131	5265	97	37	0	0	*	2
132	5305	91	36	0	0	*	2
133	5345	93	36	0	0	*	2
134	5385	90	36	0	0	*	2
135	5425	87	36	0	0	*	2
136	5465	86	35	0	0	*	2
137	5505	83	35	0	0	*	2
138	5545	81	34	0	0	*	2
139	5585	79	34	0	0	*	2
140	5625	77	33	0	0	*	2
141	5665	75	33	0	0	*	2
142	5705	73	32	0	0	*	2
143	5745	70	31	0	0	*	2
144	5785	69	30	0	0	*	2
145	5825	67	30	0	0	*	2
146	5865	66	30	0	0	*	2
147	5905	64	29	0	0	*	2
148	5945	63	28	0	0	*	2
149	5985	61	26	0	0	*	2
150	6025	61	26	0	0	*	2
151	6065	61	25	0	0	*	2
152	6105	61	24	0	0	*	2
153	6145	61	24	0	0	*	2
154	6185	61	24	0	0	*	2
155	6225	61	23	0	0	*	2
156	6265	62	23	0	0	*	2
157	6305	62	23	0	0	*	2
158	6345	62	23	0	0	*	2
159	6385	63	23	0	0	*	2
160	6425	63	22	0	0	*	2
161	6465	64	22	0	0	*	2
162	6505	64	22	0	0	*	2
163	6545	65	22	0	0	*	2
164	6585	67	22	0	0	*	2
165	6625	67	22	0	0	*	2
166	6665	68	23	0	0	*	2
167	6705	70	23	0	0	*	2
168	6745	71	23	0	0	*	2
169	6785	72	24	0	0	*	2
170	6825	73	24	0	0	*	2
171	6865	73	24	0	0	*	2
172	6905	75	23	0	0	*	2
173	6945	76	24	0	0	*	2
174	6985	78	23	0	0	*	2
175	7025	79	24	0	0	*	2
176	7065	80	24	0	0	*	2
177	7105	81	24	0	0	*	2
178	7145	83	24	0	0	*	2
179	7185	85	24	0	0	*	2
180	7225	87	24	0	0	*	2
181	7265	88	24	0	0	*	2
182	7305	90	23	0	0	*	2
183	7345	92	23	0	0	*	2
184	7385	94	23	0	0	*	2
185	7425	96	22	0	0	*	2
186	7465	98	21	0	0	*	2
187	7505	104	18	0	0	*	2
188	7545	105	17	0	0	*	2
189	7585	103	18	0	0	*	2
190	7625	105	17	0	0	*	2
191	7665	107	15	0	0	*	2
192	7705	108	13	0	0	*	2
193	7745	110	11	0	0	*	2
194	7785	112	7	0	0	*	2
195	7825	113	6	0	0	*	2
196	7865	114	5	0	0	*	2
197	7905	115	5	0	0	*	2
198	7945	117	4	0	0	*	2
199	7985	119	4	0	0	*	2
200	8025	120	4	0	0	*	2
201	8065	122	4	0	0	*	2
202	8105	123	5	0	0	*	2
203	8145	123	5	0	0	*	2
204	8185	125	4	0	0	*	2
205	8225	127	3	0	0	*	2
206	8265	128	3	0	0	*	2
207	8305	129	3	0	0	*	2
208	8345	130	3	0	0	*	2
209	8385	132	4	0	0	*	2
210	8425	133	4	0	0	*	2
211	8465	133	5	0	0	*	2
212	8505	134	5	0	0	*	2
213	8545	135	4	0	0	*	2
214	8585	136	4	0	0	*	2
215	8625	137	3	0	0	*	2
216	8665	138	3	0	0	*	2
217	8705	138	3	0	0	*	2
218	8745	139	3	0	0	*	2
219	8785	140	4	0	0	*	2
220	8825	140	3	0	0	*	2
221	8865	141	4	0	0	*	2
222	8905	141	5	0	0	*	2
223	8945	142	6	0	0	*	2
224	8985	143	8	0	0	*	2
225	9025	143	10	0	0	*	2
226	9065	144	12	0	0	*	2
227	9105	144	13	0	0	*	2
228	9145	145	14	0	0	*	2
229	9185	146	14	0	0	*	2
230	9225	146	15	0	0	*	2
231	9265	147	16	0	0	*	2
232	9305	148	17	0	0	*	2
233	9345	149	18	0	0	*	2
234	9385	149	19	0	0	*	2
235	9425	149	20	0	0	*	2
236	9465	150	21	0	0	*	2
237	9505	151	22	0	0	*	2
238	9545	152	23	0	0	*	2
239	9585	154	25	0	0	*	2
240	9625	158	30	0	0	*	2
241	9665	159	32	0	0	*	2
242	9705	158	30	0	0	*	2
243	9745	163	36	0	0	*	2
244	9785	164	38	0	0	*	2
245	9825	162	36	0	0	*	2
246	9865	164	39	0	0	*	2
247	9905	166	41	0	0	*	2
248	9945	167	44	0	0	*	2
249	9985	170	49	0	0	*	2
250	10025	172	52	0	0	*	2
251	10065	173	54	0	0	*	2
252	10105	173	54	0	0	*	2
253	10145	176	59	0	0	*	2
254	10185	178	61	0	0	*	2
255	10225	180	64	0	0	*	2
256	10265	181	67	0	0	*	2
257	10305	182	70	0	0	*	2
258	10345	183	72	0	0	*	2
259	10385	184	72	0	0	*	2
260	10425	187	78	0	0	*	2
261	10465	188	80	0	0	*	2
262	10505	191	84	0	0	*	2
263	10545	192	85	0	0	*	2
264	10585	193	88	0	0	*	2
265	10625	194	89	0	0	*	2
266	10665	197	93	0	0	*	2
267	10705	199	95	0	0	*	2
268	10745	201	96	0	0	*	2
269	10785	203	98	0	0	*	2
270	10825	205	100	0	0	*	2
271	10865	206	101	0	0	*	2
272	10905	209	103	0	0	*	2
273	10945	211	104	0	0	*	2
274	10985	212	104	0	0	*	2
275	11025	214	104	0	0	*	2
276	11065	216	104	0	0	*	2
277	11105	218	104	0	0	*	2
278	11145	220	104	0	0	*	2
279	11185	221	104	0	0	*	2
280	11225	223	103	0	0	*	2
281	11265	225	103	0	0	*	2
282	11305	227	103	0	0	*	2
283	11345	229	102	0	0	*	2
284	11385	231	102	0	0	*	2
285	11425	232	101	0	0	*	2
286	11465	234	101	0	0	*	2
287	11505	236	100	0	0	*	2
288	11545	237	99	0	0	*	2
289	11585	239	98	0	0	*	2
290	11625	241	97	0	0	*	2
291	11665	242	96	0	0	*	2
292	11705	243	95	0	0	*	2
293	11745	242	95	0	0	*	2
294	11785	244	93	0	0	*	2
295	11825	244	92	0	0	*	2
296	11865	245	91	0	0	*	2
297	11905	245	90	0	0	*	2
298	11945	244	90	0	0	*	2
299	11985	243	89	0	0	*	2
300	12025	243	88	0	0	*	2
301	12065	241	88	0	0	*	2
302	12105	241	89	0	0	*	2
303	12145	240	86	0	0	*	2
304	12185	240	88	0	0	*	2
305	12225	239	88	0	0	*	2
306	12265	239	89	0	0	*	2
307	12305	239	89	0	0	*	2
308	12345	239	89	0	0	*	2
309	12385	238	88	0	0	*	2
310	12425	237	87	0	0	*	2
311	12465	235	85	0	0	*	2
312	12505	233	84	0	0	*	2
313	12545	231	83	0	0	*	2
314	12585	228	82	0	0	*	2
315	12625	227	81	0	0	*	2
316	12665	224	79	0	0	*	2
317	12705	222	79	0	0	*	2
318	12745	221	78	0	0	*	2
319	12785	219	77	0	0	*	2
320	12825	217	75	0	0	*	2
321	12865	214	74	0	0	*	2
322	12905	211	73	0	0	*	2
323	12945	209	72	0	0	*	2
324	12985	206	71	0	0	*	2
325	13025	202	69	0	0	*	2
326	13065	203	69	0	0	*	2
327	13105	197	66	0	0	*	2
328	13145	198	67	0	0	*	2
329	13185	196	66	0	0	*	2
330	13225	194	65	0	0	*	2
331	13265	191	63	0	0	*	2
332	13305	190	62	0	0	*	2
333	13345	188	60	0	0	*	2
334	13385	186	59	0	0	*	2
335	13425	183	57	0	0	*	2
336	13465	182	56	0	0	*	2
337	13505	181	55	0	0	*	2
338	13545	179	54	0	0	*	2
339	13585	174	50	0	0	*	2
340	13625	176	52	0	0	*	2
341	13665	173	50	0	0	*	2
342	13705	170	49	0	0	*	2
343	13745	170	49	0	0	*	2
344	13785	169	49	0	0	*	2
345	13825	167	48	0	0	*	2
346	13865	164	47	0	0	*	2
347	13905	162	47	0	0	*	2
348	13945	161	46	0	0	*	2
349	13985	159	45	0	0	*	2
350	14025	158	44	0	0	*	2
351	14065	156	43	0	0	*	2
352	14105	155	43	0	0	*	2
353	14145	154	42	0	0	*	2
354	14185	155	42	0	0	*	2
355	14225	154	42	0	0	*	2
356	14265	151	41	0	0	*	2
357	14305	150	41	0	0	*	2
358	14345	149	42	0	0	*	2
359	14385	147	43	0	0	*	2
360	14425	147	44	0	0	*	2
361	14465	146	45	0	0	*	2
362	14505	146	46	0	0	*	2
363	14545	145	46	0	0	*	2
364	14585	143	47	0	0	*	2
365	14625	141	48	0	0	*	2
366	14665	139	49	0	0	*	2
367	14705	138	49	0	0	*	2
368	14745	137	50	0	0	*	2
369	14785	135	52	0	0	*	2
370	14825	134	53	0	0	*	2
371	14865	133	53	0	0	*	2
372	14905	132	54	0	0	*	2
373	14945	131	55	0	0	*	2
374	14985	129	57	0	0	*	2
375	15025	127	59	0	0	*	2
376	15065	125	60	0	0	*	2
377	15105	124	61	0	0	*	2
378	15145	122	63	0	0	*	2
379	15185	121	65	0	0	*	2
380	15225	118	68	0	0	*	2
381	15265	116	70	0	0	*	2
382	15305	114	72	0	0	*	2
383	15345	111	74	0	0	*	2
384	15385	110	76	0	0	*	2
385	15425	108	77	0	0	*	2
386	15465	106	79	0	0	*	2
387	15505	103	81	0	0	*	2
388	15545	101	83	0	0	*	2
389	15585	98	84	0	0	*	2
390	15625	96	86	0	0	*	2
391	15665	94	87	0	0	*	2
392	15705	91	89	0	0	*	2
393	15745	89	90	0	0	*	2
394	15785	85	91	0	0	*	2
395	15825	83	92	0	0	*	2
396	15865	80	93	0	0	*	2
397	15905	77	93	0	0	*	2
398	15945	75	94	0	0	*	2
399	15985	72	94	0	0	*	2
400	16025	68	95	0	0	*	2
401	16065	66	95	0	0	*	2
402	16105	63	96	0	0	*	2
403	16145	60	96	0	0	*	2
404	16185	57	96	0	0	*	2
405	16225	54	97	0	0	*	2
406	16265	51	97	0	0	*	2
407	16305	49	98	0	0	*	2
408	16345	47	98	0	0	*	2
409	16385	43	99	0	0	*	2
410	16425	40	99	0	0	*	2
411	16465	37	99	0	0	*	2
412	16505	35	100	0	0	*	2
413	16545	32	100	0	0	*	2
414	16585	29	100	0	0	*	2
415	16625	25	101	0	0	*	2
416	16665	23	101	0	0	*	2
417	16705	17	102	0	0	*	2
418	16745	13	102	0	0	*	2
419	16785	12	102	0	0	*	2
420	16825	11	102	0	0	*	2
421	16865	10	103	0	0	*	2
422	16905	9	103	0	0	*	2
423	16945	9	104	0	0	*	2
424	16985	8	105	0	0	*	2
425	17025	8	105	0	0	*	2
426	17065	8	106	0	0	*	2
427	17105	8	107	0	0	*	2
428	17145	8	107	0	0	*	2
429	17185	8	107	0	0	*	2
430	17225	7	108	0	0	*	2
431	17265	7	109	0	0	*	2
432	17305	7	110	0	0	*	2
433	17345	7	112	0	0	*	2
434	17385	7	113	0	0	*	2
435	17425	7	115	0	0	*	2
436	17465	7	116	0	0	*	2
437	17505	7	118	0	0	*	2
438	17545	7	119	0	0	*	2
439	17585	7	121	0	0	*	2
440	17625	7	122	0	0	*	2
441	17665	7	124	0	0	*	2
442	17705	7	126	0	0	*	2
443	17745	8	128	0	0	*	2
444	17785	8	130	0	0	*	2
445	17825	8	133	0	0	*	2
446	17865	9	134	0	0	*	2
447	17905	9	136	0	0	*	2
448	17945	10	139	0	0	*	2
449	17985	11	140	0	0	*	2
450	18025	12	143	0	0	*	2
451	18065	12	143	0	0	*	2
452	18105	12	146	0	0	*	2
453	18145	13	148	0	0	*	2
454	18185	14	150	0	0	*	2
455	18225	15	152	0	0	*	2
456	18265	16	154	0	0	*	2
457	18305	23	158	0	0	*	2
458	18345	19	158	0	0	*	2
459	18385	21	160	0	0	*	2
460	18425	24	162	0	0	*	2
461	18465	27	163	0	0	*	2
462	18505	28	164	0	0	*	2
463	18545	32	166	0	0	*	2
464	18585	34	167	0	0	*	2
465	18625	36	168	0	0	*	2
466	18665	39	169	0	0	*	2
467	18705	41	170	0	0	*	2
468	18745	42	170	0	0	*	2
469	18785	45	171	0	0	*	2
470	18825	47	171	0	0	*	2
471	18865	49	172	0	0	*	2
472	18905	51	173	0	0	*	2
473	18945	54	174	0	0	*	2
474	18985	56	174	0	0	*	2
475	19025	58	175	0	0	*	2
476	19065	60	175	0	0	*	2
477	19105	63	176	0	0	*	2
478	19145	70	178	0	0	*	2
479	19185	68	177	0	0	*	2
480	19225	70	178	0	0	*	2
481	19265	72	178	0	0	*	2
482	19305	74	178	0	0	*	2
483	19345	76	179	0	0	*	2
484	19385	83	180	0	0	*	2
485	19425	81	179	0	0	*	2
486	19465	84	180	0	0	*	2
487	19505	90	180	0	0	*	2
488	19545	93	181	0	0	*	2
489	19585	94	182	0	0	*	2
490	19625	97	183	0	0	*	2
491	19665	98	185	0	0	*	2
492	19705	99	186	0	0	*	2
493	19745	101	187	0	0	*	2
494	19785	102	189	0	0	*	2
495	19825	104	190	0	0	*	2
496	19865	105	192	0	0	*	2
497	19905	106	193	0	0	*	2
498	19945	107	195	0	0	*	2
499	19985	108	197	0	0	*	2
500	20025	108	199	0	0	*	2
501	20065	109	199	0	0	*	2
502	20105	109	203	0	0	*	2
503	20145	109	204	0	0	*	2
504	20185	110	206	0	0	*	2
505	20225	110	207	0	0	*	2
506	20265	110	209	0	0	*	2
507	20305	111	212	0	0	*	2
508	20345	111	215	0	0	*	2
509	20385	111	215	0	0	*	2
510	20425	111	216	0	0	*	2
511	20465	111	218	0	0	*	2
512	20505	111	220	0	0	*	2
513	20545	112	222	0	0	*	2
514	20585	112	224	0	0	*	2
515	20625	113	226	0	0	*	2
516	20665	113	228	0	0	*	2
517	20705	113	230	0	0	*	2
518	20745	114	232	0	0	*	2
519	20785	115	234	0	0	*	2
520	20825	115	236	0	0	*	2
521	20865	116	238	0	0	*	2
522	20905	116	239	0	0	*	2
523	20945	116	240	0	0	*	2
524	20985	117	241	0	0	*	2
525	21025	118	243	0	0	*	2
526	21065	120	244	0	0	*	2
527	21105	122	246	0	0	*	2
528	21145	123	245	0	0	*	2
529	21185	124	245	0	0	*	2
530	21225	124	244	0	0	*	2
531	21265	125	244	0	0	*	2
532	21305	129	245	0	0	*	2
533	21345	130	244	0	0	*	2
534	21385	130	243	0	0	*	2
535	21425	131	242	0	0	*	2
536	21465	129	241	0	0	*	2
537	21505	131	241	0	0	*	2
538	21545	133	239	0	0	*	2
539	21585	135	238	0	0	*	2
540	21625	136	237	0	0	*	2
541	21665	134	238	0	0	*	2
542	21705	135	237	0	0	*	2
543	21745	136	236	0	0	*	2
544	21785	137	234	0	0	*	2
545	21825	138	233	0	0	*	2
546	21865	139	232	0	0	*	2
547	21905	139	231	0	0	*	2
548	21945	140	229	0	0	*	2
549	21985	141	227	0	0	*	2
550	22025	141	225	0	0	*	2
551	22065	142	223	0	0	*	2
552	22105	142	221	0	0	*	2
553	22145	142	219	0	0	*	2
554	22185	143	217	0	0	*	2
555	22225	143	215	0	0	*	2
556	22265	144	212	0	0	*	2
557	22305	144	210	0	0	*	2
558	22345	144	208	0	0	*	2
559	22385	144	206	0	0	*	2
560	22425	145	204	0	0	*	2
561	22465	145	201	0	0	*	2
562	22505	145	199	0	0	*	2
563	22545	145	195	0	0	*	2
564	22585	146	193	0	0	*	2
565	22625	146	191	0	0	*	2
566	22665	146	189	0	0	*	2
567	22705	146	185	0	0	*	2
568	22745	146	184	0	0	*	2
569	22785	146	181	0	0	*	2
570	22825	146	178	0	0	*	2
571	22865	146	175	0	0	*	2
572	22905	147	173	0	0	*	2
573	22945	147	170	0	0	*	2
574	22985	147	167	0	0	*	2
575	23025	147	165	0	0	*	2
576	23065	147	162	0	0	*	2
577	23105	147	160	0	0	*	2
578	23145	147	157	0	0	*	2
579	23185	148	155	0	0	*	2
580	23225	148	151	0	0	*	2
581	23265	148	149	0	0	*	2
582	23305	148	146	0	0	*	2
583	23345	148	144	0	0	*	2
584	23385	149	142	0	0	*	2
585	23425	149	139	0	0	*	2
586	23465	149	135	0	0	*	2
587	23505	150	133	0	0	*	2
588	23545	150	131	0	0	*	2
589	23585	150	128	0	0	*	2
590	23625	150	126	0	0	*	2
591	23665	151	123	0	0	*	2
592	23705	151	121	0	0	*	2
593	23745	152	118	0	0	*	2
594	23785	152	116	0	0	*	2
595	23825	152	113	0	0	*	2
596	23865	153	111	0	0	*	2
597	23905	153	108	0	0	*	2
598	23945	154	106	0	0	*	2
599	23985	154	103	0	0	*	2
600	24025	154	100	0	0	*	2
601	24065	154	98	0	0	*	2
602	24105	155	95	0	0	*	2
603	24145	155	93	0	0	*	2
604	24185	155	91	0	0	*	2
605	24225	155	88	0	0	*	2
606	24265	155	86	0	0	*	2
607	24305	155	83	0	0	*	2
608	24345	155	81	0	0	*	2
609	24385	155	79	0	0	*	2
610	24425	155	77	0	0	*	2
611	24465	155	74	0	0	*	2
612	24505	154	71	0	0	*	2
613	24545	154	68	0	0	*	2
614	24585	154	67	0	0	*	2
615	24625	153	64	0	0	*	2
616	24665	153	62	0	0	*	2
617	24705	153	58	0	0	*	2
618	24745	153	52	0	0	*	2
619	24785	153	53	0	0	*	2
620	24825	153	51	0	0	*	2
621	24865	153	50	0	0	*	2
622	24905	153	47	0	0	*	2
623	24945	153	44	0	0	*	2
624	24985	153	41	0	0	*	2
625	25025	153	38	0	0	*	2
626	25065	153	35	0	0	*	2
627	25105	154	33	0	0	*	2
628	25145	154	30	0	0	*	2
629	25185	154	28	0	0	*	2
630	25225	155	25	0	0	*	2
631	25265	156	21	0	0	*	2
632	25305	155	22	0	0	*	2
633	25345	157	16	0	0	*	2
634	25385	157	15	0	0	*	2
635	25425	157	12	0	0	*	2
636	25465	157	11	0	0	*	2
637	25505	157	10	0	0	*	2
638	25545	157	9	0	0	*	2
639	25585	157	8	0	0	*	2
640	25625	156	7	0	0	*	2
641	25665	155	6	0	0	*	2
642	25705	154	6	0	0	*	2
643	25745	152	5	0	0	*	2
644	25785	152	6	0	0	*	2
645	25825	152	6	0	0	*	2
646	25865	152	6	0	0	*	2
647	25905	152	6	0	0	*	2
648	25945	151	7	0	0	*	2
649	25985	150	7	0	0	*	2
650	26025	149	8	0	0	*	2
651	26065	149	9	0	0	*	2
652	26105	148	8	0	0	*	2
653	26145	146	8	0	0	*	2
654	26185	143	8	0	0	*	2
655	26225	142	8	0	0	*	2
656	26265	142	8	0	0	*	2
657	26305	141	8	0	0	*	2
658	26345	140	8	0	0	*	2
659	26385	138	8	0	0	*	2
660	26425	135	8	0	0	*	2
661	26465	134	8	0	0	*	2
662	26505	133	8	0	0	*	2
663	26545	130	7	0	0	*	2
664	26585	128	7	0	0	*	2
665	26625	125	6	0	0	*	2
666	26665	123	5	0	0	*	2
667	26705	121	5	0	0	*	2
668	26745	120	5	0	0	*	2
669	26785	118	5	0	0	*	2
670	26825	117	5	0	0	*	2
671	26865	116	5	0	0	*	2
672	26905	115	5	0	0	*	2
673	26945	113	6	0	0	*	2
674	26985	110	6	0	0	*	2
675	27025	108	6	0	0	*	2
676	27065	108	8	0	0	*	2
677	27105	109	9	0	0	*	2
678	27145	108	9	0	0	*	2
679	27185	106	9	0	0	*	2
680	27225	105	10	0	0	*	2
681	27265	104	10	0	0	*	2
682	27305	102	11	0	0	*	2
683	27345	101	11	0	0	*	2
684	27385	98	12	0	0	*	2
685	27425	97	13	0	0	*	2
686	27465	96	13	0	0	*	2
687	27505	93	15	0	0	*	2
688	27545	91	16	0	0	*	2
689	27585	89	17	0	0	*	2
690	27625	86	18	0	0	*	2
691	27665	85	19	0	0	*	2
692	27705	83	20	0	0	*	2
693	27745	80	21	0	0	*	2
694	27785	78	22	0	0	*	2
695	27825	76	23	0	0	*	2
696	27865	74	24	0	0	*	2
697	27905	72	25	0	0	*	2
698	27945	70	27	0	0	*	2
699	27985	68	28	0	0	*	2
700	28025	66	29	0	0	*	2
701	28065	63	30	0	0	*	2
702	28105	61	32	0	0	*	2
703	28145	60	33	0	0	*	2
704	28185	58	35	0	0	*	2
705	28225	56	36	0	0	*	2
706	28265	55	37	0	0	*	2
707	28305	54	38	0	0	*	2
708	28345	52	39	0	0	*	2
709	28385	50	41	0	0	*	2
710	28425	49	43	0	0	*	2
711	28465	48	44	0	0	*	2
712	28505	46	46	0	0	*	2
713	28545	44	48	0	0	*	2
714	28585	43	50	0	0	*	2
715	28625	42	52	0	0	*	2
716	28665	41	53	0	0	*	2
717	28705	39	55	0	0	*	2
718	28745	38	57	0	0	*	2
719	28785	37	60	0	0	*	2
720	28825	36	62	0	0	*	2
721	28865	34	63	0	0	*	2
722	28905	33	65	0	0	*	2
723	28945	32	66	0	0	*	2
724	28985	30	68	0	0	*	2
725	29025	23	70	0	0	*	2
726	29065	22	71	0	0	*	2
727	29105	21	72	0	0	*	2
728	29145	20	74	0	0	*	2
729	29185	18	76	0	0	*	2
730	29225	17	78	0	0	*	2
731	29265	16	79	0	0	*	2
732	29305	16	79	0	0	*	2
733	29345	15	81	0	0	*	2
734	29385	14	82	0	0	*	2
735	29425	13	84	0	0	*	2
736	29465	13	85	0	0	*	2
737	29505	12	86	0	0	*	2
738	29545	12	86	0	0	*	2
739	29585	10	87	0	0	*	2
740	29625	11	87	0	0	*	2
741	29665	10	89	0	0	*	2
742	29705	10	90	0	0	*	2
743	29745	10	92	0	0	*	2
744	29785	10	92	0	0	*	2
745	29825	10	91	0	0	*	2
746	29865	10	92	0	0	*	2
747	29905	9	93	0	0	*	2
748	29945	9	94	0	0	*	2
749	29985	10	93	0	0	*	2
750	30025	9	94	0	0	*	2
751	30065	9	95	0	0	*	2
752	30105	9	97	0	0	*	2
753	30145	8	99	0	0	*	2
754	30185	8	100	0	0	*	2
755	30225	9	100	0	0	*	2
756	30265	10	100	0	0	*	2
757	30305	10	99	0	0	*	2
758	30345	10	100	0	0	*	2
759	30385	10	101	0	0	*	2
760	30425	11	102	0	0	*	2
761	30465	11	103	0	0	*	2
762	30505	11	104	0	0	*	2
763	30545	12	104	0	0	*	2
764	30585	13	105	0	0	*	2
765	30625	12	108	0	0	*	2
766	30665	12	109	0	0	*	2
767	30705	13	111	0	0	*	2
768	30745	14	115	0	0	*	2
769	30785	19	118	0	0	*	2
770	30825	20	120	0	0	*	2
771	30865	20	123	0	0	*	2
772	30905	21	125	0	0	*	2
773	30945	22	128	0	0	*	2
774	30985	23	130	0	0	*	2
775	31025	24	132	0	0	*	2
776	31065	24	134	0	0	*	2
777	31105	25	136	0	0	*	2
778	31145	26	139	0	0	*	2
779	31185	27	141	0	0	*	2
780	31225	28	143	0	0	*	2
781	31265	30	145	0	0	*	2
782	31305	31	148	0	0	*	2
783	31345	32	149	0	0	*	2
784	31385	33	152	0	0	*	2
785	31425	35	154	0	0	*	2
786	31465	36	156	0	0	*	2
787	31505	37	159	0	0	*	2
788	31545	38	161	0	0	*	2
789	31585	39	163	0	0	*	2
790	31625	40	166	0	0	*	2
791	31665	41	168	0	0	*	2
792	31705	42	170	0	0	*	2
793	31745	43	173	0	0	*	2
794	31785	44	175	0	0	*	2
795	31825	44	177	0	0	*	2
796	31865	45	179	0	0	*	2
797	31905	45	182	0	0	*	2
798	31945	46	184	0	0	*	2
799	31985	46	186	0	0	*	2
800	32025	47	189	0	0	*	2
801	32065	47	191	0	0	*	2
802	32105	48	193	0	0	*	2
803	32145	48	196	0	0	*	2
804	32185	49	198	0	0	*	2
805	32225	49	200	0	0	*	2
806	32265	49	203	0	0	*	2
807	32305	49	205	0	0	*	2
808	32345	50	207	0	0	*	2
809	32385	51	209	0	0	*	2
810	32425	51	211	0	0	*	2
811	32465	52	213	0	0	*	2
812	32505	53	216	0	0	*	2
813	32545	53	218	0	0	*	2
814	32585	54	219	0	0	*	2
815	32625	55	221	0	0	*	2
816	32665	57	222	0	0	*	2
817	32705	58	223	0	0	*	2
818	32745	60	224	0	0	*	2
819	32785	61	225	0	0	*	2
820	32825	62	226	0	0	*	2
821	32865	63	227	0	0	*	2
822	32905	65	229	0	0	*	2
823	32945	66	229	0	0	*	2
824	32985	67	230	0	0	*	2
825	33025	69	230	0	0	*	2
826	33065	71	231	0	0	*	2
827	33105	73	232	0	0	*	2
828	33145	74	232	0	0	*	2
829	33185	77	233	0	0	*	2
830	33225	78	233	0	0	*	2
831	33265	80	234	0	0	*	2
832	33305	82	234	0	0	*	2
833	33345	84	235	0	0	*	2
834	33385	85	236	0	0	*	2
835	33425	88	237	0	0	*	2
836	33465	89	239	0	0	*	2
837	33505	91	239	0	0	*	2
838	33545	92	240	0	0	*	2
839	33585	94	241	0	0	*	2
840	33625	95	242	0	0	*	2
841	33665	97	242	0	0	*	2
842	33705	99	242	0	0	*	2
843	33745	101	241	0	0	*	2
844	33785	102	241	0	0	*	2
845	33825	101	240	0	0	*	2
846	33865	103	240	0	0	*	2
847	33905	104	240	0	0	*	2
848	33945	106	240	0	0	*	2
849	33985	106	240	0	0	*	2
850	34025	108	240	0	0	*	2
851	34065	109	240	0	0	*	2
852	34105	111	240	0	0	*	2
853	34145	112	240	0	0	*	2
854	34185	114	240	0	0	*	2
855	34225	116	239	0	0	*	2
856	34265	117	239	0	0	*	2
857	34305	119	239	0	0	*	2
858	34345	121	238	0	0	*	2
859	34385	123	238	0	0	*	2
860	34425	125	238	0	0	*	2
861	34465	127	237	0	0	*	2
862	34505	129	236	0	0	*	2
863	34545	132	236	0	0	*	2
864	34585	134	235	0	0	*	2
865	34625	135	235	0	0	*	2
866	34665	138	235	0	0	*	2
867	34705	141	234	0	0	*	2
868	34745	143	233	0	0	*	2
869	34785	145	233	0	0	*	2
870	34825	147	233	0	0	*	2
871	34865	149	233	0	0	*	2
872	34905	151	233	0	0	*	2
873	34945	152	233	0	0	*	2
874	34985	154	234	0	0	*	2
875	35025	156	234	0	0	*	2
876	35065	158	235	0	0	*	2
877	35105	158	236	0	0	*	2
878	35145	160	236	0	0	*	2
879	35185	161	237	0	0	*	2
880	35225	163	237	0	0	*	2
881	35265	165	238	0	0	*	2
882	35305	167	238	0	0	*	2
883	35345	168	237	0	0	*	2
884	35385	169	237	0	0	*	2
885	35425	170	237	0	0	*	2
886	35465	171	237	0	0	*	2
887	35505	172	236	0	0	*	2
888	35545	173	236	0	0	*	2
889	35585	174	235	0	0	*	2
890	35625	175	235	0	0	*	2
891	35665	176	234	0	0	*	2
892	35705	178	233	0	0	*	2
893	35745	178	233	0	0	*	2
894	35785	179	233	0	0	*	2
895	35825	181	232	0	0	*	2
896	35865	182	232	0	0	*	2
897	35905	183	231	0	0	*	2
898	35945	185	229	0	0	*	2
899	35985	187	228	0	0	*	2
900	36025	188	227	0	0	*	2
901	36065	190	226	0	0	*	2
902	36105	191	224	0	0	*	2
903	36145	193	222	0	0	*	2
904	36185	194	220	0	0	*	2
905	36225	195	218	0	0	*	2
906	36265	196	216	0	0	*	2
907	36305	197	213	0	0	*	2
908	36345	198	212	0	0	*	2
909	36385	199	210	0	0	*	2
910	36425	200	208	0	0	*	2
911	36465	200	206	0	0	*	2
912	36505	201	204	0	0	*	2
913	36545	202	202	0	0	*	2
914	36585	202	200	0	0	*	2
915	36625	203	198	0	0	*	2
916	36665	203	195	0	0	*	2
917	36705	203	193	0	0	*	2
918	36745	203	191	0	0	*	2
919	36785	204	189	0	0	*	2
920	36825	204	187	0	0	*	2
921	36865	204	185	0	0	*	2
922	36905	204	183	0	0	*	2
923	36945	205	181	0	0	*	2
924	36985	205	179	0	0	*	2
925	37025	205	177	0	0	*	2
926	37065	205	174	0	0	*	2
927	37105	206	172	0	0	*	2
928	37145	206	169	0	0	*	2
929	37185	206	167	0	0	*	2
930	37225	207	165	0	0	*	2
931	37265	208	162	0	0	*	2
932	37305	208	160	0	0	*	2
933	37345	209	158	0	0	*	2
934	37385	210	156	0	0	*	2
935	37425	211	154	0	0	*	2
936	37465	211	152	0	0	*	2
937	37505	213	148	0	0	*	2
938	37545	213	147	0	0	*	2
939	37585	214	145	0	0	*	2
940	37625	216	143	0	0	*	2
941	37665	217	140	0	0	*	2
942	37705	220	135	0	0	*	2
943	37745	222	133	0	0	*	2
944	37785	221	134	0	0	*	2
945	37825	222	132	0	0	*	2
946	37865	224	130	0	0	*	2
947	37905	225	128	0	0	*	2
948	37945	229	123	0	0	*	2
949	37985	231	121	0	0	*	2
950	38025	232	119	0	0	*	2
951	38065	234	118	0	0	*	2
952	38105	235	116	0	0	*	2
953	38145	237	115	0	0	*	2
954	38185	236	116	0	0	*	2
955	38225	239	111	0	0	*	2
956	38265	241	109	0	0	*	2
957	38305	242	108	0	0	*	2
958	38345	243	108	0	0	*	2
959	38385	246	105	0	0	*	2
960	38425	246	103	0	0	*	2
961	38465	245	105	0	0	*	2
962	38505	245	104	0	0	*	2
963	38545	246	102	0	0	*	2
964	38585	246	100	0	0	*	2
965	38625	246	98	0	0	*	2
966	38665	246	95	0	0	*	2
967	38705	245	95	0	0	*	2
968	38745	244	95	0	0	*	2
969	38785	244	94	0	0	*	2
970	38825	243	94	0	0	*	2
971	38865	243	93	0	0	*	2
972	38905	242	93	0	0	*	2
973	38945	241	93	0	0	*	2
974	38985	241	92	0	0	*	2
975	39025	240	90	0	0	*	2
976	39065	239	88	0	0	*	2
977	39105	237	86	0	0	*	2
978	39145	236	84	0	0	*	2
979	39185	235	83	0	0	*	2
980	39225	234	80	0	0	*	2
981	39265	233	78	0	0	*	2
982	39305	232	76	0	0	*	2
983	39345	231	74	0	0	*	2
984	39385	230	73	0	0	*	2
985	39425	229	71	0	0	*	2
986	39465	228	70	0	0	*	2
987	39505	227	68	0	0	*	2
988	39545	225	66	0	0	*	2
989	39585	224	64	0	0	*	2
990	39625	223	62	0	0	*	2
991	39665	218	55	0	0	*	2
992	39705	220	58	0	0	*	2
993	39745	219	55	0	0	*	2
994	39785	218	53	0	0	*	2
995	39825	216	51	0	0	*	2
996	39865	215	49	0	0	*	2
997	39905	213	47	0	0	*	2
998	39945	212	45	0	0	*	2
999	39985	210	43	0	0	*	2
1000	40025	209	41	0	0	*	2
1001	40065	207	38	0	0	*	2
1002	40105	206	37	0	0	*	2
1003	40145	206	35	0	0	*	2
1004	40185	205	34	0	0	*	2
1005	40225	203	32	0	0	*	2
1006	40265	203	31	0	0	*	2
1007	40305	201	30	0	0	*	2
1008	40345	200	29	0	0	*	2
1009	40385	199	28	0	0	*	2
1010	40425	198	27	0	0	*	2
1011	40465	196	25	0	0	*	2
1012	40505	194	24	0	0	*	2
1013	40545	194	23	0	0	*	2
1014	40585	193	23	0	0	*	2
1015	40625	191	22	0	0	*	2
1016	40665	189	21	0	0	*	2
1017	40705	188	20	0	0	*	2
1018	40745	186	19	0	0	*	2
1019	40785	184	18	0	0	*	2
1020	40825	182	17	0	0	*	2
1021	40865	180	16	0	0	*	2
1022	40905	177	15	0	0	*	2
1023	40945	176	14	0	0	*	2
1024	40985	173	13	0	0	*	2
1025	41025	171	12	0	0	*	2
1026	41065	169	11	0	0	*	2
1027	41105	167	11	0	0	*	2
1028	41145	166	10	0	0	*	2
1029	41185	163	9	0	0	*	2
1030	41225	160	8	0	0	*	2
1031	41265	158	7	0	0	*	2
1032	41305	156	7	0	0	*	2
1033	41345	154	6	0	0	*	2
1034	41385	152	6	0	0	*	2
1035	41425	149	5	0	0	*	2
1036	41465	147	5	0	0	*	2
1037	41505	145	4	0	0	*	2
1038	41545	143	4	0	0	*	2
1039	41585	141	4	0	0	*	2
1040	41625	139	4	0	0	*	2
1041	41665	137	3	0	0	*	2
1042	41705	135	4	0	0	*	2
1043	41745	134	4	0	0	*	2
1044	41785	132	4	0	0	*	2
1045	41825	130	4	0	0	*	2
1046	41865	129	4	0	0	*	2
1047	41905	128	4	0	0	*	2
1048	41945	126	5	0	0	*	2
1049	41985	124	5	0	0	*	2
1050	42025	121	4	0	0	*	2
1051	42065	120	3	0	0	*	2
1052	42105	118	3	0	0	*	2
1053	42145	117	4	0	0	*	2
1054	42185	117	5	0	0	*	2
1055	42225	116	5	0	0	*	2
1056	42265	114	5	0	0	*	2
1057	42305	112	6	0	0	*	2
1058	42345	110	6	0	0	*	2
1059	42385	109	6	0	0	*	2
1060	42425	107	6	0	0	*	2
1061	42465	106	7	0	0	*	2
1062	42505	105	8	0	0	*	2
1063	42545	104	8	0	0	*	2
1064	42585	101	8	0	0	*	2
1065	42625	100	8	0	0	*	2
1066	42665	97	8	0	0	*	2
1067	42705	96	9	0	0	*	2
1068	42745	94	9	0	0	*	2
1069	42785	92	10	0	0	*	2
1070	42825	90	11	0	0	*	2
1071	42865	88	11	0	0	*	2
1072	42905	86	12	0	0	*	2
1073	42945	84	12	0	0	*	2
1074	42985	82	13	0	0	*	2
1075	43025	80	14	0	0	*	2
1076	43065	78	15	0	0	*	2
1077	43105	75	16	0	0	*	2
1078	43145	73	16	0	0	*	2
1079	43185	72	17	0	0	*	2
1080	43225	70	18	0	0	*	2
1081	43265	68	19	0	0	*	2
1082	43305	66	20	0	0	*	2
1083	43345	64	21	0	0	*	2
1084	43385	62	22	0	0	*	2
1085	43425	60	23	0	0	*	2
1086	43465	59	24	0	0	*	2
1087	43505	56	26	0	0	*	2
1088	43545	54	27	0	0	*	2
1089	43585	53	28	0	0	*	2
1090	43625	51	30	0	0	*	2
1091	43665	49	31	0	0	*	2
1092	43705	48	33	0	0	*	2
1093	43745	46	35	0	0	*	2
1094	43785	44	36	0	0	*	2
1095	43825	42	37	0	0	*	2
1096	43865	40	39	0	0	*	2
1097	43905	39	41	0	0	*	2
1098	43945	37	43	0	0	*	2
1099	43985	36	45	0	0	*	2
1100	44025	35	46	0	0	*	2
1101	44065	33	48	0	0	*	2
1102	44105	31	50	0	0	*	2
1103	44145	30	52	0	0	*	2
1104	44185	28	54	0	0	*	2
1105	44225	27	56	0	0	*	2
1106	44265	25	59	0	0	*	2
1107	44305	24	61	0	0	*	2
1108	44345	23	63	0	0	*	2
1109	44385	22	65	0	0	*	2
1110	44425	20	68	0	0	*	2
1111	44465	19	70	0	0	*	2
1112	44505	18	71	0	0	*	2
1113	44545	17	73	0	0	*	2
1114	44585	16	75	0	0	*	2
1115	44625	15	78	0	0	*	2
1116	44665	14	80	0	0	*	2
1117	44705	13	81	0	0	*	2
1118	44745	12	83	0	0	*	2
1119	44785	12	86	0	0	*	2
1120	44825	12	87	0	0	*	2
1121	44865	11	89	0	0	*	2
1122	44905	10	92	0	0	*	2
1123	44945	10	93	0	0	*	2
1124	44985	9	94	0	0	*	2
1125	45025	9	96	0	0	*	2
1126	45065	8	98	0	0	*	2
1127	45105	8	100	0	0	*	2
1128	45145	7	102	0	0	*	2
1129	45185	7	104	0	0	*	2
1130	45225	7	106	0	0	*	2
1131	45265	7	108	0	0	*	2
1132	45305	7	110	0	0	*	2
1133	45345	6	113	0	0	*	2
1134	45385	6	115	0	0	*	2
1135	45425	6	116	0	0	*	2
1136	45465	6	119	0	0	*	2
1137	45505	6	121	0	0	*	2
1138	45545	5	124	0	0	*	2
1139	45585	5	126	0	0	*	2
1140	45625	5	129	0	0	*	2
1141	45665	6	132	0	0	*	2
1142	45705	6	134	0	0	*	2
1143	45745	6	136	0	0	*	2
1144	45785	6	139	0	0	*	2
1145	45825	7	142	0	0	*	2
1146	45865	7	144	0	0	*	2
1147	45905	7	147	0	0	*	2
1148	45945	8	149	0	0	*	2
1149	45985	8	152	0	0	*	2
1150	46025	9	153	0	0	*	2
1151	46065	10	157	0	0	*	2
1152	46105	11	160	0	0	*	2
1153	46145	11	162	0	0	*	2
1154	46185	12	164	0	0	*	2
1155	46225	12	166	0	0	*	2
1156	46265	13	168	0	0	*	2
1157	46305	15	172	0	0	*	2
1158	46345	16	174	0	0	*	2
1159	46385	17	177	0	0	*	2
1160	46425	18	178	0	0	*	2
1161	46465	19	181	0	0	*	2
1162	46505	20	183	0	0	*	2
1163	46545	22	185	0	0	*	2
1164	46585	23	187	0	0	*	2
1165	46625	24	189	0	0	*	2
1166	46665	26	191	0	0	*	2
1167	46705	27	193	0	0	*	2
1168	46745	28	195	0	0	*	2
1169	46785	30	197	0	0	*	2
1170	46825	32	199	0	0	*	2
1171	46865	33	201	0	0	*	2
1172	46905	35	203	0	0	*	2
1173	46945	36	205	0	0	*	2
1174	46985	38	207	0	0	*	2
1175	47025	40	209	0	0	*	2
1176	47065	43	210	0	0	*	2
1177	47105	44	212	0	0	*	2
1178	47145	47	214	0	0	*	2
1179	47185	49	216	0	0	*	2
1180	47225	51	218	0	0	*	2
1181	47265	53	220	0	0	*	2
1182	47305	56	222	0	0	*	2
1183	47345	58	223	0	0	*	2
1184	47385	59	224	0	0	*	2
1185	47425	61	226	0	0	*	2
1186	47465	63	227	0	0	*	2
1187	47505	65	229	0	0	*	2
1188	47545	67	230	0	0	*	2
1189	47585	69	231	0	0	*	2
1190	47625	70	232	0	0	*	2
1191	47665	72	233	0	0	*	2
1192	47705	73	234	0	0	*	2
1193	47745	75	235	0	0	*	2
1194	47785	77	236	0	0	*	2
1195	47825	79	237	0	0	*	2
1196	47865	81	238	0	0	*	2
1197	47905	83	238	0	0	*	2
1198	47945	85	239	0	0	*	2
1199	47985	87	240	0	0	*	2
1200	48025	89	240	0	0	*	2
1201	48065	92	241	0	0	*	2
1202	48105	94	241	0	0	*	2
1203	48145	95	241	0	0	*	2
1204	48185	97	242	0	0	*	2
1205	48225	98	242	0	0	*	2
1206	48265	100	243	0	0	*	2
1207	48305	103	243	0	0	*	2
1208	48345	105	244	0	0	*	2
1209	48385	107	244	0	0	*	2
1210	48425	109	244	0	0	*	2
1211	48465	111	244	0	0	*	2
1212	48505	113	244	0	0	*	2
1213	48545	115	244	0	0	*	2
1214	48585	118	245	0	0	*	2
1215	48625	120	244	0	0	*	2
1216	48665	122	245	0	0	*	2
1217	48705	124	245	0	0	*	2
1218	48745	126	245	0	0	*	2
1219	48785	129	245	0	0	*	2
1220	48825	132	245	0	0	*	2
1221	48865	135	246	0	0	*	2
1222	48905	137	246	0	0	*	2
1223	48945	139	246	0	0	*	2
1224	48985	142	246	0	0	*	2
1225	49025	144	246	0	0	*	2
1226	49065	146	245	0	0	*	2
1227	49105	148	245	0	0	*	2
1228	49145	151	244	0	0	*	2
1229	49185	153	244	0	0	*	2
1230	49225	155	244	0	0	*	2
1231	49265	158	243	0	0	*	2
1232	49305	159	242	0	0	*	2
1233	49345	161	241	0	0	*	2
1234	49385	163	241	0	0	*	2
1235	49425	166	240	0	0	*	2
1236	49465	168	239	0	0	*	2
1237	49505	170	238	0	0	*	2
1238	49545	172	237	0	0	*	2
1239	49585	174	237	0	0	*	2
1240	49625	177	236	0	0	*	2
1241	49665	179	235	0	0	*	2
1242	49705	181	234	0	0	*	2
1243	49745	183	233	0	0	*	2
1244	49785	185	232	0	0	*	2
1245	49825	187	231	0	0	*	2
1246	49865	189	230	0	0	*	2
1247	49905	191	229	0	0	*	2
1248	49945	193	228	0	0	*	2
1249	49985	195	227	0	0	*	2
1250	50025	196	226	0	0	*	2
1251	50065	199	225	0	0	*	2
1252	50105	201	223	0	0	*	2
1253	50145	202	222	0	0	*	2
1254	50185	203	221	0	0	*	2
1255	50225	205	219	0	0	*	2
1256	50265	206	217	0	0	*	2
1257	50305	209	216	0	0	*	2
1258	50345	209	215	0	0	*	2
1259	50385	211	213	0	0	*	2
1260	50425	213	212	0	0	*	2
1261	50465	214	211	0	0	*	2
1262	50505	215	210	0	0	*	2
1263	50545	216	209	0	0	*	2
1264	50585	217	208	0	0	*	2
1265	50625	218	207	0	0	*	2
1266	50665	218	206	0	0	*	2
1267	50705	219	205	0	0	*	2
1268	50745	219	204	0	0	*	2
1269	50785	220	202	0	0	*	2
1270	50825	221	201	0	0	*	2
1271	50865	222	200	0	0	*	2
1272	50905	223	198	0	0	*	2
1273	50945	224	197	0	0	*	2
1274	50985	225	195	0	0	*	2
1275	51025	226	194	0	0	*	2
1276	51065	227	193	0	0	*	2
1277	51105	227	191	0	0	*	2
1278	51145	228	189	0	0	*	2
1279	51185	229	187	0	0	*	2
1280	51225	229	185	0	0	*	2
1281	51265	230	184	0	0	*	2
1282	51305	231	181	0	0	*	2
1283	51345	231	179	0	0	*	2
1284	51385	232	176	0	0	*	2
1285	51425	233	172	0	0	*	2
1286	51465	233	169	0	0	*	2
1287	51505	234	167	0	0	*	2
1288	51545	234	164	0	0	*	2
1289	51585	235	162	0	0	*	2
1290	51625	235	159	0	0	*	2
1291	51665	236	156	0	0	*	2
1292	51705	236	153	0	0	*	2
1293	51745	236	151	0	0	*	2
1294	51785	236	148	0	0	*	2
1295	51825	237	145	0	0	*	2
1296	51865	237	143	0	0	*	2
1297	51905	237	140	0	0	*	2
1298	51945	237	138	0	0	*	2
1299	51985	237	135	0	0	*	2
1300	52025	238	132	0	0	*	2
1301	52065	238	129	0	0	*	2
1302	52105	238	127	0	0	*	2
1303	52145	239	125	0	0	*	2
1304	52185	239	122	0	0	*	2
1305	52225	240	120	0	0	*	2
1306	52265	240	118	0	0	*	2
1307	52305	241	115	0	0	*	2
1308	52345	242	113	0	0	*	2
1309	52385	243	110	0	0	*	2
1310	52425	243	108	0	0	*	2
1311	52465	244	106	0	0	*	2
1312	52505	244	104	0	0	*	2
1313	52545	244	102	0	0	*	2
1314	52585	245	100	0	0	*	2
1315	52625	245	99	0	0	*	2
1316	52665	244	97	0	0	*	2
1317	52705	244	96	0	0	*	2
1318	52745	245	96	0	0	*	2
1319	52785	244	94	0	0	*	2
1320	52825	244	92	0	0	*	2
1321	52865	243	91	0	0	*	2
1322	52905	243	89	0	0	*	2
1323	52945	242	87	0	0	*	2
1324	52985	241	85	0	0	*	2
1325	53025	240	84	0	0	*	2
1326	53065	239	82	0	0	*	2
1327	53105	238	81	0	0	*	2
1328	53145	236	79	0	0	*	2
1329	53185	234	77	0	0	*	2
1330	53225	232	75	0	0	*	2
1331	53265	231	74	0	0	*	2
1332	53305	230	72	0	0	*	2
1333	53345	228	70	0	0	*	2
1334	53385	226	68	0	0	*	2
1335	53425	222	62	0	0	*	2
1336	53465	224	64	0	0	*	2
1337	53505	220	59	0	0	*	2
1338	53545	221	60	0	0	*	2
1339	53585	220	58	0	0	*	2
1340	53625	219	56	0	0	*	2
1341	53665	219	55	0	0	*	2
1342	53705	218	53	0	0	*	2
1343	53745	217	51	0	0	*	2
1344	53785	217	49	0	0	*	2
1345	53825	216	46	0	0	*	2
1346	53865	215	46	0	0	*	2
1347	53905	214	44	0	0	*	2
1348	53945	213	43	0	0	*	2
1349	53985	212	41	0	0	*	2
1350	54025	211	39	0	0	*	2
1351	54065	210	37	0	0	*	2
1352	54105	209	35	0	0	*	2
1353	54145	208	34	0	0	*	2
1354	54185	206	32	0	0	*	2
1355	54225	205	31	0	0	*	2
1356	54265	203	30	0	0	*	2
1357	54305	201	28	0	0	*	2
1358	54345	200	27	0	0	*	2
1359	54385	198	26	0	0	*	2
1360	54425	196	25	0	0	*	2
1361	54465	195	24	0	0	*	2
1362	54505	194	23	0	0	*	2
1363	54545	192	22	0	0	*	2
1364	54585	191	21	0	0	*	2
1365	54625	189	20	0	0	*	2
1366	54665	186	19	0	0	*	2
1367	54705	184	18	0	0	*	2
1368	54745	182	17	0	0	*	2
1369	54785	181	16	0	0	*	2
1370	54825	179	15	0	0	*	2
1371	54865	176	14	0	0	*	2
1372	54905	173	13	0	0	*	2
1373	54945	170	12	0	0	*	2
1374	54985	169	11	0	0	*	2
1375	55025	166	10	0	0	*	2
1376	55065	164	9	0	0	*	2
1377	55105	161	9	0	0	*	2
1378	55145	158	8	0	0	*	2
1379	55185	156	7	0	0	*	2
1380	55225	154	7	0	0	*	2
1381	55265	151	6	0	0	*	2
1382	55305	149	5	0	0	*	2
1383	55345	146	5	0	0	*	2
1384	55385	144	5	0	0	*	2
1385	55425	141	4	0	0	*	2
1386	55465	139	4	0	0	*	2
1387	55505	137	4	0	0	*	2
1388	55545	134	4	0	0	*	2
1389	55585	132	3	0	0	*	2
1390	55625	129	3	0	0	*	2
1391	55665	126	3	0	0	*	2
1392	55705	124	4	0	0	*	2
1393	55745	121	4	0	0	*	2
1394	55785	119	4	0	0	*	2
1395	55825	116	4	0	0	*	2
1396	55865	113	4	0	0	*	2
1397	55905	111	5	0	0	*	2
1398	55945	109	5	0	0	*	2
1399	55985	107	6	0	0	*	2
1400	56025	104	6	0	0	*	2
1401	56065	101	7	0	0	*	2
1402	56105	98	7	0	0	*	2
1403	56145	97	8	0	0	*	2
1404	56185	93	9	0	0	*	2
1405	56225	91	10	0	0	*	2
1406	56265	88	10	0	0	*	2
1407	56305	85	11	0	0	*	2
1408	56345	83	12	0	0	*	2
1409	56385	81	13	0	0	*	2
1410	56425	78	14	0	0	*	2
1411	56465	76	15	0	0	*	2
1412	56505	73	16	0	0	*	2
1413	56545	71	17	0	0	*	2
1414	56585	68	19	0	0	*	2
1415	56625	66	20	0	0	*	2
1416	56665	63	21	0	0	*	2
1417	56705	61	23	0	0	*	2
1418	56745	60	24	0	0	*	2
1419	56785	57	25	0	0	*	2
1420	56825	55	27	0	0	*	2
1421	56865	53	28	0	0	*	2
1422	56905	51	30	0	0	*	2
1423	56945	49	31	0	0	*	2
1424	56985	47	33	0	0	*	2
1425	57025	45	35	0	0	*	2
1426	57065	43	36	0	0	*	2
1427	57105	42	38	0	0	*	2
1428	57145	39	40	0	0	*	2
1429	57185	38	42	0	0	*	2
1430	57225	36	44	0	0	*	2
1431	57265	34	46	0	0	*	2
1432	57305	33	48	0	0	*	2
1433	57345	32	50	0	0	*	2
1434	57385	30	52	0	0	*	2
1435	57425	29	53	0	0	*	2
1436	57465	27	55	0	0	*	2
1437	57505	25	59	0	0	*	2
1438	57545	24	61	0	0	*	2
1439	57585	23	62	0	0	*	2
1440	57625	22	64	0	0	*	2
1441	57665	21	66	0	0	*	2
1442	57705	20	68	0	0	*	2
1443	57745	18	70	0	0	*	2
1444	57785	17	73	0	0	*	2
1445	57825	16	74	0	0	*	2
1446	57865	15	76	0	0	*	2
1447	57905	15	78	0	0	*	2
1448	57945	14	80	0	0	*	2
1449	57985	12	83	0	0	*	2
1450	58025	12	85	0	0	*	2
1451	58065	11	87	0	0	*	2
1452	58105	11	90	0	0	*	2
1453	58145	10	91	0	0	*	2
1454	58185	9	93	0	0	*	2
1455	58225	9	95	0	0	*	2
1456	58265	8	98	0	0	*	2
1457	58305	8	100	0	0	*	2
1458	58345	7	102	0	0	*	2
1459	58385	7	104	0	0	*	2
1460	58425	7	106	0	0	*	2
1461	58465	6	107	0	0	*	2
1462	58505	6	110	0	0	*	2
1463	58545	6	112	0	0	*	2
1464	58585	6	114	0	0	*	2
1465	58625	5	116	0	0	*	2
1466	58665	5	117	0	0	*	2
1467	58705	5	119	0	0	*	2
1468	58745	5	122	0	0	*	2
1469	58785	5	125	0	0	*	2
1470	58825	5	127	0	0	*	2
1471	58865	5	129	0	0	*	2
1472	58905	5	132	0	0	*	2
1473	58945	5	134	0	0	*	2
1474	58985	6	137	0	0	*	2
1475	59025	6	139	0	0	*	2
1476	59065	6	140	0	0	*	2
1477	59105	7	143	0	0	*	2
1478	59145	7	145	0	0	*	2
1479	59185	7	147	0	0	*	2
1480	59225	8	150	0	0	*	2
1481	59265	8	152	0	0	*	2
1482	59305	9	154	0	0	*	2
1483	59345	9	157	0	0	*	2
1484	59385	10	159	0	0	*	2
1485	59425	10	161	0	0	*	2
1486	59465	12	164	0	0	*	2
1487	59505	12	166	0	0	*	2
1488	59545	13	168	0	0	*	2
1489	59585	13	169	0	0	*	2
1490	59625	14	172	0	0	*	2
1491	59665	15	174	0	0	*	2
1492	59705	17	178	0	0	*	2
1493	59745	17	179	0	0	*	2
1494	59785	19	181	0	0	*	2
1495	59825	20	183	0	0	*	2
1496	59865	21	185	0	0	*	2
1497	59905	22	186	0	0	*	2
1498	59945	24	189	0	0	*	2
1499	59985	25	191	0	0	*	2
1500	60025	26	193	0	0	*	2
1501	60065	27	195	0	0	*	2
1502	60105	28	196	0	0	*	2
1503	60145	30	199	0	0	*	2
1504	60185	32	201	0	0	*	2
1505	60225	34	203	0	0	*	2
1506	60265	35	204	0	0	*	2
1507	60305	37	206	0	0	*	2
1508	60345	38	208	0	0	*	2
1509	60385	40	209	0	0	*	2
1510	60425	42	211	0	0	*	2
1511	60465	44	212	0	0	*	2
