%%BEGIN_HEADER
	%%BEGIN DATABASE_INFORMATION
		%Date.0 ( 13.9.2019 )
		%Time.0 ( 16:57 )
	%%END DATABASE_INFORMATION
	%%BEGIN SETUP_INFORMATION
		%TrackerVersion.0 ( Tracker version 2.38 release 12.8.2012 )
		%ElapsedTime_ms.0 ( 60407 )
		%Paradigm.0 ( PlacePreference )
		%FeederParameters.0 ( 1500 0 )
			// %FeederParameters.0 ( ENTRANCE_LATENCY EXIT_LATENCY )
		%ElapsedPath_m.0 ( 0.00 )
		%ArenaDiameter_m.0 ( 1.80 )
		%TrackerResolution_PixPerCM.0 ( 1.4222 )
		%ArenaCenterXY.0 ( 127.5 127.5 )
		%Frame.0 ( RoomFrame )
		%ReinforcedSector.0 ( 127.5000 38.2500 7 )
			//%ReinforcedSector.0 ( CENTER_X CENTER_Y RADIUS )
		%RoomTrackReinforcedSector.0 ( 127.5000 38.2500 7 )
			//%RoomTrackReinforcedSector.0 ( CENTER_X CENTER_Y RADIUS )
	%%END SETUP_INFORMATION
	%%BEGIN RECORD_FORMAT
		%Sample.0 ( FrameCount 1msTimeStamp RoomX RoomY Sectors State Flags FrameInfo )
			//Sectors indicate if the object is in a target. Number is binary coded. Sectors = 0: no target, Sectors = 1: room target, Sectors: = 2 arena target, Sectors: = 3 room and arena target
			////State indicates the Watermaze State: OutsideTarget = 0, EntranceLatency = 1, InsideTarget = 3, OutsideRefractory = 4, BadSpot = 5
			//FrameInfo indicates succesfuly tracked spots: ReferencePoint * 2^0 + Spot0 * 2^(1+0) + Spot1 * 2^(1+1) + Spot2 * 2^(1+2) .... 
	%%END RECORD_FORMAT
%%END_HEADER
1	46	118	239	0	0	*	2
2	86	117	239	0	0	*	2
3	126	117	238	0	0	*	2
4	166	117	236	0	0	*	2
5	206	10	109	0	0	*	2
6	246	119	234	0	0	*	2
7	286	119	235	0	0	*	2
8	326	119	234	0	0	*	2
9	366	119	233	0	0	*	2
10	406	118	232	0	0	*	2
11	446	118	232	0	0	*	2
12	486	119	232	0	0	*	2
13	526	120	231	0	0	*	2
14	566	120	230	0	0	*	2
15	606	121	229	0	0	*	2
16	646	121	228	0	0	*	2
17	686	121	227	0	0	*	2
18	726	121	225	0	0	*	2
19	766	121	225	0	0	*	2
20	806	122	224	0	0	*	2
21	846	122	223	0	0	*	2
22	886	123	221	0	0	*	2
23	926	123	220	0	0	*	2
24	966	127	213	0	0	*	2
25	1006	127	210	0	0	*	2
26	1046	128	208	0	0	*	2
27	1086	129	205	0	0	*	2
28	1126	130	203	0	0	*	2
29	1166	130	200	0	0	*	2
30	1206	131	197	0	0	*	2
31	1246	132	194	0	0	*	2
32	1286	133	191	0	0	*	2
33	1326	134	189	0	0	*	2
34	1366	134	185	0	0	*	2
35	1406	135	183	0	0	*	2
36	1446	135	180	0	0	*	2
37	1486	136	177	0	0	*	2
38	1526	137	174	0	0	*	2
39	1566	138	171	0	0	*	2
40	1606	138	168	0	0	*	2
41	1646	139	165	0	0	*	2
42	1686	139	162	0	0	*	2
43	1726	140	159	0	0	*	2
44	1766	140	156	0	0	*	2
45	1806	141	152	0	0	*	2
46	1846	141	149	0	0	*	2
47	1886	142	146	0	0	*	2
48	1926	142	143	0	0	*	2
49	1966	142	140	0	0	*	2
50	2006	143	137	0	0	*	2
51	2046	143	134	0	0	*	2
52	2086	144	131	0	0	*	2
53	2126	144	127	0	0	*	2
54	2166	145	124	0	0	*	2
55	2206	145	121	0	0	*	2
56	2246	146	118	0	0	*	2
57	2286	146	115	0	0	*	2
58	2326	147	112	0	0	*	2
59	2366	147	109	0	0	*	2
60	2406	148	108	0	0	*	2
61	2446	148	103	0	0	*	2
62	2486	149	100	0	0	*	2
63	2526	148	103	0	0	*	2
64	2566	150	94	0	0	*	2
65	2606	151	91	0	0	*	2
66	2646	152	88	0	0	*	2
67	2686	152	87	0	0	*	2
68	2726	153	84	0	0	*	2
69	2766	154	82	0	0	*	2
70	2806	153	83	0	0	*	2
71	2846	155	76	0	0	*	2
72	2886	156	71	0	0	*	2
73	2926	156	70	0	0	*	2
74	2966	157	68	0	0	*	2
75	3006	158	65	0	0	*	2
76	3046	157	67	0	0	*	2
77	3086	158	60	0	0	*	2
78	3126	158	57	0	0	*	2
79	3166	158	59	0	0	*	2
80	3206	159	52	0	0	*	2
81	3246	159	55	0	0	*	2
82	3286	159	52	0	0	*	2
83	3326	159	50	0	0	*	2
84	3366	159	48	0	0	*	2
85	3406	159	46	0	0	*	2
86	3446	160	39	0	0	*	2
87	3486	160	35	0	0	*	2
88	3526	161	34	0	0	*	2
89	3566	161	32	0	0	*	2
90	3606	162	31	0	0	*	2
91	3646	162	34	0	0	*	2
92	3686	163	26	0	0	*	2
93	3726	162	24	0	0	*	2
94	3766	161	23	0	0	*	2
95	3806	161	22	0	0	*	2
96	3846	160	21	0	0	*	2
97	3886	161	23	0	0	*	2
98	3926	159	20	0	0	*	2
99	3966	159	20	0	0	*	2
100	4006	158	20	0	0	*	2
101	4046	158	17	0	0	*	2
102	4086	157	16	0	0	*	2
103	4126	154	12	0	0	*	2
104	4166	155	13	0	0	*	2
105	4206	154	12	0	0	*	2
106	4246	154	13	0	0	*	2
107	4286	153	11	0	0	*	2
108	4326	153	11	0	0	*	2
109	4366	150	9	0	0	*	2
110	4406	151	10	0	0	*	2
111	4446	150	9	0	0	*	2
112	4486	149	9	0	0	*	2
113	4526	148	8	0	0	*	2
114	4566	147	8	0	0	*	2
115	4606	146	8	0	0	*	2
116	4646	145	8	0	0	*	2
117	4686	144	8	0	0	*	2
118	4726	143	7	0	0	*	2
119	4766	141	6	0	0	*	2
120	4806	139	6	0	0	*	2
121	4846	136	5	0	0	*	2
122	4886	136	5	0	0	*	2
123	4926	134	5	0	0	*	2
124	4966	132	6	0	0	*	2
125	5006	132	6	0	0	*	2
126	5046	130	7	0	0	*	2
127	5086	128	7	0	0	*	2
128	5126	126	7	0	0	*	2
129	5166	115	11	0	0	*	2
130	5206	120	9	0	0	*	2
131	5246	117	10	0	0	*	2
132	5286	115	11	0	0	*	2
133	5326	112	12	0	0	*	2
134	5366	109	12	0	0	*	2
135	5406	107	13	0	0	*	2
136	5446	104	14	0	0	*	2
137	5486	101	15	0	0	*	2
138	5526	99	16	0	0	*	2
139	5566	97	17	0	0	*	2
140	5606	94	18	0	0	*	2
141	5646	92	19	0	0	*	2
142	5686	88	20	0	0	*	2
143	5726	85	21	0	0	*	2
144	5766	83	22	0	0	*	2
145	5806	81	23	0	0	*	2
146	5846	78	24	0	0	*	2
147	5886	76	25	0	0	*	2
148	5926	73	26	0	0	*	2
149	5966	70	27	0	0	*	2
150	6006	68	29	0	0	*	2
151	6046	66	30	0	0	*	2
152	6086	63	31	0	0	*	2
153	6126	61	32	0	0	*	2
154	6166	59	34	0	0	*	2
155	6206	56	35	0	0	*	2
156	6246	54	36	0	0	*	2
157	6286	52	38	0	0	*	2
158	6326	50	39	0	0	*	2
159	6366	48	40	0	0	*	2
160	6406	46	42	0	0	*	2
161	6446	41	43	0	0	*	2
162	6486	39	45	0	0	*	2
163	6526	37	46	0	0	*	2
164	6566	36	47	0	0	*	2
165	6606	34	49	0	0	*	2
166	6646	32	51	0	0	*	2
167	6686	31	52	0	0	*	2
168	6726	30	54	0	0	*	2
169	6766	28	55	0	0	*	2
170	6806	27	57	0	0	*	2
171	6846	26	59	0	0	*	2
172	6886	25	60	0	0	*	2
173	6926	24	63	0	0	*	2
174	6966	22	65	0	0	*	2
175	7006	20	67	0	0	*	2
176	7046	19	69	0	0	*	2
177	7086	18	71	0	0	*	2
178	7126	18	73	0	0	*	2
179	7166	17	76	0	0	*	2
180	7206	16	77	0	0	*	2
181	7246	15	81	0	0	*	2
182	7286	14	83	0	0	*	2
183	7326	14	84	0	0	*	2
184	7366	14	86	0	0	*	2
185	7406	13	88	0	0	*	2
186	7446	12	91	0	0	*	2
187	7486	11	93	0	0	*	2
188	7526	11	96	0	0	*	2
189	7566	10	98	0	0	*	2
190	7606	10	100	0	0	*	2
191	7646	9	102	0	0	*	2
192	7686	9	105	0	0	*	2
193	7726	8	107	0	0	*	2
194	7766	8	109	0	0	*	2
195	7806	7	111	0	0	*	2
196	7846	7	113	0	0	*	2
197	7886	7	116	0	0	*	2
198	7926	6	118	0	0	*	2
199	7966	6	120	0	0	*	2
200	8006	6	121	0	0	*	2
201	8046	6	124	0	0	*	2
202	8086	5	126	0	0	*	2
203	8126	5	127	0	0	*	2
204	8166	5	129	0	0	*	2
205	8206	5	132	0	0	*	2
206	8246	5	134	0	0	*	2
207	8286	5	136	0	0	*	2
208	8326	5	139	0	0	*	2
209	8366	6	140	0	0	*	2
210	8406	6	142	0	0	*	2
211	8446	6	144	0	0	*	2
212	8486	7	146	0	0	*	2
213	8526	7	148	0	0	*	2
214	8566	8	150	0	0	*	2
215	8606	8	152	0	0	*	2
216	8646	8	153	0	0	*	2
217	8686	9	155	0	0	*	2
218	8726	10	157	0	0	*	2
219	8766	10	159	0	0	*	2
220	8806	11	162	0	0	*	2
221	8846	12	163	0	0	*	2
222	8886	12	165	0	0	*	2
223	8926	13	165	0	0	*	2
224	8966	14	167	0	0	*	2
225	9006	15	170	0	0	*	2
226	9046	16	171	0	0	*	2
227	9086	17	174	0	0	*	2
228	9126	18	176	0	0	*	2
229	9166	19	178	0	0	*	2
230	9206	20	179	0	0	*	2
231	9246	21	182	0	0	*	2
232	9286	22	183	0	0	*	2
233	9326	22	184	0	0	*	2
234	9366	22	184	0	0	*	2
235	9406	23	185	0	0	*	2
236	9446	24	186	0	0	*	2
237	9486	24	186	0	0	*	2
238	9526	25	186	0	0	*	2
239	9566	25	186	0	0	*	2
240	9606	26	186	0	0	*	2
241	9646	27	187	0	0	*	2
242	9686	27	188	0	0	*	2
243	9726	26	188	0	0	*	2
244	9766	26	189	0	0	*	2
245	9806	27	188	0	0	*	2
246	9846	27	188	0	0	*	2
247	9886	28	188	0	0	*	2
248	9926	27	187	0	0	*	2
249	9966	28	186	0	0	*	2
250	10006	28	185	0	0	*	2
251	10046	28	185	0	0	*	2
252	10086	29	184	0	0	*	2
253	10126	29	183	0	0	*	2
254	10166	28	181	0	0	*	2
255	10206	29	181	0	0	*	2
256	10246	30	179	0	0	*	2
257	10286	30	178	0	0	*	2
258	10326	30	177	0	0	*	2
259	10366	31	175	0	0	*	2
260	10406	32	174	0	0	*	2
261	10446	32	173	0	0	*	2
262	10486	33	172	0	0	*	2
263	10526	33	172	0	0	*	2
264	10566	33	171	0	0	*	2
265	10606	34	169	0	0	*	2
266	10646	34	168	0	0	*	2
267	10686	35	166	0	0	*	2
268	10726	35	165	0	0	*	2
269	10766	36	163	0	0	*	2
270	10806	36	161	0	0	*	2
271	10846	37	159	0	0	*	2
272	10886	38	157	0	0	*	2
273	10926	39	155	0	0	*	2
274	10966	40	154	0	0	*	2
275	11006	41	152	0	0	*	2
276	11046	43	149	0	0	*	2
277	11086	44	147	0	0	*	2
278	11126	46	145	0	0	*	2
279	11166	47	144	0	0	*	2
280	11206	49	142	0	0	*	2
281	11246	51	140	0	0	*	2
282	11286	52	139	0	0	*	2
283	11326	54	137	0	0	*	2
284	11366	56	136	0	0	*	2
285	11406	58	134	0	0	*	2
286	11446	61	133	0	0	*	2
287	11486	63	131	0	0	*	2
288	11526	65	130	0	0	*	2
289	11566	67	129	0	0	*	2
290	11606	69	128	0	0	*	2
291	11646	73	127	0	0	*	2
292	11686	75	126	0	0	*	2
293	11726	78	125	0	0	*	2
294	11766	83	124	0	0	*	2
295	11806	83	124	0	0	*	2
296	11846	85	123	0	0	*	2
297	11886	94	122	0	0	*	2
298	11926	96	121	0	0	*	2
299	11966	94	122	0	0	*	2
300	12006	97	121	0	0	*	2
301	12046	104	120	0	0	*	2
302	12086	107	119	0	0	*	2
303	12126	109	119	0	0	*	2
304	12166	112	119	0	0	*	2
305	12206	114	119	0	0	*	2
306	12246	116	119	0	0	*	2
307	12286	120	118	0	0	*	2
308	12326	119	118	0	0	*	2
309	12366	121	118	0	0	*	2
310	12406	122	118	0	0	*	2
311	12446	127	119	0	0	*	2
312	12486	131	119	0	0	*	2
313	12526	134	119	0	0	*	2
314	12566	134	119	0	0	*	2
315	12606	141	119	0	0	*	2
316	12646	139	119	0	0	*	2
317	12686	142	120	0	0	*	2
318	12726	146	120	0	0	*	2
319	12766	146	120	0	0	*	2
320	12806	148	121	0	0	*	2
321	12846	151	121	0	0	*	2
322	12886	154	121	0	0	*	2
323	12926	156	122	0	0	*	2
324	12966	158	122	0	0	*	2
325	13006	160	123	0	0	*	2
326	13046	163	123	0	0	*	2
327	13086	165	124	0	0	*	2
328	13126	167	124	0	0	*	2
329	13166	170	125	0	0	*	2
330	13206	172	125	0	0	*	2
331	13246	175	126	0	0	*	2
332	13286	177	127	0	0	*	2
333	13326	178	127	0	0	*	2
334	13366	181	127	0	0	*	2
335	13406	182	128	0	0	*	2
336	13446	184	129	0	0	*	2
337	13486	187	130	0	0	*	2
338	13526	190	131	0	0	*	2
339	13566	192	132	0	0	*	2
340	13606	194	133	0	0	*	2
341	13646	195	134	0	0	*	2
342	13686	197	134	0	0	*	2
343	13726	199	136	0	0	*	2
344	13766	204	139	0	0	*	2
345	13806	203	139	0	0	*	2
346	13846	205	141	0	0	*	2
347	13886	206	142	0	0	*	2
348	13926	207	144	0	0	*	2
349	13966	209	147	0	0	*	2
350	14006	209	149	0	0	*	2
351	14046	210	151	0	0	*	2
352	14086	210	150	0	0	*	2
353	14126	211	152	0	0	*	2
354	14166	211	155	0	0	*	2
355	14206	212	156	0	0	*	2
356	14246	212	160	0	0	*	2
357	14286	212	162	0	0	*	2
358	14326	212	163	0	0	*	2
359	14366	212	162	0	0	*	2
360	14406	212	164	0	0	*	2
361	14446	212	166	0	0	*	2
362	14486	211	169	0	0	*	2
363	14526	210	172	0	0	*	2
364	14566	210	172	0	0	*	2
365	14606	210	173	0	0	*	2
366	14646	209	175	0	0	*	2
367	14686	207	180	0	0	*	2
368	14726	208	179	0	0	*	2
369	14766	207	181	0	0	*	2
370	14806	206	183	0	0	*	2
371	14846	205	185	0	0	*	2
372	14886	204	186	0	0	*	2
373	14926	201	191	0	0	*	2
374	14966	202	190	0	0	*	2
375	15006	198	195	0	0	*	2
376	15046	196	197	0	0	*	2
377	15086	198	195	0	0	*	2
378	15126	197	197	0	0	*	2
379	15166	195	198	0	0	*	2
380	15206	194	200	0	0	*	2
381	15246	192	201	0	0	*	2
382	15286	190	203	0	0	*	2
383	15326	189	204	0	0	*	2
384	15366	187	206	0	0	*	2
385	15406	185	207	0	0	*	2
386	15446	183	209	0	0	*	2
387	15486	182	209	0	0	*	2
388	15526	181	211	0	0	*	2
389	15566	178	213	0	0	*	2
390	15606	177	214	0	0	*	2
391	15646	176	216	0	0	*	2
392	15686	175	218	0	0	*	2
393	15726	174	219	0	0	*	2
394	15766	173	221	0	0	*	2
395	15806	172	223	0	0	*	2
396	15846	171	224	0	0	*	2
397	15886	171	225	0	0	*	2
398	15926	170	226	0	0	*	2
399	15966	170	227	0	0	*	2
400	16006	170	228	0	0	*	2
401	16046	170	229	0	0	*	2
402	16086	170	231	0	0	*	2
403	16126	170	231	0	0	*	2
404	16166	170	232	0	0	*	2
405	16206	170	232	0	0	*	2
406	16246	170	233	0	0	*	2
407	16286	170	233	0	0	*	2
408	16326	170	234	0	0	*	2
409	16366	170	234	0	0	*	2
410	16406	170	235	0	0	*	2
411	16446	170	235	0	0	*	2
412	16486	170	235	0	0	*	2
413	16526	170	236	0	0	*	2
414	16566	169	236	0	0	*	2
415	16606	169	236	0	0	*	2
416	16646	169	236	0	0	*	2
417	16686	169	236	0	0	*	2
418	16726	169	236	0	0	*	2
419	16766	168	236	0	0	*	2
420	16806	168	236	0	0	*	2
421	16846	167	235	0	0	*	2
422	16886	167	235	0	0	*	2
423	16926	166	235	0	0	*	2
424	16966	166	235	0	0	*	2
425	17006	165	235	0	0	*	2
426	17046	164	235	0	0	*	2
427	17086	163	235	0	0	*	2
428	17126	163	235	0	0	*	2
429	17166	162	235	0	0	*	2
430	17206	161	235	0	0	*	2
431	17246	159	235	0	0	*	2
432	17286	158	235	0	0	*	2
433	17326	158	234	0	0	*	2
434	17366	157	234	0	0	*	2
435	17406	156	234	0	0	*	2
436	17446	154	235	0	0	*	2
437	17486	148	235	0	0	*	2
438	17526	151	234	0	0	*	2
439	17566	150	234	0	0	*	2
440	17606	148	234	0	0	*	2
441	17646	140	236	0	0	*	2
442	17686	138	236	0	0	*	2
443	17726	135	236	0	0	*	2
444	17766	140	235	0	0	*	2
445	17806	138	235	0	0	*	2
446	17846	136	236	0	0	*	2
447	17886	125	236	0	0	*	2
448	17926	122	236	0	0	*	2
449	17966	120	236	0	0	*	2
450	18006	117	237	0	0	*	2
451	18046	114	238	0	0	*	2
452	18086	112	239	0	0	*	2
453	18126	115	238	0	0	*	2
454	18166	112	238	0	0	*	2
455	18206	110	239	0	0	*	2
456	18246	108	240	0	0	*	2
457	18286	106	240	0	0	*	2
458	18326	104	241	0	0	*	2
459	18366	102	241	0	0	*	2
460	18406	101	241	0	0	*	2
461	18446	99	241	0	0	*	2
462	18486	97	241	0	0	*	2
463	18526	95	241	0	0	*	2
464	18566	93	240	0	0	*	2
465	18606	92	240	0	0	*	2
466	18646	90	240	0	0	*	2
467	18686	88	239	0	0	*	2
468	18726	88	238	0	0	*	2
469	18766	88	238	0	0	*	2
470	18806	88	237	0	0	*	2
471	18846	87	236	0	0	*	2
472	18886	86	235	0	0	*	2
473	18926	85	235	0	0	*	2
474	18966	84	234	0	0	*	2
475	19006	83	234	0	0	*	2
476	19046	82	233	0	0	*	2
477	19086	81	233	0	0	*	2
478	19126	80	232	0	0	*	2
479	19166	79	231	0	0	*	2
480	19206	77	230	0	0	*	2
481	19246	76	229	0	0	*	2
482	19286	75	228	0	0	*	2
483	19326	73	227	0	0	*	2
484	19366	73	225	0	0	*	2
485	19406	71	224	0	0	*	2
486	19446	69	222	0	0	*	2
487	19486	68	221	0	0	*	2
488	19526	66	219	0	0	*	2
489	19566	65	218	0	0	*	2
490	19606	63	216	0	0	*	2
491	19646	62	214	0	0	*	2
492	19686	61	212	0	0	*	2
493	19726	60	211	0	0	*	2
494	19766	58	209	0	0	*	2
495	19806	57	208	0	0	*	2
496	19846	55	205	0	0	*	2
497	19886	54	203	0	0	*	2
498	19926	53	201	0	0	*	2
499	19966	52	200	0	0	*	2
500	20006	50	199	0	0	*	2
501	20046	49	197	0	0	*	2
502	20086	48	195	0	0	*	2
503	20126	47	192	0	0	*	2
504	20166	45	190	0	0	*	2
505	20206	44	188	0	0	*	2
506	20246	43	186	0	0	*	2
507	20286	42	185	0	0	*	2
508	20326	41	182	0	0	*	2
509	20366	40	180	0	0	*	2
510	20406	38	178	0	0	*	2
511	20446	37	176	0	0	*	2
512	20486	36	174	0	0	*	2
513	20526	35	172	0	0	*	2
514	20566	34	170	0	0	*	2
515	20606	33	168	0	0	*	2
516	20646	31	165	0	0	*	2
517	20686	30	164	0	0	*	2
518	20726	29	162	0	0	*	2
519	20766	27	160	0	0	*	2
520	20806	26	158	0	0	*	2
521	20846	25	156	0	0	*	2
522	20886	24	154	0	0	*	2
523	20926	23	152	0	0	*	2
524	20966	22	151	0	0	*	2
525	21006	21	149	0	0	*	2
526	21046	19	147	0	0	*	2
527	21086	18	145	0	0	*	2
528	21126	17	143	0	0	*	2
529	21166	15	141	0	0	*	2
530	21206	13	139	0	0	*	2
531	21246	12	138	0	0	*	2
532	21286	11	136	0	0	*	2
533	21326	10	135	0	0	*	2
534	21366	10	133	0	0	*	2
535	21406	9	131	0	0	*	2
536	21446	8	129	0	0	*	2
537	21486	8	128	0	0	*	2
538	21526	8	126	0	0	*	2
539	21566	7	125	0	0	*	2
540	21606	7	124	0	0	*	2
541	21646	7	122	0	0	*	2
542	21686	7	120	0	0	*	2
543	21726	7	119	0	0	*	2
544	21766	7	119	0	0	*	2
545	21806	7	116	0	0	*	2
546	21846	7	115	0	0	*	2
547	21886	8	113	0	0	*	2
548	21926	8	111	0	0	*	2
549	21966	8	110	0	0	*	2
550	22006	9	107	0	0	*	2
551	22046	9	106	0	0	*	2
552	22086	10	105	0	0	*	2
553	22126	11	103	0	0	*	2
554	22166	12	101	0	0	*	2
555	22206	12	101	0	0	*	2
556	22246	12	99	0	0	*	2
557	22286	13	98	0	0	*	2
558	22326	15	96	0	0	*	2
559	22366	16	94	0	0	*	2
560	22406	16	93	0	0	*	2
561	22446	17	93	0	0	*	2
562	22486	19	91	0	0	*	2
563	22526	22	89	0	0	*	2
564	22566	24	86	0	0	*	2
565	22606	26	85	0	0	*	2
566	22646	28	83	0	0	*	2
567	22686	29	82	0	0	*	2
568	22726	32	80	0	0	*	2
569	22766	35	79	0	0	*	2
570	22806	37	77	0	0	*	2
571	22846	39	76	0	0	*	2
572	22886	41	75	0	0	*	2
573	22926	43	74	0	0	*	2
574	22966	46	72	0	0	*	2
575	23006	49	71	0	0	*	2
576	23046	50	70	0	0	*	2
577	23086	52	69	0	0	*	2
578	23126	54	68	0	0	*	2
579	23166	56	67	0	0	*	2
580	23206	59	66	0	0	*	2
581	23246	61	64	0	0	*	2
582	23286	63	63	0	0	*	2
583	23326	65	62	0	0	*	2
584	23366	67	60	0	0	*	2
585	23406	69	59	0	0	*	2
586	23446	71	58	0	0	*	2
587	23486	73	56	0	0	*	2
588	23526	76	54	0	0	*	2
589	23566	78	53	0	0	*	2
590	23606	79	51	0	0	*	2
591	23646	81	49	0	0	*	2
592	23686	83	47	0	0	*	2
593	23726	85	46	0	0	*	2
594	23766	87	43	0	0	*	2
595	23806	88	42	0	0	*	2
596	23846	93	36	0	0	*	2
597	23886	91	38	0	0	*	2
598	23926	93	36	0	0	*	2
599	23966	95	33	0	0	*	2
600	24006	96	31	0	0	*	2
601	24046	99	25	0	0	*	2
602	24086	99	26	0	0	*	2
603	24126	100	24	0	0	*	2
604	24166	100	24	0	0	*	2
605	24206	101	23	0	0	*	2
606	24246	102	22	0	0	*	2
607	24286	105	19	0	0	*	2
608	24326	105	19	0	0	*	2
609	24366	106	18	0	0	*	2
610	24406	107	16	0	0	*	2
611	24446	108	15	0	0	*	2
612	24486	109	14	0	0	*	2
613	24526	111	13	0	0	*	2
614	24566	112	12	0	0	*	2
615	24606	113	11	0	0	*	2
616	24646	114	11	0	0	*	2
617	24686	116	10	0	0	*	2
618	24726	117	10	0	0	*	2
619	24766	119	9	0	0	*	2
620	24806	120	9	0	0	*	2
621	24846	121	9	0	0	*	2
622	24887	122	9	0	0	*	2
623	24927	123	9	0	0	*	2
624	24967	125	9	0	0	*	2
625	25007	127	9	0	0	*	2
626	25047	128	10	0	0	*	2
627	25086	130	10	0	0	*	2
628	25127	131	11	0	0	*	2
629	25167	132	11	0	0	*	2
630	25207	135	13	0	0	*	2
631	25247	136	14	0	0	*	2
632	25287	138	15	0	0	*	2
633	25327	140	16	0	0	*	2
634	25367	141	18	0	0	*	2
635	25407	144	20	0	0	*	2
636	25447	145	21	0	0	*	2
637	25487	147	23	0	0	*	2
638	25527	148	23	0	0	*	2
639	25567	154	30	0	0	*	2
640	25607	151	27	0	0	*	2
641	25647	153	29	0	0	*	2
642	25687	154	30	0	0	*	2
643	25727	159	37	0	0	*	2
644	25767	161	38	0	0	*	2
645	25807	159	36	0	0	*	2
646	25847	160	37	0	0	*	2
647	25887	163	40	0	0	*	2
648	25927	164	42	0	0	*	2
649	25967	169	47	0	0	*	2
650	26007	171	49	0	0	*	2
651	26047	172	51	0	0	*	2
652	26087	170	48	0	0	*	2
653	26127	173	52	0	0	*	2
654	26167	177	57	0	0	*	2
655	26207	179	59	0	0	*	2
656	26247	181	61	0	0	*	2
657	26287	182	62	0	0	*	2
658	26327	181	60	0	0	*	2
659	26367	183	63	0	0	*	2
660	26407	187	68	0	0	*	2
661	26447	189	70	0	0	*	2
662	26487	191	72	0	0	*	2
663	26527	193	73	0	0	*	2
664	26567	194	75	0	0	*	2
665	26607	196	77	0	0	*	2
666	26647	198	79	0	0	*	2
667	26687	200	80	0	0	*	2
668	26727	202	82	0	0	*	2
669	26767	204	84	0	0	*	2
670	26807	203	84	0	0	*	2
671	26847	206	88	0	0	*	2
672	26887	208	90	0	0	*	2
673	26927	209	91	0	0	*	2
674	26967	210	93	0	0	*	2
675	27007	212	94	0	0	*	2
676	27047	210	93	0	0	*	2
677	27087	213	96	0	0	*	2
678	27127	216	101	0	0	*	2
679	27167	216	102	0	0	*	2
680	27207	218	104	0	0	*	2
681	27247	218	106	0	0	*	2
682	27287	217	104	0	0	*	2
683	27327	219	109	0	0	*	2
684	27367	219	113	0	0	*	2
685	27407	219	115	0	0	*	2
686	27447	220	116	0	0	*	2
687	27487	220	118	0	0	*	2
688	27527	221	121	0	0	*	2
689	27567	221	118	0	0	*	2
690	27607	221	125	0	0	*	2
691	27647	222	127	0	0	*	2
692	27687	222	129	0	0	*	2
693	27727	222	127	0	0	*	2
694	27767	223	134	0	0	*	2
695	27807	223	132	0	0	*	2
696	27847	224	137	0	0	*	2
697	27887	224	141	0	0	*	2
698	27927	224	139	0	0	*	2
699	27967	225	142	0	0	*	2
700	28007	224	141	0	0	*	2
701	28047	225	143	0	0	*	2
702	28087	225	146	0	0	*	2
703	28127	225	149	0	0	*	2
704	28167	225	151	0	0	*	2
705	28207	226	153	0	0	*	2
706	28247	226	155	0	0	*	2
707	28287	226	157	0	0	*	2
708	28327	226	159	0	0	*	2
709	28367	227	162	0	0	*	2
710	28407	227	164	0	0	*	2
711	28447	227	167	0	0	*	2
712	28487	227	168	0	0	*	2
713	28527	227	171	0	0	*	2
714	28567	227	173	0	0	*	2
715	28607	226	175	0	0	*	2
716	28647	226	177	0	0	*	2
717	28687	226	179	0	0	*	2
718	28727	225	181	0	0	*	2
719	28767	225	183	0	0	*	2
720	28807	224	185	0	0	*	2
721	28847	223	186	0	0	*	2
722	28887	222	188	0	0	*	2
723	28927	221	190	0	0	*	2
724	28967	220	192	0	0	*	2
725	29007	219	193	0	0	*	2
726	29047	219	194	0	0	*	2
727	29087	218	195	0	0	*	2
728	29127	216	197	0	0	*	2
729	29167	215	199	0	0	*	2
730	29207	213	200	0	0	*	2
731	29247	212	201	0	0	*	2
732	29287	210	203	0	0	*	2
733	29327	209	204	0	0	*	2
734	29367	207	205	0	0	*	2
735	29407	206	207	0	0	*	2
736	29447	204	208	0	0	*	2
737	29487	202	209	0	0	*	2
738	29527	201	210	0	0	*	2
739	29567	200	211	0	0	*	2
740	29607	198	213	0	0	*	2
741	29647	196	215	0	0	*	2
742	29687	194	216	0	0	*	2
743	29727	193	217	0	0	*	2
744	29767	192	218	0	0	*	2
745	29807	191	220	0	0	*	2
746	29847	189	221	0	0	*	2
747	29887	188	222	0	0	*	2
748	29927	187	223	0	0	*	2
749	29967	185	223	0	0	*	2
750	30007	184	224	0	0	*	2
751	30047	182	225	0	0	*	2
752	30087	181	225	0	0	*	2
753	30127	179	226	0	0	*	2
754	30167	178	226	0	0	*	2
755	30207	177	227	0	0	*	2
756	30247	174	227	0	0	*	2
757	30287	172	227	0	0	*	2
758	30327	170	227	0	0	*	2
759	30367	168	227	0	0	*	2
760	30407	166	227	0	0	*	2
761	30447	164	227	0	0	*	2
762	30487	161	227	0	0	*	2
763	30527	159	228	0	0	*	2
764	30567	157	228	0	0	*	2
765	30607	155	228	0	0	*	2
766	30647	153	228	0	0	*	2
767	30687	151	228	0	0	*	2
768	30727	149	228	0	0	*	2
769	30767	147	228	0	0	*	2
770	30807	145	228	0	0	*	2
771	30847	143	228	0	0	*	2
772	30887	140	228	0	0	*	2
773	30927	131	228	0	0	*	2
774	30967	128	228	0	0	*	2
775	31007	126	228	0	0	*	2
776	31047	123	228	0	0	*	2
777	31087	128	228	0	0	*	2
778	31127	118	228	0	0	*	2
779	31167	115	229	0	0	*	2
780	31207	112	229	0	0	*	2
781	31247	110	229	0	0	*	2
782	31287	115	228	0	0	*	2
783	31327	112	229	0	0	*	2
784	31367	109	229	0	0	*	2
785	31407	106	229	0	0	*	2
786	31447	104	229	0	0	*	2
787	31487	101	229	0	0	*	2
788	31527	100	229	0	0	*	2
789	31567	97	230	0	0	*	2
790	31607	95	230	0	0	*	2
791	31647	93	230	0	0	*	2
792	31687	91	230	0	0	*	2
793	31727	90	230	0	0	*	2
794	31767	87	231	0	0	*	2
795	31807	86	231	0	0	*	2
796	31847	84	231	0	0	*	2
797	31887	83	231	0	0	*	2
798	31927	82	231	0	0	*	2
799	31967	81	230	0	0	*	2
800	32007	79	230	0	0	*	2
801	32047	78	229	0	0	*	2
802	32087	76	229	0	0	*	2
803	32127	75	229	0	0	*	2
804	32167	73	228	0	0	*	2
805	32207	72	228	0	0	*	2
806	32247	70	227	0	0	*	2
807	32287	70	227	0	0	*	2
808	32327	68	226	0	0	*	2
809	32367	66	225	0	0	*	2
810	32407	65	225	0	0	*	2
811	32447	62	224	0	0	*	2
812	32487	61	224	0	0	*	2
813	32527	60	223	0	0	*	2
814	32567	58	222	0	0	*	2
815	32607	56	221	0	0	*	2
816	32647	55	221	0	0	*	2
817	32687	53	220	0	0	*	2
818	32727	52	218	0	0	*	2
819	32767	50	218	0	0	*	2
820	32807	49	217	0	0	*	2
821	32847	49	216	0	0	*	2
822	32887	47	215	0	0	*	2
823	32927	46	213	0	0	*	2
824	32967	45	213	0	0	*	2
825	33007	44	212	0	0	*	2
826	33047	42	210	0	0	*	2
827	33087	41	209	0	0	*	2
828	33127	40	209	0	0	*	2
829	33167	39	208	0	0	*	2
830	33207	39	207	0	0	*	2
831	33247	37	205	0	0	*	2
832	33287	37	204	0	0	*	2
833	33327	36	203	0	0	*	2
834	33367	36	202	0	0	*	2
835	33407	36	201	0	0	*	2
836	33447	35	199	0	0	*	2
837	33487	34	197	0	0	*	2
838	33527	34	196	0	0	*	2
839	33567	33	195	0	0	*	2
840	33607	32	193	0	0	*	2
841	33647	31	191	0	0	*	2
842	33687	31	189	0	0	*	2
843	33727	30	187	0	0	*	2
844	33767	29	185	0	0	*	2
845	33807	29	184	0	0	*	2
846	33847	28	182	0	0	*	2
847	33887	28	181	0	0	*	2
848	33927	27	178	0	0	*	2
849	33967	27	176	0	0	*	2
850	34007	26	174	0	0	*	2
851	34047	26	173	0	0	*	2
852	34087	25	170	0	0	*	2
853	34127	24	168	0	0	*	2
854	34167	24	166	0	0	*	2
855	34207	24	164	0	0	*	2
856	34247	24	162	0	0	*	2
857	34287	23	159	0	0	*	2
858	34327	23	158	0	0	*	2
859	34367	22	156	0	0	*	2
860	34407	22	154	0	0	*	2
861	34447	21	151	0	0	*	2
862	34487	21	149	0	0	*	2
863	34527	21	148	0	0	*	2
864	34567	20	146	0	0	*	2
865	34607	20	144	0	0	*	2
866	34647	20	142	0	0	*	2
867	34687	20	140	0	0	*	2
868	34727	20	138	0	0	*	2
869	34767	20	137	0	0	*	2
870	34807	20	135	0	0	*	2
871	34847	20	134	0	0	*	2
872	34887	20	132	0	0	*	2
873	34927	20	129	0	0	*	2
874	34967	20	127	0	0	*	2
875	35007	20	125	0	0	*	2
876	35047	20	123	0	0	*	2
877	35087	21	121	0	0	*	2
878	35127	21	118	0	0	*	2
879	35167	22	115	0	0	*	2
880	35207	22	113	0	0	*	2
881	35247	22	111	0	0	*	2
882	35287	22	109	0	0	*	2
883	35327	22	107	0	0	*	2
884	35367	22	105	0	0	*	2
885	35407	22	103	0	0	*	2
886	35447	22	101	0	0	*	2
887	35487	22	99	0	0	*	2
888	35527	22	97	0	0	*	2
889	35567	23	96	0	0	*	2
890	35607	23	94	0	0	*	2
891	35647	23	92	0	0	*	2
892	35687	24	91	0	0	*	2
893	35727	24	89	0	0	*	2
894	35767	24	88	0	0	*	2
895	35807	24	86	0	0	*	2
896	35847	25	84	0	0	*	2
897	35887	26	82	0	0	*	2
898	35927	26	80	0	0	*	2
899	35967	27	79	0	0	*	2
900	36007	28	77	0	0	*	2
901	36047	28	75	0	0	*	2
902	36087	29	73	0	0	*	2
903	36127	30	71	0	0	*	2
904	36167	30	70	0	0	*	2
905	36207	31	68	0	0	*	2
906	36247	31	66	0	0	*	2
907	36287	32	65	0	0	*	2
908	36327	31	64	0	0	*	2
909	36367	31	62	0	0	*	2
910	36407	30	60	0	0	*	2
911	36447	30	59	0	0	*	2
912	36487	30	58	0	0	*	2
913	36527	30	57	0	0	*	2
914	36567	31	57	0	0	*	2
915	36607	31	57	0	0	*	2
916	36647	32	57	0	0	*	2
917	36687	32	57	0	0	*	2
918	36727	31	55	0	0	*	2
919	36767	31	55	0	0	*	2
920	36807	32	55	0	0	*	2
921	36847	31	55	0	0	*	2
922	36887	31	55	0	0	*	2
923	36927	30	55	0	0	*	2
924	36967	30	55	0	0	*	2
925	37007	30	56	0	0	*	2
926	37047	31	56	0	0	*	2
927	37087	30	56	0	0	*	2
928	37127	30	56	0	0	*	2
929	37167	30	57	0	0	*	2
930	37207	30	58	0	0	*	2
931	37247	29	59	0	0	*	2
932	37287	28	59	0	0	*	2
933	37327	28	59	0	0	*	2
934	37367	29	60	0	0	*	2
935	37407	28	62	0	0	*	2
936	37447	27	62	0	0	*	2
937	37487	28	63	0	0	*	2
938	37527	29	64	0	0	*	2
939	37567	28	66	0	0	*	2
940	37607	29	68	0	0	*	2
941	37647	30	68	0	0	*	2
942	37687	30	69	0	0	*	2
943	37727	31	70	0	0	*	2
944	37767	31	71	0	0	*	2
945	37807	31	73	0	0	*	2
946	37847	31	75	0	0	*	2
947	37887	31	76	0	0	*	2
948	37927	30	78	0	0	*	2
949	37967	30	80	0	0	*	2
950	38007	30	82	0	0	*	2
951	38047	31	85	0	0	*	2
952	38087	31	86	0	0	*	2
953	38127	31	89	0	0	*	2
954	38167	31	91	0	0	*	2
955	38207	31	93	0	0	*	2
956	38247	31	96	0	0	*	2
957	38287	31	98	0	0	*	2
958	38327	32	101	0	0	*	2
959	38367	32	104	0	0	*	2
960	38407	32	107	0	0	*	2
961	38447	32	110	0	0	*	2
962	38487	32	112	0	0	*	2
963	38527	32	115	0	0	*	2
964	38567	32	117	0	0	*	2
965	38607	33	120	0	0	*	2
966	38647	33	122	0	0	*	2
967	38687	33	125	0	0	*	2
968	38727	33	128	0	0	*	2
969	38767	33	131	0	0	*	2
970	38807	33	133	0	0	*	2
971	38847	33	137	0	0	*	2
972	38887	33	139	0	0	*	2
973	38927	33	141	0	0	*	2
974	38967	33	144	0	0	*	2
975	39007	33	147	0	0	*	2
976	39047	33	150	0	0	*	2
977	39087	33	153	0	0	*	2
978	39127	33	155	0	0	*	2
979	39167	33	158	0	0	*	2
980	39207	32	161	0	0	*	2
981	39247	32	163	0	0	*	2
982	39287	32	165	0	0	*	2
983	39327	32	168	0	0	*	2
984	39367	32	170	0	0	*	2
985	39407	32	173	0	0	*	2
986	39447	32	176	0	0	*	2
987	39487	32	178	0	0	*	2
988	39527	32	181	0	0	*	2
989	39567	32	184	0	0	*	2
990	39607	32	186	0	0	*	2
991	39647	32	188	0	0	*	2
992	39687	32	190	0	0	*	2
993	39727	33	192	0	0	*	2
994	39767	33	195	0	0	*	2
995	39807	33	197	0	0	*	2
996	39847	33	198	0	0	*	2
997	39887	34	200	0	0	*	2
998	39927	35	201	0	0	*	2
999	39967	36	202	0	0	*	2
1000	40007	37	204	0	0	*	2
1001	40047	38	204	0	0	*	2
1002	40087	40	206	0	0	*	2
1003	40127	41	207	0	0	*	2
1004	40167	43	209	0	0	*	2
1005	40207	45	211	0	0	*	2
1006	40247	46	212	0	0	*	2
1007	40287	48	213	0	0	*	2
1008	40327	49	214	0	0	*	2
1009	40367	51	215	0	0	*	2
1010	40407	52	217	0	0	*	2
1011	40447	54	218	0	0	*	2
1012	40487	56	219	0	0	*	2
1013	40527	58	221	0	0	*	2
1014	40567	60	222	0	0	*	2
1015	40607	61	223	0	0	*	2
1016	40647	63	225	0	0	*	2
1017	40687	65	226	0	0	*	2
1018	40727	67	227	0	0	*	2
1019	40767	69	228	0	0	*	2
1020	40807	71	229	0	0	*	2
1021	40847	73	230	0	0	*	2
1022	40887	75	232	0	0	*	2
1023	40927	77	232	0	0	*	2
1024	40967	78	233	0	0	*	2
1025	41007	81	234	0	0	*	2
1026	41047	83	235	0	0	*	2
1027	41087	85	236	0	0	*	2
1028	41127	87	237	0	0	*	2
1029	41167	89	238	0	0	*	2
1030	41207	92	238	0	0	*	2
1031	41247	94	239	0	0	*	2
1032	41287	96	240	0	0	*	2
1033	41327	98	240	0	0	*	2
1034	41367	100	241	0	0	*	2
1035	41407	103	241	0	0	*	2
1036	41447	105	242	0	0	*	2
1037	41487	107	242	0	0	*	2
1038	41527	109	243	0	0	*	2
1039	41567	112	243	0	0	*	2
1040	41607	114	243	0	0	*	2
1041	41647	117	244	0	0	*	2
1042	41687	119	244	0	0	*	2
1043	41727	121	243	0	0	*	2
1044	41767	129	243	0	0	*	2
1045	41807	132	243	0	0	*	2
1046	41847	128	243	0	0	*	2
1047	41887	132	243	0	0	*	2
1048	41927	134	243	0	0	*	2
1049	41967	135	242	0	0	*	2
1050	42007	137	242	0	0	*	2
1051	42047	140	241	0	0	*	2
1052	42087	141	241	0	0	*	2
1053	42127	143	240	0	0	*	2
1054	42167	146	240	0	0	*	2
1055	42207	148	239	0	0	*	2
1056	42247	150	238	0	0	*	2
1057	42287	152	237	0	0	*	2
1058	42327	154	237	0	0	*	2
1059	42367	156	236	0	0	*	2
1060	42407	158	236	0	0	*	2
1061	42447	160	235	0	0	*	2
1062	42487	162	234	0	0	*	2
1063	42527	164	233	0	0	*	2
1064	42567	167	232	0	0	*	2
1065	42607	169	232	0	0	*	2
1066	42647	171	231	0	0	*	2
1067	42687	173	230	0	0	*	2
1068	42727	176	229	0	0	*	2
1069	42767	178	228	0	0	*	2
1070	42807	180	227	0	0	*	2
1071	42847	182	226	0	0	*	2
1072	42887	184	226	0	0	*	2
1073	42927	186	225	0	0	*	2
1074	42967	188	224	0	0	*	2
1075	43007	190	223	0	0	*	2
1076	43047	193	222	0	0	*	2
1077	43087	195	221	0	0	*	2
1078	43127	197	220	0	0	*	2
1079	43167	198	219	0	0	*	2
1080	43207	200	218	0	0	*	2
1081	43247	202	217	0	0	*	2
1082	43287	204	215	0	0	*	2
1083	43327	206	214	0	0	*	2
1084	43367	208	213	0	0	*	2
1085	43407	209	212	0	0	*	2
1086	43447	211	211	0	0	*	2
1087	43487	213	210	0	0	*	2
1088	43527	214	209	0	0	*	2
1089	43567	216	207	0	0	*	2
1090	43607	217	206	0	0	*	2
1091	43647	219	204	0	0	*	2
1092	43687	220	202	0	0	*	2
1093	43727	221	201	0	0	*	2
1094	43767	222	199	0	0	*	2
1095	43807	224	197	0	0	*	2
1096	43847	225	195	0	0	*	2
1097	43887	227	193	0	0	*	2
1098	43927	227	192	0	0	*	2
1099	43967	228	190	0	0	*	2
1100	44007	229	188	0	0	*	2
1101	44047	230	186	0	0	*	2
1102	44087	230	185	0	0	*	2
1103	44127	231	183	0	0	*	2
1104	44167	231	182	0	0	*	2
1105	44207	232	180	0	0	*	2
1106	44247	233	178	0	0	*	2
1107	44287	233	175	0	0	*	2
1108	44327	234	173	0	0	*	2
1109	44367	234	171	0	0	*	2
1110	44407	235	169	0	0	*	2
1111	44447	235	166	0	0	*	2
1112	44487	236	164	0	0	*	2
1113	44527	236	162	0	0	*	2
1114	44567	237	159	0	0	*	2
1115	44607	237	158	0	0	*	2
1116	44647	238	155	0	0	*	2
1117	44687	238	153	0	0	*	2
1118	44727	239	150	0	0	*	2
1119	44767	239	148	0	0	*	2
1120	44807	240	146	0	0	*	2
1121	44847	240	144	0	0	*	2
1122	44887	241	142	0	0	*	2
1123	44927	241	139	0	0	*	2
1124	44967	241	138	0	0	*	2
1125	45007	241	135	0	0	*	2
1126	45047	241	134	0	0	*	2
1127	45087	242	132	0	0	*	2
1128	45127	242	129	0	0	*	2
1129	45167	242	127	0	0	*	2
1130	45207	242	125	0	0	*	2
1131	45247	242	122	0	0	*	2
1132	45287	241	119	0	0	*	2
1133	45327	241	118	0	0	*	2
1134	45367	241	115	0	0	*	2
1135	45407	240	113	0	0	*	2
1136	45447	240	111	0	0	*	2
1137	45487	240	107	0	0	*	2
1138	45527	239	100	0	0	*	2
1139	45567	238	98	0	0	*	2
1140	45607	238	96	0	0	*	2
1141	45647	237	93	0	0	*	2
1142	45687	237	91	0	0	*	2
1143	45727	237	89	0	0	*	2
1144	45767	237	92	0	0	*	2
1145	45807	237	90	0	0	*	2
1146	45847	236	85	0	0	*	2
1147	45887	235	84	0	0	*	2
1148	45927	234	78	0	0	*	2
1149	45967	234	76	0	0	*	2
1150	46007	234	79	0	0	*	2
1151	46047	234	76	0	0	*	2
1152	46087	233	75	0	0	*	2
1153	46127	232	72	0	0	*	2
1154	46167	232	70	0	0	*	2
1155	46207	231	64	0	0	*	2
1156	46247	231	67	0	0	*	2
1157	46287	230	64	0	0	*	2
1158	46327	230	64	0	0	*	2
1159	46367	229	62	0	0	*	2
1160	46407	229	61	0	0	*	2
1161	46447	228	59	0	0	*	2
1162	46487	227	58	0	0	*	2
1163	46527	226	56	0	0	*	2
1164	46567	225	54	0	0	*	2
1165	46607	224	53	0	0	*	2
1166	46647	223	51	0	0	*	2
1167	46687	221	50	0	0	*	2
1168	46727	219	48	0	0	*	2
1169	46767	219	46	0	0	*	2
1170	46807	217	45	0	0	*	2
1171	46847	216	44	0	0	*	2
1172	46887	214	42	0	0	*	2
1173	46927	212	41	0	0	*	2
1174	46967	211	40	0	0	*	2
1175	47007	209	38	0	0	*	2
1176	47047	207	37	0	0	*	2
1177	47087	206	36	0	0	*	2
1178	47127	204	35	0	0	*	2
1179	47167	202	34	0	0	*	2
1180	47207	200	32	0	0	*	2
1181	47247	198	31	0	0	*	2
1182	47287	195	30	0	0	*	2
1183	47327	194	30	0	0	*	2
1184	47367	192	29	0	0	*	2
1185	47407	190	28	0	0	*	2
1186	47447	188	27	0	0	*	2
1187	47487	186	26	0	0	*	2
1188	47527	184	25	0	0	*	2
1189	47567	182	24	0	0	*	2
1190	47607	180	23	0	0	*	2
1191	47647	177	23	0	0	*	2
1192	47687	174	22	0	0	*	2
1193	47727	173	21	0	0	*	2
1194	47767	170	21	0	0	*	2
1195	47807	169	20	0	0	*	2
1196	47847	166	19	0	0	*	2
1197	47887	164	19	0	0	*	2
1198	47927	162	18	0	0	*	2
1199	47967	159	17	0	0	*	2
1200	48007	158	17	0	0	*	2
1201	48047	156	17	0	0	*	2
1202	48087	153	16	0	0	*	2
1203	48127	151	16	0	0	*	2
1204	48167	149	15	0	0	*	2
1205	48207	146	14	0	0	*	2
1206	48247	144	14	0	0	*	2
1207	48287	142	14	0	0	*	2
1208	48327	140	13	0	0	*	2
1209	48367	137	13	0	0	*	2
1210	48407	135	13	0	0	*	2
1211	48447	133	12	0	0	*	2
1212	48487	131	12	0	0	*	2
1213	48527	129	12	0	0	*	2
1214	48567	127	12	0	0	*	2
1215	48607	124	11	0	0	*	2
1216	48647	122	11	0	0	*	2
1217	48687	120	11	0	0	*	2
1218	48727	118	11	0	0	*	2
1219	48767	115	11	0	0	*	2
1220	48807	113	11	0	0	*	2
1221	48847	110	11	0	0	*	2
1222	48887	103	10	0	0	*	2
1223	48927	106	10	0	0	*	2
1224	48967	104	10	0	0	*	2
1225	49007	102	11	0	0	*	2
1226	49047	100	11	0	0	*	2
1227	49087	98	11	0	0	*	2
1228	49127	96	11	0	0	*	2
1229	49167	94	12	0	0	*	2
1230	49207	91	12	0	0	*	2
1231	49247	89	12	0	0	*	2
1232	49287	87	12	0	0	*	2
1233	49327	85	13	0	0	*	2
1234	49367	83	14	0	0	*	2
1235	49407	82	14	0	0	*	2
1236	49447	80	15	0	0	*	2
1237	49487	78	16	0	0	*	2
1238	49527	76	17	0	0	*	2
1239	49567	74	18	0	0	*	2
1240	49607	72	19	0	0	*	2
1241	49647	71	20	0	0	*	2
1242	49687	69	21	0	0	*	2
1243	49727	68	22	0	0	*	2
1244	49767	66	23	0	0	*	2
1245	49807	65	24	0	0	*	2
1246	49847	64	25	0	0	*	2
1247	49887	62	26	0	0	*	2
1248	49927	61	27	0	0	*	2
1249	49967	60	29	0	0	*	2
1250	50007	59	30	0	0	*	2
1251	50047	57	31	0	0	*	2
1252	50087	55	34	0	0	*	2
1253	50127	54	35	0	0	*	2
1254	50167	52	37	0	0	*	2
1255	50207	51	39	0	0	*	2
1256	50247	49	40	0	0	*	2
1257	50287	49	42	0	0	*	2
1258	50327	47	44	0	0	*	2
1259	50367	46	46	0	0	*	2
1260	50407	45	47	0	0	*	2
1261	50447	43	49	0	0	*	2
1262	50487	42	50	0	0	*	2
1263	50527	41	52	0	0	*	2
1264	50567	40	54	0	0	*	2
1265	50607	39	56	0	0	*	2
1266	50647	37	58	0	0	*	2
1267	50687	36	60	0	0	*	2
1268	50727	36	61	0	0	*	2
1269	50767	34	63	0	0	*	2
1270	50807	33	65	0	0	*	2
1271	50847	32	67	0	0	*	2
1272	50887	31	69	0	0	*	2
1273	50927	29	70	0	0	*	2
1274	50967	28	72	0	0	*	2
1275	51007	27	74	0	0	*	2
1276	51047	26	75	0	0	*	2
1277	51087	24	78	0	0	*	2
1278	51127	23	80	0	0	*	2
1279	51167	21	81	0	0	*	2
1280	51207	21	83	0	0	*	2
1281	51247	19	84	0	0	*	2
1282	51287	18	86	0	0	*	2
1283	51327	17	87	0	0	*	2
1284	51367	17	89	0	0	*	2
1285	51407	16	91	0	0	*	2
1286	51447	15	92	0	0	*	2
1287	51487	15	93	0	0	*	2
1288	51527	14	93	0	0	*	2
1289	51567	14	94	0	0	*	2
1290	51607	14	96	0	0	*	2
1291	51647	14	98	0	0	*	2
1292	51687	13	99	0	0	*	2
1293	51727	13	102	0	0	*	2
1294	51767	13	103	0	0	*	2
1295	51807	13	104	0	0	*	2
1296	51847	14	108	0	0	*	2
1297	51887	14	110	0	0	*	2
1298	51927	15	114	0	0	*	2
1299	51967	16	116	0	0	*	2
1300	52007	16	117	0	0	*	2
1301	52047	17	120	0	0	*	2
1302	52087	17	122	0	0	*	2
1303	52127	18	124	0	0	*	2
1304	52167	18	126	0	0	*	2
1305	52207	19	129	0	0	*	2
1306	52247	19	131	0	0	*	2
1307	52287	20	133	0	0	*	2
1308	52327	20	135	0	0	*	2
1309	52367	21	137	0	0	*	2
1310	52407	22	140	0	0	*	2
1311	52447	22	142	0	0	*	2
1312	52487	23	144	0	0	*	2
1313	52527	24	146	0	0	*	2
1314	52567	24	149	0	0	*	2
1315	52607	25	151	0	0	*	2
1316	52647	25	154	0	0	*	2
1317	52687	26	156	0	0	*	2
1318	52727	26	158	0	0	*	2
1319	52767	27	161	0	0	*	2
1320	52807	28	162	0	0	*	2
1321	52847	29	165	0	0	*	2
1322	52887	29	168	0	0	*	2
1323	52927	30	170	0	0	*	2
1324	52967	31	172	0	0	*	2
1325	53007	31	174	0	0	*	2
1326	53047	32	177	0	0	*	2
1327	53087	33	179	0	0	*	2
1328	53127	33	181	0	0	*	2
1329	53167	34	183	0	0	*	2
1330	53207	35	185	0	0	*	2
1331	53247	35	187	0	0	*	2
1332	53287	36	189	0	0	*	2
1333	53327	37	191	0	0	*	2
1334	53367	37	192	0	0	*	2
1335	53407	38	194	0	0	*	2
1336	53447	39	195	0	0	*	2
1337	53487	39	196	0	0	*	2
1338	53527	40	198	0	0	*	2
1339	53567	41	199	0	0	*	2
1340	53607	42	200	0	0	*	2
1341	53647	43	202	0	0	*	2
1342	53687	44	203	0	0	*	2
1343	53727	46	205	0	0	*	2
1344	53767	48	206	0	0	*	2
1345	53807	50	207	0	0	*	2
1346	53847	52	209	0	0	*	2
1347	53887	54	209	0	0	*	2
1348	53927	56	211	0	0	*	2
1349	53967	58	212	0	0	*	2
1350	54007	60	213	0	0	*	2
1351	54047	61	214	0	0	*	2
1352	54087	64	215	0	0	*	2
1353	54127	65	216	0	0	*	2
1354	54167	67	217	0	0	*	2
1355	54207	69	218	0	0	*	2
1356	54247	71	219	0	0	*	2
1357	54287	73	220	0	0	*	2
1358	54327	75	221	0	0	*	2
1359	54367	77	222	0	0	*	2
1360	54407	79	223	0	0	*	2
1361	54447	81	224	0	0	*	2
1362	54487	83	225	0	0	*	2
1363	54527	85	225	0	0	*	2
1364	54567	87	226	0	0	*	2
1365	54607	89	227	0	0	*	2
1366	54647	91	228	0	0	*	2
1367	54687	93	229	0	0	*	2
1368	54727	96	230	0	0	*	2
1369	54767	98	230	0	0	*	2
1370	54807	100	231	0	0	*	2
1371	54847	102	232	0	0	*	2
1372	54887	104	232	0	0	*	2
1373	54927	111	233	0	0	*	2
1374	54967	109	232	0	0	*	2
1375	55007	111	232	0	0	*	2
1376	55047	113	232	0	0	*	2
1377	55087	122	232	0	0	*	2
1378	55127	124	232	0	0	*	2
1379	55167	127	232	0	0	*	2
1380	55207	129	231	0	0	*	2
1381	55247	125	232	0	0	*	2
1382	55287	128	231	0	0	*	2
1383	55327	131	231	0	0	*	2
1384	55367	133	231	0	0	*	2
1385	55407	134	230	0	0	*	2
1386	55447	137	229	0	0	*	2
1387	55487	139	229	0	0	*	2
1388	55527	141	228	0	0	*	2
1389	55567	145	227	0	0	*	2
1390	55607	146	227	0	0	*	2
1391	55647	148	226	0	0	*	2
1392	55687	150	226	0	0	*	2
1393	55727	152	225	0	0	*	2
1394	55767	155	225	0	0	*	2
1395	55807	158	224	0	0	*	2
1396	55847	159	224	0	0	*	2
1397	55887	162	224	0	0	*	2
1398	55927	164	224	0	0	*	2
1399	55967	166	224	0	0	*	2
1400	56007	169	224	0	0	*	2
1401	56047	171	224	0	0	*	2
1402	56087	172	224	0	0	*	2
1403	56127	174	224	0	0	*	2
1404	56167	177	224	0	0	*	2
1405	56207	180	224	0	0	*	2
1406	56247	182	224	0	0	*	2
1407	56287	184	224	0	0	*	2
1408	56327	186	225	0	0	*	2
1409	56367	188	225	0	0	*	2
1410	56407	191	225	0	0	*	2
1411	56447	193	225	0	0	*	2
1412	56487	194	224	0	0	*	2
1413	56527	195	224	0	0	*	2
1414	56567	197	223	0	0	*	2
1415	56607	198	222	0	0	*	2
1416	56647	199	221	0	0	*	2
1417	56687	199	220	0	0	*	2
1418	56727	201	219	0	0	*	2
1419	56767	202	218	0	0	*	2
1420	56807	204	217	0	0	*	2
1421	56847	206	215	0	0	*	2
1422	56887	207	214	0	0	*	2
1423	56927	208	213	0	0	*	2
1424	56967	209	211	0	0	*	2
1425	57007	210	210	0	0	*	2
1426	57047	212	209	0	0	*	2
1427	57087	214	208	0	0	*	2
1428	57127	216	206	0	0	*	2
1429	57167	217	205	0	0	*	2
1430	57207	219	203	0	0	*	2
1431	57247	220	201	0	0	*	2
1432	57287	222	200	0	0	*	2
1433	57327	223	198	0	0	*	2
1434	57367	224	197	0	0	*	2
1435	57407	226	195	0	0	*	2
1436	57447	227	194	0	0	*	2
1437	57487	228	192	0	0	*	2
1438	57527	229	191	0	0	*	2
1439	57567	231	189	0	0	*	2
1440	57607	231	188	0	0	*	2
1441	57647	232	186	0	0	*	2
1442	57687	233	185	0	0	*	2
1443	57727	235	183	0	0	*	2
1444	57767	236	181	0	0	*	2
1445	57807	237	178	0	0	*	2
1446	57847	238	176	0	0	*	2
1447	57887	239	175	0	0	*	2
1448	57927	239	174	0	0	*	2
1449	57967	240	172	0	0	*	2
1450	58007	240	169	0	0	*	2
1451	58047	241	167	0	0	*	2
1452	58087	242	165	0	0	*	2
1453	58127	242	164	0	0	*	2
1454	58167	243	162	0	0	*	2
1455	58207	243	160	0	0	*	2
1456	58247	244	157	0	0	*	2
1457	58287	244	155	0	0	*	2
1458	58327	245	153	0	0	*	2
1459	58367	245	151	0	0	*	2
1460	58407	246	148	0	0	*	2
1461	58447	246	146	0	0	*	2
1462	58487	246	144	0	0	*	2
1463	58527	247	141	0	0	*	2
1464	58567	247	139	0	0	*	2
1465	58607	247	138	0	0	*	2
1466	58647	248	135	0	0	*	2
1467	58687	248	134	0	0	*	2
1468	58727	248	131	0	0	*	2
1469	58767	249	129	0	0	*	2
1470	58807	249	127	0	0	*	2
1471	58847	249	125	0	0	*	2
1472	58887	249	124	0	0	*	2
1473	58927	249	121	0	0	*	2
1474	58967	249	120	0	0	*	2
1475	59007	249	118	0	0	*	2
1476	59047	248	116	0	0	*	2
1477	59087	248	114	0	0	*	2
1478	59127	248	113	0	0	*	2
1479	59167	247	111	0	0	*	2
1480	59207	247	109	0	0	*	2
1481	59247	246	107	0	0	*	2
1482	59287	246	104	0	0	*	2
1483	59327	245	103	0	0	*	2
1484	59367	244	101	0	0	*	2
1485	59407	244	99	0	0	*	2
1486	59447	243	97	0	0	*	2
1487	59487	242	95	0	0	*	2
1488	59527	242	93	0	0	*	2
1489	59567	241	92	0	0	*	2
1490	59607	240	90	0	0	*	2
1491	59647	239	88	0	0	*	2
1492	59687	238	86	0	0	*	2
1493	59727	235	79	0	0	*	2
1494	59767	236	82	0	0	*	2
1495	59807	235	81	0	0	*	2
1496	59847	235	79	0	0	*	2
1497	59887	234	77	0	0	*	2
1498	59927	230	69	0	0	*	2
1499	59967	229	68	0	0	*	2
1500	60007	231	71	0	0	*	2
1501	60047	230	70	0	0	*	2
1502	60087	225	62	0	0	*	2
1503	60127	224	60	0	0	*	2
1504	60167	227	64	0	0	*	2
1505	60207	225	62	0	0	*	2
1506	60247	224	60	0	0	*	2
1507	60287	223	58	0	0	*	2
1508	60327	222	56	0	0	*	2
1509	60367	220	55	0	0	*	2
1510	60407	219	53	0	0	*	2
