%%BEGIN_HEADER
	%%BEGIN DATABASE_INFORMATION
		%Date.0 ( 13.9.2019 )
		%Time.0 ( 18:03 )
	%%END DATABASE_INFORMATION
	%%BEGIN SETUP_INFORMATION
		%TrackerVersion.0 ( Tracker version 2.38 release 12.8.2012 )
		%ElapsedTime_ms.0 ( 60469 )
		%Paradigm.0 ( PlacePreference )
		%FeederParameters.0 ( 1500 0 )
			// %FeederParameters.0 ( ENTRANCE_LATENCY EXIT_LATENCY )
		%ElapsedPath_m.0 ( 0.00 )
		%ArenaDiameter_m.0 ( 1.80 )
		%TrackerResolution_PixPerCM.0 ( 1.4222 )
		%ArenaCenterXY.0 ( 127.5 127.5 )
		%Frame.0 ( RoomFrame )
		%ReinforcedSector.0 ( 127.5000 38.2500 7 )
			//%ReinforcedSector.0 ( CENTER_X CENTER_Y RADIUS )
		%RoomTrackReinforcedSector.0 ( 127.5000 38.2500 7 )
			//%RoomTrackReinforcedSector.0 ( CENTER_X CENTER_Y RADIUS )
	%%END SETUP_INFORMATION
	%%BEGIN RECORD_FORMAT
		%Sample.0 ( FrameCount 1msTimeStamp RoomX RoomY Sectors State Flags FrameInfo )
			//Sectors indicate if the object is in a target. Number is binary coded. Sectors = 0: no target, Sectors = 1: room target, Sectors: = 2 arena target, Sectors: = 3 room and arena target
			////State indicates the Watermaze State: OutsideTarget = 0, EntranceLatency = 1, InsideTarget = 3, OutsideRefractory = 4, BadSpot = 5
			//FrameInfo indicates succesfuly tracked spots: ReferencePoint * 2^0 + Spot0 * 2^(1+0) + Spot1 * 2^(1+1) + Spot2 * 2^(1+2) .... 
	%%END RECORD_FORMAT
%%END_HEADER
1	69	48	201	0	0	*	2
2	109	48	199	0	0	*	2
3	149	48	198	0	0	*	2
4	189	49	197	0	0	*	2
5	229	50	196	0	0	*	2
6	269	51	195	0	0	*	2
7	309	52	194	0	0	*	2
8	349	53	194	0	0	*	2
9	389	54	193	0	0	*	2
10	429	55	192	0	0	*	2
11	469	56	192	0	0	*	2
12	509	56	191	0	0	*	2
13	549	58	190	0	0	*	2
14	589	59	189	0	0	*	2
15	629	61	187	0	0	*	2
16	669	62	186	0	0	*	2
17	709	64	185	0	0	*	2
18	749	67	184	0	0	*	2
19	789	68	183	0	0	*	2
20	829	71	181	0	0	*	2
21	869	73	180	0	0	*	2
22	909	75	179	0	0	*	2
23	949	77	179	0	0	*	2
24	989	79	178	0	0	*	2
25	1029	81	176	0	0	*	2
26	1069	83	176	0	0	*	2
27	1109	85	175	0	0	*	2
28	1149	87	174	0	0	*	2
29	1189	90	173	0	0	*	2
30	1229	92	172	0	0	*	2
31	1269	95	171	0	0	*	2
32	1309	97	170	0	0	*	2
33	1349	99	169	0	0	*	2
34	1389	101	168	0	0	*	2
35	1429	104	167	0	0	*	2
36	1469	107	166	0	0	*	2
37	1509	110	165	0	0	*	2
38	1549	112	164	0	0	*	2
39	1589	115	163	0	0	*	2
40	1629	117	162	0	0	*	2
41	1669	120	161	0	0	*	2
42	1709	122	161	0	0	*	2
43	1749	126	159	0	0	*	2
44	1789	127	159	0	0	*	2
45	1829	129	159	0	0	*	2
46	1869	132	158	0	0	*	2
47	1909	135	157	0	0	*	2
48	1949	138	156	0	0	*	2
49	1989	140	156	0	0	*	2
50	2029	141	155	0	0	*	2
51	2069	143	155	0	0	*	2
52	2109	145	154	0	0	*	2
53	2149	147	154	0	0	*	2
54	2189	150	153	0	0	*	2
55	2229	152	153	0	0	*	2
56	2269	154	152	0	0	*	2
57	2309	156	152	0	0	*	2
58	2349	158	151	0	0	*	2
59	2389	161	151	0	0	*	2
60	2429	163	150	0	0	*	2
61	2469	165	150	0	0	*	2
62	2509	168	149	0	0	*	2
63	2549	170	148	0	0	*	2
64	2589	171	148	0	0	*	2
65	2629	173	147	0	0	*	2
66	2669	175	147	0	0	*	2
67	2709	178	146	0	0	*	2
68	2749	181	145	0	0	*	2
69	2789	182	145	0	0	*	2
70	2829	183	144	0	0	*	2
71	2869	185	144	0	0	*	2
72	2909	186	143	0	0	*	2
73	2949	189	142	0	0	*	2
74	2989	191	141	0	0	*	2
75	3029	192	140	0	0	*	2
76	3069	194	140	0	0	*	2
77	3109	196	139	0	0	*	2
78	3149	198	138	0	0	*	2
79	3189	200	137	0	0	*	2
80	3229	201	136	0	0	*	2
81	3269	203	135	0	0	*	2
82	3309	205	133	0	0	*	2
83	3349	206	133	0	0	*	2
84	3389	207	131	0	0	*	2
85	3429	208	129	0	0	*	2
86	3469	210	127	0	0	*	2
87	3509	212	126	0	0	*	2
88	3549	212	125	0	0	*	2
89	3589	213	123	0	0	*	2
90	3629	214	121	0	0	*	2
91	3669	216	116	0	0	*	2
92	3709	215	118	0	0	*	2
93	3749	216	116	0	0	*	2
94	3789	216	115	0	0	*	2
95	3829	217	110	0	0	*	2
96	3869	217	110	0	0	*	2
97	3909	217	109	0	0	*	2
98	3949	217	108	0	0	*	2
99	3989	217	105	0	0	*	2
100	4029	217	102	0	0	*	2
101	4069	216	100	0	0	*	2
102	4109	216	101	0	0	*	2
103	4149	216	100	0	0	*	2
104	4189	215	98	0	0	*	2
105	4229	214	94	0	0	*	2
106	4269	212	91	0	0	*	2
107	4309	211	91	0	0	*	2
108	4349	212	93	0	0	*	2
109	4389	212	91	0	0	*	2
110	4429	210	89	0	0	*	2
111	4469	208	86	0	0	*	2
112	4509	208	86	0	0	*	2
113	4549	207	86	0	0	*	2
114	4589	206	84	0	0	*	2
115	4629	204	82	0	0	*	2
116	4669	200	78	0	0	*	2
117	4709	201	79	0	0	*	2
118	4749	200	78	0	0	*	2
119	4789	198	77	0	0	*	2
120	4829	196	76	0	0	*	2
121	4869	193	74	0	0	*	2
122	4909	190	72	0	0	*	2
123	4949	191	73	0	0	*	2
124	4989	189	72	0	0	*	2
125	5029	187	71	0	0	*	2
126	5069	182	69	0	0	*	2
127	5109	180	68	0	0	*	2
128	5149	181	69	0	0	*	2
129	5189	180	68	0	0	*	2
130	5229	177	67	0	0	*	2
131	5269	175	66	0	0	*	2
132	5309	170	65	0	0	*	2
133	5349	172	65	0	0	*	2
134	5389	170	64	0	0	*	2
135	5429	168	63	0	0	*	2
136	5469	165	62	0	0	*	2
137	5509	164	62	0	0	*	2
138	5549	163	61	0	0	*	2
139	5589	161	60	0	0	*	2
140	5629	160	59	0	0	*	2
141	5669	158	58	0	0	*	2
142	5709	156	58	0	0	*	2
143	5749	154	57	0	0	*	2
144	5789	153	56	0	0	*	2
145	5829	151	55	0	0	*	2
146	5869	149	54	0	0	*	2
147	5909	147	53	0	0	*	2
148	5949	145	52	0	0	*	2
149	5989	144	52	0	0	*	2
150	6029	142	51	0	0	*	2
151	6069	139	50	0	0	*	2
152	6109	137	49	0	0	*	2
153	6149	135	49	0	0	*	2
154	6189	133	48	0	0	*	2
155	6229	132	48	0	0	*	2
156	6269	130	47	0	1	*	2
157	6309	128	47	0	1	*	2
158	6349	128	46	0	1	*	2
159	6389	127	46	0	1	*	2
160	6429	125	46	0	1	*	2
161	6469	123	46	0	0	*	2
162	6509	122	46	0	0	*	2
163	6549	121	46	0	0	*	2
164	6589	120	46	0	0	*	2
165	6629	119	45	0	0	*	2
166	6669	118	45	0	0	*	2
167	6709	117	44	0	0	*	2
168	6749	117	43	0	0	*	2
169	6789	117	42	0	0	*	2
170	6829	117	42	0	0	*	2
171	6869	117	41	0	0	*	2
172	6909	118	41	0	0	*	2
173	6949	119	40	0	0	*	2
174	6989	120	40	0	1	*	2
175	7029	121	40	0	1	*	2
176	7069	121	40	0	1	*	2
177	7109	122	41	0	1	*	2
178	7149	123	42	0	1	*	2
179	7189	124	43	0	1	*	2
180	7229	125	44	0	1	*	2
181	7269	126	46	0	1	*	2
182	7309	127	47	0	1	*	2
183	7349	127	48	0	0	*	2
184	7389	128	49	0	0	*	2
185	7429	129	49	0	0	*	2
186	7469	130	50	0	0	*	2
187	7509	132	51	0	0	*	2
188	7549	133	52	0	0	*	2
189	7589	134	52	0	0	*	2
190	7629	136	52	0	0	*	2
191	7669	137	51	0	0	*	2
192	7709	138	51	0	0	*	2
193	7749	139	50	0	0	*	2
194	7789	139	50	0	0	*	2
195	7829	139	51	0	0	*	2
196	7869	139	51	0	0	*	2
197	7909	140	51	0	0	*	2
198	7949	140	51	0	0	*	2
199	7989	141	51	0	0	*	2
200	8029	142	51	0	0	*	2
201	8069	143	52	0	0	*	2
202	8109	144	52	0	0	*	2
203	8149	144	52	0	0	*	2
204	8189	145	52	0	0	*	2
205	8229	146	53	0	0	*	2
206	8269	147	53	0	0	*	2
207	8309	148	54	0	0	*	2
208	8349	148	55	0	0	*	2
209	8389	149	55	0	0	*	2
210	8429	151	56	0	0	*	2
211	8469	150	56	0	0	*	2
212	8509	151	57	0	0	*	2
213	8549	152	58	0	0	*	2
214	8589	153	59	0	0	*	2
215	8629	155	60	0	0	*	2
216	8669	155	61	0	0	*	2
217	8709	156	62	0	0	*	2
218	8749	157	63	0	0	*	2
219	8789	158	64	0	0	*	2
220	8829	158	65	0	0	*	2
221	8869	159	66	0	0	*	2
222	8909	161	68	0	0	*	2
223	8949	161	70	0	0	*	2
224	8989	162	70	0	0	*	2
225	9029	163	72	0	0	*	2
226	9069	163	73	0	0	*	2
227	9109	165	76	0	0	*	2
228	9149	165	76	0	0	*	2
229	9189	165	77	0	0	*	2
230	9229	166	79	0	0	*	2
231	9269	167	80	0	0	*	2
232	9309	168	83	0	0	*	2
233	9349	169	84	0	0	*	2
234	9389	169	85	0	0	*	2
235	9429	170	88	0	0	*	2
236	9469	170	89	0	0	*	2
237	9509	171	92	0	0	*	2
238	9549	172	96	0	0	*	2
239	9589	171	94	0	0	*	2
240	9629	172	96	0	0	*	2
241	9669	173	98	0	0	*	2
242	9709	173	100	0	0	*	2
243	9749	174	105	0	0	*	2
244	9789	174	105	0	0	*	2
245	9829	174	105	0	0	*	2
246	9869	175	107	0	0	*	2
247	9909	175	110	0	0	*	2
248	9949	176	112	0	0	*	2
249	9989	176	114	0	0	*	2
250	10029	176	116	0	0	*	2
251	10069	177	118	0	0	*	2
252	10109	177	119	0	0	*	2
253	10149	177	120	0	0	*	2
254	10189	178	123	0	0	*	2
255	10229	178	125	0	0	*	2
256	10269	178	127	0	0	*	2
257	10309	179	129	0	0	*	2
258	10349	179	131	0	0	*	2
259	10389	179	133	0	0	*	2
260	10429	179	135	0	0	*	2
261	10469	179	136	0	0	*	2
262	10509	179	138	0	0	*	2
263	10549	179	140	0	0	*	2
264	10589	179	142	0	0	*	2
265	10629	179	148	0	0	*	2
266	10669	179	146	0	0	*	2
267	10709	179	148	0	0	*	2
268	10749	179	150	0	0	*	2
269	10789	179	152	0	0	*	2
270	10829	178	154	0	0	*	2
271	10869	178	155	0	0	*	2
272	10909	178	157	0	0	*	2
273	10949	178	159	0	0	*	2
274	10989	178	161	0	0	*	2
275	11029	177	162	0	0	*	2
276	11069	177	165	0	0	*	2
277	11109	177	166	0	0	*	2
278	11149	176	168	0	0	*	2
279	11189	176	169	0	0	*	2
280	11229	175	171	0	0	*	2
281	11269	175	173	0	0	*	2
282	11309	174	175	0	0	*	2
283	11349	173	176	0	0	*	2
284	11389	173	178	0	0	*	2
285	11429	172	180	0	0	*	2
286	11469	171	182	0	0	*	2
287	11509	170	184	0	0	*	2
288	11549	170	185	0	0	*	2
289	11589	169	186	0	0	*	2
290	11629	168	187	0	0	*	2
291	11669	167	189	0	0	*	2
292	11709	166	191	0	0	*	2
293	11749	164	193	0	0	*	2
294	11789	163	194	0	0	*	2
295	11829	162	195	0	0	*	2
296	11869	162	197	0	0	*	2
297	11909	161	198	0	0	*	2
298	11949	159	200	0	0	*	2
299	11989	158	201	0	0	*	2
300	12029	157	202	0	0	*	2
301	12069	156	203	0	0	*	2
302	12109	154	204	0	0	*	2
303	12149	152	206	0	0	*	2
304	12189	151	207	0	0	*	2
305	12229	150	208	0	0	*	2
306	12269	149	209	0	0	*	2
307	12309	147	209	0	0	*	2
308	12349	146	210	0	0	*	2
309	12389	139	214	0	0	*	2
310	12429	138	214	0	0	*	2
311	12469	141	213	0	0	*	2
312	12509	135	215	0	0	*	2
313	12549	138	214	0	0	*	2
314	12589	136	215	0	0	*	2
315	12629	134	215	0	0	*	2
316	12669	133	215	0	0	*	2
317	12709	131	215	0	0	*	2
318	12749	129	215	0	0	*	2
319	12789	128	215	0	0	*	2
320	12829	126	215	0	0	*	2
321	12869	125	214	0	0	*	2
322	12909	123	214	0	0	*	2
323	12949	121	213	0	0	*	2
324	12989	120	212	0	0	*	2
325	13029	117	210	0	0	*	2
326	13069	116	210	0	0	*	2
327	13109	116	210	0	0	*	2
328	13149	114	209	0	0	*	2
329	13189	113	209	0	0	*	2
330	13229	111	207	0	0	*	2
331	13269	110	206	0	0	*	2
332	13309	109	205	0	0	*	2
333	13349	108	204	0	0	*	2
334	13389	107	203	0	0	*	2
335	13429	106	201	0	0	*	2
336	13469	104	200	0	0	*	2
337	13509	104	199	0	0	*	2
338	13549	103	197	0	0	*	2
339	13589	101	196	0	0	*	2
340	13629	100	194	0	0	*	2
341	13669	100	193	0	0	*	2
342	13709	98	191	0	0	*	2
343	13749	98	189	0	0	*	2
344	13789	97	187	0	0	*	2
345	13829	96	186	0	0	*	2
346	13869	95	184	0	0	*	2
347	13909	95	183	0	0	*	2
348	13949	94	182	0	0	*	2
349	13989	93	180	0	0	*	2
350	14029	92	178	0	0	*	2
351	14069	91	176	0	0	*	2
352	14109	91	174	0	0	*	2
353	14149	90	172	0	0	*	2
354	14189	89	170	0	0	*	2
355	14229	88	168	0	0	*	2
356	14269	87	166	0	0	*	2
357	14309	87	164	0	0	*	2
358	14349	87	162	0	0	*	2
359	14389	86	161	0	0	*	2
360	14429	85	159	0	0	*	2
361	14469	85	157	0	0	*	2
362	14509	85	155	0	0	*	2
363	14549	85	152	0	0	*	2
364	14589	84	151	0	0	*	2
365	14629	83	148	0	0	*	2
366	14669	82	145	0	0	*	2
367	14709	82	144	0	0	*	2
368	14749	82	142	0	0	*	2
369	14789	82	140	0	0	*	2
370	14829	81	138	0	0	*	2
371	14869	81	135	0	0	*	2
372	14909	81	134	0	0	*	2
373	14949	81	132	0	0	*	2
374	14989	81	129	0	0	*	2
375	15029	80	128	0	0	*	2
376	15069	80	124	0	0	*	2
377	15109	79	123	0	0	*	2
378	15149	79	121	0	0	*	2
379	15189	79	118	0	0	*	2
380	15229	79	116	0	0	*	2
381	15269	79	114	0	0	*	2
382	15309	78	108	0	0	*	2
383	15349	78	107	0	0	*	2
384	15389	79	108	0	0	*	2
385	15429	79	106	0	0	*	2
386	15469	79	104	0	0	*	2
387	15509	79	102	0	0	*	2
388	15549	79	100	0	0	*	2
389	15589	79	98	0	0	*	2
390	15629	80	96	0	0	*	2
391	15669	80	93	0	0	*	2
392	15709	80	91	0	0	*	2
393	15749	80	89	0	0	*	2
394	15789	81	87	0	0	*	2
395	15829	81	86	0	0	*	2
396	15869	82	84	0	0	*	2
397	15909	82	81	0	0	*	2
398	15949	82	79	0	0	*	2
399	15989	83	78	0	0	*	2
400	16029	83	76	0	0	*	2
401	16069	84	74	0	0	*	2
402	16109	84	72	0	0	*	2
403	16149	85	70	0	0	*	2
404	16189	85	69	0	0	*	2
405	16229	85	67	0	0	*	2
406	16269	86	65	0	0	*	2
407	16309	87	63	0	0	*	2
408	16349	87	61	0	0	*	2
409	16389	88	59	0	0	*	2
410	16429	88	57	0	0	*	2
411	16469	89	55	0	0	*	2
412	16509	90	53	0	0	*	2
413	16549	91	52	0	0	*	2
414	16589	91	50	0	0	*	2
415	16629	92	48	0	0	*	2
416	16669	93	46	0	0	*	2
417	16709	94	45	0	0	*	2
418	16749	96	43	0	0	*	2
419	16789	96	42	0	0	*	2
420	16829	97	41	0	0	*	2
421	16869	98	40	0	0	*	2
422	16909	100	38	0	0	*	2
423	16949	103	35	0	0	*	2
424	16989	105	33	0	0	*	2
425	17029	107	32	0	0	*	2
426	17069	104	34	0	0	*	2
427	17109	106	32	0	0	*	2
428	17149	108	31	0	0	*	2
429	17189	112	29	0	0	*	2
430	17229	114	28	0	0	*	2
431	17269	112	29	0	0	*	2
432	17309	113	28	0	0	*	2
433	17349	115	28	0	0	*	2
434	17389	117	27	0	0	*	2
435	17429	119	26	0	0	*	2
436	17469	120	26	0	0	*	2
437	17509	122	25	0	0	*	2
438	17549	123	25	0	0	*	2
439	17589	125	25	0	0	*	2
440	17629	126	24	0	0	*	2
441	17669	129	24	0	0	*	2
442	17709	130	24	0	0	*	2
443	17749	131	24	0	0	*	2
444	17789	132	24	0	0	*	2
445	17829	134	24	0	0	*	2
446	17869	140	24	0	0	*	2
447	17909	139	25	0	0	*	2
448	17949	140	25	0	0	*	2
449	17989	140	25	0	0	*	2
450	18029	141	25	0	0	*	2
451	18069	143	25	0	0	*	2
452	18109	146	26	0	0	*	2
453	18149	146	26	0	0	*	2
454	18189	147	27	0	0	*	2
455	18229	149	27	0	0	*	2
456	18269	151	28	0	0	*	2
457	18309	152	28	0	0	*	2
458	18349	154	29	0	0	*	2
459	18389	154	29	0	0	*	2
460	18429	156	30	0	0	*	2
461	18469	157	31	0	0	*	2
462	18509	159	32	0	0	*	2
463	18549	160	33	0	0	*	2
464	18589	161	34	0	0	*	2
465	18629	163	34	0	0	*	2
466	18669	164	36	0	0	*	2
467	18709	165	37	0	0	*	2
468	18749	166	38	0	0	*	2
469	18789	168	39	0	0	*	2
470	18829	168	40	0	0	*	2
471	18869	169	41	0	0	*	2
472	18909	170	42	0	0	*	2
473	18949	172	44	0	0	*	2
474	18989	174	46	0	0	*	2
475	19029	174	47	0	0	*	2
476	19069	175	48	0	0	*	2
477	19109	175	48	0	0	*	2
478	19149	176	50	0	0	*	2
479	19189	178	52	0	0	*	2
480	19229	179	53	0	0	*	2
481	19269	180	55	0	0	*	2
482	19309	181	56	0	0	*	2
483	19349	182	58	0	0	*	2
484	19389	182	59	0	0	*	2
485	19429	185	63	0	0	*	2
486	19469	186	64	0	0	*	2
487	19509	185	63	0	0	*	2
488	19549	187	65	0	0	*	2
489	19589	188	66	0	0	*	2
490	19629	190	69	0	0	*	2
491	19669	192	72	0	0	*	2
492	19709	191	71	0	0	*	2
493	19749	192	72	0	0	*	2
494	19789	193	74	0	0	*	2
495	19829	194	75	0	0	*	2
496	19869	197	80	0	0	*	2
497	19909	198	82	0	0	*	2
498	19949	196	81	0	0	*	2
499	19989	197	82	0	0	*	2
500	20029	199	84	0	0	*	2
501	20069	200	86	0	0	*	2
502	20109	201	89	0	0	*	2
503	20149	202	92	0	0	*	2
504	20189	201	90	0	0	*	2
505	20229	202	93	0	0	*	2
506	20269	203	94	0	0	*	2
507	20309	206	99	0	0	*	2
508	20349	206	101	0	0	*	2
509	20389	207	103	0	0	*	2
510	20429	206	101	0	0	*	2
511	20469	206	103	0	0	*	2
512	20509	207	105	0	0	*	2
513	20549	209	111	0	0	*	2
514	20589	210	113	0	0	*	2
515	20629	210	115	0	0	*	2
516	20669	209	113	0	0	*	2
517	20709	210	115	0	0	*	2
518	20749	210	116	0	0	*	2
519	20789	211	118	0	0	*	2
520	20829	211	120	0	0	*	2
521	20869	211	121	0	0	*	2
522	20909	211	124	0	0	*	2
523	20949	211	126	0	0	*	2
524	20989	212	131	0	0	*	2
525	21029	212	133	0	0	*	2
526	21069	211	131	0	0	*	2
527	21109	211	133	0	0	*	2
528	21149	211	135	0	0	*	2
529	21189	212	139	0	0	*	2
530	21229	212	142	0	0	*	2
531	21269	212	144	0	0	*	2
532	21309	212	142	0	0	*	2
533	21349	212	143	0	0	*	2
534	21389	212	145	0	0	*	2
535	21429	212	148	0	0	*	2
536	21469	212	150	0	0	*	2
537	21509	212	151	0	0	*	2
538	21549	212	152	0	0	*	2
539	21589	212	154	0	0	*	2
540	21629	212	156	0	0	*	2
541	21669	212	159	0	0	*	2
542	21709	212	160	0	0	*	2
543	21749	212	162	0	0	*	2
544	21789	211	163	0	0	*	2
545	21829	211	165	0	0	*	2
546	21869	211	166	0	0	*	2
547	21909	210	169	0	0	*	2
548	21949	210	171	0	0	*	2
549	21989	210	173	0	0	*	2
550	22029	209	174	0	0	*	2
551	22069	209	176	0	0	*	2
552	22109	208	177	0	0	*	2
553	22149	208	180	0	0	*	2
554	22189	207	181	0	0	*	2
555	22229	206	182	0	0	*	2
556	22269	206	184	0	0	*	2
557	22309	205	186	0	0	*	2
558	22349	204	187	0	0	*	2
559	22389	203	189	0	0	*	2
560	22429	202	189	0	0	*	2
561	22469	201	190	0	0	*	2
562	22509	200	192	0	0	*	2
563	22549	199	193	0	0	*	2
564	22589	197	194	0	0	*	2
565	22629	196	195	0	0	*	2
566	22669	195	196	0	0	*	2
567	22709	194	197	0	0	*	2
568	22749	193	198	0	0	*	2
569	22789	191	199	0	0	*	2
570	22829	190	200	0	0	*	2
571	22869	188	200	0	0	*	2
572	22909	187	201	0	0	*	2
573	22949	185	202	0	0	*	2
574	22989	184	202	0	0	*	2
575	23029	182	202	0	0	*	2
576	23069	181	202	0	0	*	2
577	23109	179	203	0	0	*	2
578	23149	178	203	0	0	*	2
579	23189	177	203	0	0	*	2
580	23229	175	202	0	0	*	2
581	23269	174	202	0	0	*	2
582	23309	172	202	0	0	*	2
583	23349	171	202	0	0	*	2
584	23389	170	201	0	0	*	2
585	23429	168	201	0	0	*	2
586	23469	167	200	0	0	*	2
587	23509	165	200	0	0	*	2
588	23549	164	200	0	0	*	2
589	23589	162	199	0	0	*	2
590	23629	161	199	0	0	*	2
591	23669	159	198	0	0	*	2
592	23709	158	198	0	0	*	2
593	23749	157	197	0	0	*	2
594	23789	155	197	0	0	*	2
595	23829	154	196	0	0	*	2
596	23869	152	195	0	0	*	2
597	23909	151	195	0	0	*	2
598	23949	149	194	0	0	*	2
599	23989	148	193	0	0	*	2
600	24029	146	193	0	0	*	2
601	24069	145	192	0	0	*	2
602	24109	143	190	0	0	*	2
603	24149	142	189	0	0	*	2
604	24189	140	188	0	0	*	2
605	24229	139	187	0	0	*	2
606	24269	137	186	0	0	*	2
607	24309	136	185	0	0	*	2
608	24349	134	184	0	0	*	2
609	24389	133	183	0	0	*	2
610	24429	132	181	0	0	*	2
611	24469	130	180	0	0	*	2
612	24509	129	179	0	0	*	2
613	24549	127	177	0	0	*	2
614	24589	126	175	0	0	*	2
615	24629	124	174	0	0	*	2
616	24669	123	172	0	0	*	2
617	24709	122	171	0	0	*	2
618	24749	121	170	0	0	*	2
619	24789	120	167	0	0	*	2
620	24829	119	166	0	0	*	2
621	24869	118	165	0	0	*	2
622	24909	117	163	0	0	*	2
623	24949	116	162	0	0	*	2
624	24989	115	160	0	0	*	2
625	25029	114	158	0	0	*	2
626	25069	113	157	0	0	*	2
627	25109	112	155	0	0	*	2
628	25149	110	152	0	0	*	2
629	25189	110	151	0	0	*	2
630	25229	109	149	0	0	*	2
631	25269	109	148	0	0	*	2
632	25309	108	146	0	0	*	2
633	25349	106	143	0	0	*	2
634	25389	107	142	0	0	*	2
635	25429	106	140	0	0	*	2
636	25469	105	138	0	0	*	2
637	25509	105	136	0	0	*	2
638	25549	103	133	0	0	*	2
639	25589	102	129	0	0	*	2
640	25629	103	130	0	0	*	2
641	25669	103	128	0	0	*	2
642	25709	102	126	0	0	*	2
643	25749	101	124	0	0	*	2
644	25789	99	118	0	0	*	2
645	25829	99	116	0	0	*	2
646	25869	99	115	0	0	*	2
647	25909	100	116	0	0	*	2
648	25949	100	115	0	0	*	2
649	25989	99	112	0	0	*	2
650	26029	97	108	0	0	*	2
651	26069	98	108	0	0	*	2
652	26109	98	107	0	0	*	2
653	26149	98	105	0	0	*	2
654	26189	97	101	0	0	*	2
655	26229	97	100	0	0	*	2
656	26269	96	96	0	0	*	2
657	26309	96	97	0	0	*	2
658	26349	96	95	0	0	*	2
659	26389	96	93	0	0	*	2
660	26429	96	91	0	0	*	2
661	26469	95	90	0	0	*	2
662	26509	95	88	0	0	*	2
663	26549	95	86	0	0	*	2
664	26589	95	84	0	0	*	2
665	26629	95	83	0	0	*	2
666	26669	95	81	0	0	*	2
667	26709	95	80	0	0	*	2
668	26749	94	78	0	0	*	2
669	26789	94	76	0	0	*	2
670	26829	94	74	0	0	*	2
671	26869	94	72	0	0	*	2
672	26909	94	70	0	0	*	2
673	26949	94	68	0	0	*	2
674	26989	94	67	0	0	*	2
675	27029	94	65	0	0	*	2
676	27069	95	63	0	0	*	2
677	27109	95	61	0	0	*	2
678	27149	95	59	0	0	*	2
679	27189	95	57	0	0	*	2
680	27229	96	56	0	0	*	2
681	27269	96	53	0	0	*	2
682	27309	97	52	0	0	*	2
683	27349	97	50	0	0	*	2
684	27389	98	48	0	0	*	2
685	27429	98	46	0	0	*	2
686	27469	99	45	0	0	*	2
687	27509	100	43	0	0	*	2
688	27549	101	42	0	0	*	2
689	27589	102	41	0	0	*	2
690	27629	103	39	0	0	*	2
691	27669	104	37	0	0	*	2
692	27709	105	36	0	0	*	2
693	27749	107	34	0	0	*	2
694	27789	107	34	0	0	*	2
695	27829	108	33	0	0	*	2
696	27869	109	31	0	0	*	2
697	27909	110	30	0	0	*	2
698	27949	111	28	0	0	*	2
699	27989	113	27	0	0	*	2
700	28029	113	27	0	0	*	2
701	28069	114	26	0	0	*	2
702	28109	115	25	0	0	*	2
703	28149	117	24	0	0	*	2
704	28189	121	21	0	0	*	2
705	28229	120	21	0	0	*	2
706	28269	124	19	0	0	*	2
707	28309	121	21	0	0	*	2
708	28349	123	19	0	0	*	2
709	28389	125	18	0	0	*	2
710	28429	129	16	0	0	*	2
711	28469	129	16	0	0	*	2
712	28509	128	16	0	0	*	2
713	28549	129	16	0	0	*	2
714	28589	131	15	0	0	*	2
715	28629	133	14	0	0	*	2
716	28669	134	14	0	0	*	2
717	28709	134	13	0	0	*	2
718	28749	135	14	0	0	*	2
719	28789	136	14	0	0	*	2
720	28829	138	13	0	0	*	2
721	28869	139	13	0	0	*	2
722	28909	140	14	0	0	*	2
723	28949	142	13	0	0	*	2
724	28989	143	13	0	0	*	2
725	29029	143	13	0	0	*	2
726	29069	144	14	0	0	*	2
727	29109	146	14	0	0	*	2
728	29149	146	14	0	0	*	2
729	29189	147	14	0	0	*	2
730	29229	148	15	0	0	*	2
731	29269	149	15	0	0	*	2
732	29309	150	17	0	0	*	2
733	29349	151	18	0	0	*	2
734	29389	152	19	0	0	*	2
735	29429	153	21	0	0	*	2
736	29469	154	22	0	0	*	2
737	29509	156	26	0	0	*	2
738	29549	155	25	0	0	*	2
739	29589	156	26	0	0	*	2
740	29629	157	29	0	0	*	2
741	29669	157	30	0	0	*	2
742	29709	158	31	0	0	*	2
743	29749	158	32	0	0	*	2
744	29789	158	33	0	0	*	2
745	29829	159	35	0	0	*	2
746	29869	160	36	0	0	*	2
747	29909	160	37	0	0	*	2
748	29949	161	39	0	0	*	2
749	29989	161	39	0	0	*	2
750	30029	161	40	0	0	*	2
751	30069	162	42	0	0	*	2
752	30109	163	43	0	0	*	2
753	30149	164	45	0	0	*	2
754	30189	164	46	0	0	*	2
755	30229	164	47	0	0	*	2
756	30269	165	49	0	0	*	2
757	30309	166	51	0	0	*	2
758	30349	166	53	0	0	*	2
759	30389	167	54	0	0	*	2
760	30429	167	56	0	0	*	2
761	30469	168	58	0	0	*	2
762	30509	168	59	0	0	*	2
763	30549	169	61	0	0	*	2
764	30589	170	66	0	0	*	2
765	30629	170	65	0	0	*	2
766	30669	170	66	0	0	*	2
767	30709	171	68	0	0	*	2
768	30749	171	70	0	0	*	2
769	30789	172	72	0	0	*	2
770	30829	173	74	0	0	*	2
771	30869	173	75	0	0	*	2
772	30909	173	77	0	0	*	2
773	30949	174	79	0	0	*	2
774	30989	174	80	0	0	*	2
775	31029	175	83	0	0	*	2
776	31069	175	85	0	0	*	2
777	31109	175	86	0	0	*	2
778	31149	176	88	0	0	*	2
779	31189	176	90	0	0	*	2
780	31229	177	91	0	0	*	2
781	31269	177	94	0	0	*	2
782	31309	177	96	0	0	*	2
783	31349	177	97	0	0	*	2
784	31389	178	99	0	0	*	2
785	31429	178	100	0	0	*	2
786	31469	178	102	0	0	*	2
787	31509	178	104	0	0	*	2
788	31549	179	109	0	0	*	2
789	31589	179	107	0	0	*	2
790	31629	179	109	0	0	*	2
791	31669	179	111	0	0	*	2
792	31709	179	113	0	0	*	2
793	31749	180	116	0	0	*	2
794	31789	180	116	0	0	*	2
795	31829	180	118	0	0	*	2
796	31869	180	120	0	0	*	2
797	31909	180	121	0	0	*	2
798	31949	181	125	0	0	*	2
799	31989	181	125	0	0	*	2
800	32029	181	127	0	0	*	2
801	32069	181	129	0	0	*	2
802	32109	181	131	0	0	*	2
803	32149	181	133	0	0	*	2
804	32189	181	135	0	0	*	2
805	32229	181	137	0	0	*	2
806	32269	181	138	0	0	*	2
807	32309	182	139	0	0	*	2
808	32349	182	141	0	0	*	2
809	32389	182	143	0	0	*	2
810	32429	182	144	0	0	*	2
811	32469	182	146	0	0	*	2
812	32509	182	148	0	0	*	2
813	32549	182	150	0	0	*	2
814	32589	182	152	0	0	*	2
815	32629	183	155	0	0	*	2
816	32669	183	155	0	0	*	2
817	32709	183	157	0	0	*	2
818	32749	183	159	0	0	*	2
819	32789	183	160	0	0	*	2
820	32829	183	162	0	0	*	2
821	32869	183	164	0	0	*	2
822	32909	183	165	0	0	*	2
823	32949	183	168	0	0	*	2
824	32989	183	170	0	0	*	2
825	33029	183	171	0	0	*	2
826	33069	183	173	0	0	*	2
827	33109	183	174	0	0	*	2
828	33149	183	176	0	0	*	2
829	33189	182	178	0	0	*	2
830	33229	182	180	0	0	*	2
831	33269	182	181	0	0	*	2
832	33309	182	183	0	0	*	2
833	33349	182	185	0	0	*	2
834	33389	182	186	0	0	*	2
835	33429	182	188	0	0	*	2
836	33469	182	189	0	0	*	2
837	33509	182	191	0	0	*	2
838	33549	181	194	0	0	*	2
839	33589	181	195	0	0	*	2
840	33629	180	196	0	0	*	2
841	33669	180	198	0	0	*	2
842	33709	179	200	0	0	*	2
843	33749	179	201	0	0	*	2
844	33789	178	204	0	0	*	2
845	33829	177	205	0	0	*	2
846	33869	177	206	0	0	*	2
847	33909	176	208	0	0	*	2
848	33949	175	209	0	0	*	2
849	33989	174	210	0	0	*	2
850	34029	173	211	0	0	*	2
851	34069	172	213	0	0	*	2
852	34109	171	214	0	0	*	2
853	34149	170	215	0	0	*	2
854	34189	169	216	0	0	*	2
855	34229	167	217	0	0	*	2
856	34269	166	217	0	0	*	2
857	34309	165	218	0	0	*	2
858	34349	164	219	0	0	*	2
859	34389	163	219	0	0	*	2
860	34429	161	219	0	0	*	2
861	34469	160	220	0	0	*	2
862	34509	159	220	0	0	*	2
863	34549	158	220	0	0	*	2
864	34589	157	220	0	0	*	2
865	34629	155	220	0	0	*	2
866	34669	154	219	0	0	*	2
867	34709	153	219	0	0	*	2
868	34749	151	219	0	0	*	2
869	34789	150	219	0	0	*	2
870	34829	149	218	0	0	*	2
871	34869	148	217	0	0	*	2
872	34909	147	217	0	0	*	2
873	34949	146	216	0	0	*	2
874	34989	145	216	0	0	*	2
875	35029	144	215	0	0	*	2
876	35069	142	213	0	0	*	2
877	35109	141	212	0	0	*	2
878	35149	140	211	0	0	*	2
879	35189	139	211	0	0	*	2
880	35229	138	209	0	0	*	2
881	35269	137	209	0	0	*	2
882	35309	136	208	0	0	*	2
883	35349	135	206	0	0	*	2
884	35389	134	205	0	0	*	2
885	35429	133	204	0	0	*	2
886	35469	132	203	0	0	*	2
887	35509	131	202	0	0	*	2
888	35549	129	200	0	0	*	2
889	35589	128	199	0	0	*	2
890	35629	127	198	0	0	*	2
891	35669	126	197	0	0	*	2
892	35709	125	195	0	0	*	2
893	35749	124	194	0	0	*	2
894	35789	123	193	0	0	*	2
895	35829	121	191	0	0	*	2
896	35869	121	190	0	0	*	2
897	35909	120	189	0	0	*	2
898	35949	119	187	0	0	*	2
899	35989	118	185	0	0	*	2
900	36029	117	184	0	0	*	2
901	36069	116	182	0	0	*	2
902	36109	115	181	0	0	*	2
903	36149	114	179	0	0	*	2
904	36189	113	177	0	0	*	2
905	36229	112	175	0	0	*	2
906	36269	111	173	0	0	*	2
907	36309	110	172	0	0	*	2
908	36349	109	170	0	0	*	2
909	36389	109	168	0	0	*	2
910	36429	108	166	0	0	*	2
911	36469	107	164	0	0	*	2
912	36509	106	163	0	0	*	2
913	36549	105	161	0	0	*	2
914	36589	104	160	0	0	*	2
915	36629	103	158	0	0	*	2
916	36669	102	156	0	0	*	2
917	36709	101	153	0	0	*	2
918	36749	99	149	0	0	*	2
919	36789	98	147	0	0	*	2
920	36829	99	149	0	0	*	2
921	36869	99	147	0	0	*	2
922	36909	98	145	0	0	*	2
923	36949	96	141	0	0	*	2
924	36989	96	140	0	0	*	2
925	37029	96	139	0	0	*	2
926	37069	95	138	0	0	*	2
927	37109	95	135	0	0	*	2
928	37149	94	133	0	0	*	2
929	37189	92	127	0	0	*	2
930	37229	91	125	0	0	*	2
931	37269	93	128	0	0	*	2
932	37309	93	126	0	0	*	2
933	37349	92	124	0	0	*	2
934	37389	91	120	0	0	*	2
935	37429	91	119	0	0	*	2
936	37469	91	118	0	0	*	2
937	37509	91	116	0	0	*	2
938	37549	91	114	0	0	*	2
939	37589	90	110	0	0	*	2
940	37629	90	106	0	0	*	2
941	37669	90	108	0	0	*	2
942	37709	90	106	0	0	*	2
943	37749	90	104	0	0	*	2
944	37789	90	101	0	0	*	2
945	37829	89	99	0	0	*	2
946	37869	89	97	0	0	*	2
947	37909	90	96	0	0	*	2
948	37949	90	94	0	0	*	2
949	37989	90	92	0	0	*	2
950	38029	90	90	0	0	*	2
951	38069	90	88	0	0	*	2
952	38109	90	86	0	0	*	2
953	38149	90	84	0	0	*	2
954	38189	90	82	0	0	*	2
955	38229	90	81	0	0	*	2
956	38269	91	78	0	0	*	2
957	38309	91	76	0	0	*	2
958	38349	91	75	0	0	*	2
959	38389	91	73	0	0	*	2
960	38429	91	71	0	0	*	2
961	38469	92	70	0	0	*	2
962	38509	92	68	0	0	*	2
963	38549	92	66	0	0	*	2
964	38589	92	64	0	0	*	2
965	38629	92	62	0	0	*	2
966	38669	93	60	0	0	*	2
967	38709	93	58	0	0	*	2
968	38749	94	56	0	0	*	2
969	38789	94	54	0	0	*	2
970	38829	94	53	0	0	*	2
971	38869	95	51	0	0	*	2
972	38909	95	49	0	0	*	2
973	38949	95	47	0	0	*	2
974	38989	96	46	0	0	*	2
975	39029	96	45	0	0	*	2
976	39069	97	43	0	0	*	2
977	39109	98	41	0	0	*	2
978	39149	98	40	0	0	*	2
979	39189	99	38	0	0	*	2
980	39229	100	36	0	0	*	2
981	39269	102	33	0	0	*	2
982	39309	104	31	0	0	*	2
983	39349	106	28	0	0	*	2
984	39389	105	30	0	0	*	2
985	39429	105	29	0	0	*	2
986	39469	107	28	0	0	*	2
987	39509	109	25	0	0	*	2
988	39549	111	24	0	0	*	2
989	39589	113	23	0	0	*	2
990	39629	112	23	0	0	*	2
991	39669	113	23	0	0	*	2
992	39709	115	22	0	0	*	2
993	39749	116	21	0	0	*	2
994	39789	118	20	0	0	*	2
995	39829	121	19	0	0	*	2
996	39869	120	20	0	0	*	2
997	39909	121	20	0	0	*	2
998	39949	123	19	0	0	*	2
999	39989	125	19	0	0	*	2
1000	40029	129	18	0	0	*	2
1001	40069	128	18	0	0	*	2
1002	40109	129	18	0	0	*	2
1003	40149	129	18	0	0	*	2
1004	40189	130	18	0	0	*	2
1005	40229	135	17	0	0	*	2
1006	40269	135	17	0	0	*	2
1007	40309	136	17	0	0	*	2
1008	40349	136	17	0	0	*	2
1009	40389	136	17	0	0	*	2
1010	40429	137	18	0	0	*	2
1011	40469	140	18	0	0	*	2
1012	40509	141	18	0	0	*	2
1013	40549	141	19	0	0	*	2
1014	40589	142	19	0	0	*	2
1015	40629	143	20	0	0	*	2
1016	40669	145	21	0	0	*	2
1017	40709	145	21	0	0	*	2
1018	40749	146	21	0	0	*	2
1019	40789	148	22	0	0	*	2
1020	40829	148	23	0	0	*	2
1021	40869	149	23	0	0	*	2
1022	40909	150	24	0	0	*	2
1023	40949	152	25	0	0	*	2
1024	40989	153	26	0	0	*	2
1025	41029	155	28	0	0	*	2
1026	41069	155	29	0	0	*	2
1027	41109	156	30	0	0	*	2
1028	41149	157	31	0	0	*	2
1029	41189	158	32	0	0	*	2
1030	41229	158	33	0	0	*	2
1031	41269	159	35	0	0	*	2
1032	41309	160	36	0	0	*	2
1033	41349	161	37	0	0	*	2
1034	41389	162	39	0	0	*	2
1035	41429	163	40	0	0	*	2
1036	41469	164	41	0	0	*	2
1037	41509	164	43	0	0	*	2
1038	41549	165	44	0	0	*	2
1039	41589	166	46	0	0	*	2
1040	41629	167	46	0	0	*	2
1041	41669	168	48	0	0	*	2
1042	41709	169	50	0	0	*	2
1043	41749	170	52	0	0	*	2
1044	41789	170	53	0	0	*	2
1045	41829	171	54	0	0	*	2
1046	41869	172	56	0	0	*	2
1047	41909	173	58	0	0	*	2
1048	41949	175	60	0	0	*	2
1049	41989	177	62	0	0	*	2
1050	42029	176	62	0	0	*	2
1051	42069	177	63	0	0	*	2
1052	42109	179	65	0	0	*	2
1053	42149	180	67	0	0	*	2
1054	42189	182	70	0	0	*	2
1055	42229	182	70	0	0	*	2
1056	42269	182	71	0	0	*	2
1057	42309	183	73	0	0	*	2
1058	42349	184	75	0	0	*	2
1059	42389	187	79	0	0	*	2
1060	42429	188	80	0	0	*	2
1061	42469	187	79	0	0	*	2
1062	42509	188	81	0	0	*	2
1063	42549	189	82	0	0	*	2
1064	42589	190	85	0	0	*	2
1065	42629	193	89	0	0	*	2
1066	42669	192	89	0	0	*	2
1067	42709	192	89	0	0	*	2
1068	42749	193	91	0	0	*	2
1069	42789	194	93	0	0	*	2
1070	42829	195	95	0	0	*	2
1071	42869	196	97	0	0	*	2
1072	42909	196	98	0	0	*	2
1073	42949	196	100	0	0	*	2
1074	42989	197	102	0	0	*	2
1075	43029	198	105	0	0	*	2
1076	43069	199	109	0	0	*	2
1077	43109	199	108	0	0	*	2
1078	43149	199	109	0	0	*	2
1079	43189	200	110	0	0	*	2
1080	43229	200	112	0	0	*	2
1081	43269	201	115	0	0	*	2
1082	43309	202	119	0	0	*	2
1083	43349	202	118	0	0	*	2
1084	43389	202	120	0	0	*	2
1085	43429	202	121	0	0	*	2
1086	43469	202	123	0	0	*	2
1087	43509	203	127	0	0	*	2
1088	43549	203	128	0	0	*	2
1089	43589	203	129	0	0	*	2
1090	43629	203	131	0	0	*	2
1091	43669	203	133	0	0	*	2
1092	43709	204	136	0	0	*	2
1093	43749	204	140	0	0	*	2
1094	43789	204	139	0	0	*	2
1095	43829	204	140	0	0	*	2
1096	43869	204	141	0	0	*	2
1097	43909	204	144	0	0	*	2
1098	43949	204	147	0	0	*	2
1099	43989	204	151	0	0	*	2
1100	44029	203	150	0	0	*	2
1101	44069	203	151	0	0	*	2
1102	44109	203	153	0	0	*	2
1103	44149	203	157	0	0	*	2
1104	44189	203	158	0	0	*	2
1105	44229	202	159	0	0	*	2
1106	44269	202	160	0	0	*	2
1107	44309	202	162	0	0	*	2
1108	44349	201	164	0	0	*	2
1109	44389	201	167	0	0	*	2
1110	44429	201	168	0	0	*	2
1111	44469	200	169	0	0	*	2
1112	44509	200	171	0	0	*	2
1113	44549	199	173	0	0	*	2
1114	44589	199	175	0	0	*	2
1115	44629	198	178	0	0	*	2
1116	44669	198	178	0	0	*	2
1117	44709	197	180	0	0	*	2
1118	44749	197	181	0	0	*	2
1119	44789	196	183	0	0	*	2
1120	44829	195	185	0	0	*	2
1121	44869	194	187	0	0	*	2
1122	44909	194	188	0	0	*	2
1123	44949	193	189	0	0	*	2
1124	44989	192	190	0	0	*	2
1125	45029	191	192	0	0	*	2
1126	45069	190	193	0	0	*	2
1127	45109	188	195	0	0	*	2
1128	45149	187	197	0	0	*	2
1129	45189	186	198	0	0	*	2
1130	45229	185	198	0	0	*	2
1131	45269	184	199	0	0	*	2
1132	45309	183	201	0	0	*	2
1133	45349	182	202	0	0	*	2
1134	45389	181	202	0	0	*	2
1135	45429	180	203	0	0	*	2
1136	45469	178	204	0	0	*	2
1137	45509	176	205	0	0	*	2
1138	45549	175	205	0	0	*	2
1139	45589	173	206	0	0	*	2
1140	45629	172	206	0	0	*	2
1141	45669	171	207	0	0	*	2
1142	45709	170	207	0	0	*	2
1143	45749	168	208	0	0	*	2
1144	45789	167	208	0	0	*	2
1145	45829	165	208	0	0	*	2
1146	45869	164	208	0	0	*	2
1147	45909	163	208	0	0	*	2
1148	45949	162	209	0	0	*	2
1149	45989	159	209	0	0	*	2
1150	46029	158	209	0	0	*	2
1151	46069	157	209	0	0	*	2
1152	46109	156	209	0	0	*	2
1153	46149	154	208	0	0	*	2
1154	46189	153	208	0	0	*	2
1155	46229	151	207	0	0	*	2
1156	46269	149	207	0	0	*	2
1157	46309	148	206	0	0	*	2
1158	46349	146	205	0	0	*	2
1159	46389	146	205	0	0	*	2
1160	46429	144	204	0	0	*	2
1161	46469	142	203	0	0	*	2
1162	46509	141	202	0	0	*	2
1163	46549	140	201	0	0	*	2
1164	46589	139	201	0	0	*	2
1165	46629	137	199	0	0	*	2
1166	46669	136	198	0	0	*	2
1167	46709	134	197	0	0	*	2
1168	46749	134	196	0	0	*	2
1169	46789	132	196	0	0	*	2
1170	46829	132	195	0	0	*	2
1171	46869	130	193	0	0	*	2
1172	46909	128	192	0	0	*	2
1173	46949	128	191	0	0	*	2
1174	46989	126	190	0	0	*	2
1175	47029	125	189	0	0	*	2
1176	47069	124	187	0	0	*	2
1177	47109	123	186	0	0	*	2
1178	47149	122	185	0	0	*	2
1179	47189	121	184	0	0	*	2
1180	47229	120	183	0	0	*	2
1181	47269	119	181	0	0	*	2
1182	47309	117	180	0	0	*	2
1183	47349	116	178	0	0	*	2
1184	47389	115	177	0	0	*	2
1185	47429	114	176	0	0	*	2
1186	47469	113	174	0	0	*	2
1187	47509	111	173	0	0	*	2
1188	47549	110	171	0	0	*	2
1189	47589	109	170	0	0	*	2
1190	47629	108	168	0	0	*	2
1191	47669	107	167	0	0	*	2
1192	47709	107	166	0	0	*	2
1193	47749	105	164	0	0	*	2
1194	47789	105	163	0	0	*	2
1195	47829	103	161	0	0	*	2
1196	47869	102	158	0	0	*	2
1197	47909	101	157	0	0	*	2
1198	47949	101	156	0	0	*	2
1199	47989	100	154	0	0	*	2
1200	48029	99	152	0	0	*	2
1201	48069	98	149	0	0	*	2
1202	48109	96	145	0	0	*	2
1203	48149	96	143	0	0	*	2
1204	48189	97	145	0	0	*	2
1205	48229	96	143	0	0	*	2
1206	48269	95	141	0	0	*	2
1207	48309	93	136	0	0	*	2
1208	48349	93	135	0	0	*	2
1209	48389	93	136	0	0	*	2
1210	48429	93	134	0	0	*	2
1211	48469	92	133	0	0	*	2
1212	48509	92	130	0	0	*	2
1213	48549	89	126	0	0	*	2
1214	48589	89	124	0	0	*	2
1215	48629	88	121	0	0	*	2
1216	48669	88	120	0	0	*	2
1217	48709	89	121	0	0	*	2
1218	48749	88	119	0	0	*	2
1219	48789	86	115	0	0	*	2
1220	48829	85	112	0	0	*	2
1221	48869	85	111	0	0	*	2
1222	48909	85	109	0	0	*	2
1223	48949	86	112	0	0	*	2
1224	48989	85	110	0	0	*	2
1225	49029	84	105	0	0	*	2
1226	49069	85	107	0	0	*	2
1227	49109	85	105	0	0	*	2
1228	49149	84	103	0	0	*	2
1229	49189	84	101	0	0	*	2
1230	49229	83	99	0	0	*	2
1231	49269	83	98	0	0	*	2
1232	49309	83	96	0	0	*	2
1233	49349	83	95	0	0	*	2
1234	49389	83	93	0	0	*	2
1235	49429	82	91	0	0	*	2
1236	49469	82	89	0	0	*	2
1237	49509	82	87	0	0	*	2
1238	49549	81	86	0	0	*	2
1239	49589	81	84	0	0	*	2
1240	49629	81	82	0	0	*	2
1241	49669	81	80	0	0	*	2
1242	49709	80	78	0	0	*	2
1243	49749	80	77	0	0	*	2
1244	49789	80	75	0	0	*	2
1245	49829	80	73	0	0	*	2
1246	49869	80	71	0	0	*	2
1247	49909	79	70	0	0	*	2
1248	49949	79	68	0	0	*	2
1249	49989	79	66	0	0	*	2
1250	50029	79	64	0	0	*	2
1251	50069	79	62	0	0	*	2
1252	50109	79	60	0	0	*	2
1253	50149	79	59	0	0	*	2
1254	50189	80	57	0	0	*	2
1255	50229	80	55	0	0	*	2
1256	50269	80	53	0	0	*	2
1257	50309	81	52	0	0	*	2
1258	50349	81	51	0	0	*	2
1259	50389	81	49	0	0	*	2
1260	50429	82	47	0	0	*	2
1261	50469	82	46	0	0	*	2
1262	50509	83	44	0	0	*	2
1263	50549	83	43	0	0	*	2
1264	50589	84	42	0	0	*	2
1265	50629	84	40	0	0	*	2
1266	50669	85	39	0	0	*	2
1267	50709	86	36	0	0	*	2
1268	50749	87	35	0	0	*	2
1269	50789	87	34	0	0	*	2
1270	50829	88	33	0	0	*	2
1271	50869	92	28	0	0	*	2
1272	50909	90	31	0	0	*	2
1273	50949	91	29	0	0	*	2
1274	50989	94	27	0	0	*	2
1275	51029	96	25	0	0	*	2
1276	51069	97	23	0	0	*	2
1277	51109	96	25	0	0	*	2
1278	51149	97	24	0	0	*	2
1279	51189	100	23	0	0	*	2
1280	51229	102	21	0	0	*	2
1281	51269	100	23	0	0	*	2
1282	51309	101	22	0	0	*	2
1283	51349	103	21	0	0	*	2
1284	51389	108	19	0	0	*	2
1285	51429	109	18	0	0	*	2
1286	51469	110	17	0	0	*	2
1287	51509	109	18	0	0	*	2
1288	51549	110	17	0	0	*	2
1289	51589	112	17	0	0	*	2
1290	51629	116	15	0	0	*	2
1291	51669	118	14	0	0	*	2
1292	51709	120	14	0	0	*	2
1293	51749	117	15	0	0	*	2
1294	51789	119	15	0	0	*	2
1295	51829	122	14	0	0	*	2
1296	51869	123	14	0	0	*	2
1297	51909	124	14	0	0	*	2
1298	51949	125	14	0	0	*	2
1299	51989	126	14	0	0	*	2
1300	52029	128	14	0	0	*	2
1301	52069	130	13	0	0	*	2
1302	52109	131	14	0	0	*	2
1303	52149	132	14	0	0	*	2
1304	52189	133	14	0	0	*	2
1305	52229	134	14	0	0	*	2
1306	52269	136	14	0	0	*	2
1307	52309	138	14	0	0	*	2
1308	52349	139	15	0	0	*	2
1309	52389	141	15	0	0	*	2
1310	52429	142	15	0	0	*	2
1311	52469	143	16	0	0	*	2
1312	52509	145	16	0	0	*	2
1313	52549	146	17	0	0	*	2
1314	52589	147	18	0	0	*	2
1315	52629	148	18	0	0	*	2
1316	52669	149	19	0	0	*	2
1317	52709	151	20	0	0	*	2
1318	52749	152	21	0	0	*	2
1319	52789	153	21	0	0	*	2
1320	52829	154	22	0	0	*	2
1321	52869	155	23	0	0	*	2
1322	52909	157	24	0	0	*	2
1323	52949	158	25	0	0	*	2
1324	52989	160	27	0	0	*	2
1325	53029	160	27	0	0	*	2
1326	53069	161	28	0	0	*	2
1327	53109	163	29	0	0	*	2
1328	53149	164	30	0	0	*	2
1329	53189	166	32	0	0	*	2
1330	53229	167	33	0	0	*	2
1331	53269	168	34	0	0	*	2
1332	53309	169	34	0	0	*	2
1333	53349	170	35	0	0	*	2
1334	53389	171	37	0	0	*	2
1335	53429	172	38	0	0	*	2
1336	53469	173	39	0	0	*	2
1337	53509	174	40	0	0	*	2
1338	53549	176	41	0	0	*	2
1339	53589	178	43	0	0	*	2
1340	53629	179	44	0	0	*	2
1341	53669	181	46	0	0	*	2
1342	53709	181	46	0	0	*	2
1343	53749	182	47	0	0	*	2
1344	53789	183	48	0	0	*	2
1345	53829	184	49	0	0	*	2
1346	53869	189	53	0	0	*	2
1347	53909	188	52	0	0	*	2
1348	53949	189	53	0	0	*	2
1349	53989	190	54	0	0	*	2
1350	54029	191	56	0	0	*	2
1351	54069	194	57	0	0	*	2
1352	54109	197	60	0	0	*	2
1353	54149	199	61	0	0	*	2
1354	54189	197	60	0	0	*	2
1355	54229	198	61	0	0	*	2
1356	54269	199	62	0	0	*	2
1357	54309	204	65	0	0	*	2
1358	54349	206	67	0	0	*	2
1359	54389	205	66	0	0	*	2
1360	54429	205	67	0	0	*	2
1361	54469	206	68	0	0	*	2
1362	54509	209	70	0	0	*	2
1363	54549	213	72	0	0	*	2
1364	54589	214	73	0	0	*	2
1365	54629	215	74	0	0	*	2
1366	54669	214	73	0	0	*	2
1367	54709	215	74	0	0	*	2
1368	54749	217	76	0	0	*	2
1369	54789	219	78	0	0	*	2
1370	54829	221	80	0	0	*	2
1371	54869	219	79	0	0	*	2
1372	54909	219	79	0	0	*	2
1373	54949	221	82	0	0	*	2
1374	54989	223	85	0	0	*	2
1375	55029	224	87	0	0	*	2
1376	55069	225	89	0	0	*	2
1377	55109	225	90	0	0	*	2
1378	55149	224	87	0	0	*	2
1379	55189	225	90	0	0	*	2
1380	55229	226	93	0	0	*	2
1381	55269	226	95	0	0	*	2
1382	55309	227	96	0	0	*	2
1383	55349	227	94	0	0	*	2
1384	55389	227	94	0	0	*	2
1385	55429	226	99	0	0	*	2
1386	55469	226	102	0	0	*	2
1387	55509	226	103	0	0	*	2
1388	55549	226	104	0	0	*	2
1389	55589	227	101	0	0	*	2
1390	55629	226	103	0	0	*	2
1391	55669	225	109	0	0	*	2
1392	55709	225	110	0	0	*	2
1393	55749	225	111	0	0	*	2
1394	55789	225	111	0	0	*	2
1395	55829	224	113	0	0	*	2
1396	55869	223	116	0	0	*	2
1397	55909	223	116	0	0	*	2
1398	55949	223	117	0	0	*	2
1399	55989	224	117	0	0	*	2
1400	56029	223	117	0	0	*	2
1401	56069	222	122	0	0	*	2
1402	56109	222	124	0	0	*	2
1403	56149	221	125	0	0	*	2
1404	56189	221	126	0	0	*	2
1405	56229	221	124	0	0	*	2
1406	56269	221	126	0	0	*	2
1407	56309	220	128	0	0	*	2
1408	56349	220	130	0	0	*	2
1409	56389	219	131	0	0	*	2
1410	56429	219	132	0	0	*	2
1411	56469	219	134	0	0	*	2
1412	56509	218	135	0	0	*	2
1413	56549	218	137	0	0	*	2
1414	56589	217	139	0	0	*	2
1415	56629	217	139	0	0	*	2
1416	56669	216	141	0	0	*	2
1417	56709	216	144	0	0	*	2
1418	56749	215	146	0	0	*	2
1419	56789	214	147	0	0	*	2
1420	56829	214	148	0	0	*	2
1421	56869	214	150	0	0	*	2
1422	56909	213	152	0	0	*	2
1423	56949	212	155	0	0	*	2
1424	56989	212	156	0	0	*	2
1425	57029	211	158	0	0	*	2
1426	57069	211	159	0	0	*	2
1427	57109	210	160	0	0	*	2
1428	57149	210	162	0	0	*	2
1429	57189	209	164	0	0	*	2
1430	57229	209	166	0	0	*	2
1431	57269	208	167	0	0	*	2
1432	57309	208	168	0	0	*	2
1433	57349	207	170	0	0	*	2
1434	57389	207	172	0	0	*	2
1435	57429	206	174	0	0	*	2
1436	57469	206	176	0	0	*	2
1437	57509	205	177	0	0	*	2
1438	57549	205	178	0	0	*	2
1439	57589	204	180	0	0	*	2
1440	57629	203	182	0	0	*	2
1441	57669	202	185	0	0	*	2
1442	57709	201	185	0	0	*	2
1443	57749	201	186	0	0	*	2
1444	57789	200	187	0	0	*	2
1445	57829	199	189	0	0	*	2
1446	57869	198	191	0	0	*	2
1447	57909	196	194	0	0	*	2
1448	57949	196	193	0	0	*	2
1449	57989	195	195	0	0	*	2
1450	58029	194	196	0	0	*	2
1451	58069	194	198	0	0	*	2
1452	58109	192	200	0	0	*	2
1453	58149	191	201	0	0	*	2
1454	58189	190	201	0	0	*	2
1455	58229	189	202	0	0	*	2
1456	58269	188	203	0	0	*	2
1457	58309	187	205	0	0	*	2
1458	58349	185	206	0	0	*	2
1459	58389	184	207	0	0	*	2
1460	58429	183	208	0	0	*	2
1461	58469	182	209	0	0	*	2
1462	58509	181	209	0	0	*	2
1463	58549	179	210	0	0	*	2
1464	58589	178	211	0	0	*	2
1465	58629	176	212	0	0	*	2
1466	58669	175	213	0	0	*	2
1467	58709	174	213	0	0	*	2
1468	58749	172	214	0	0	*	2
1469	58789	170	215	0	0	*	2
1470	58829	169	216	0	0	*	2
1471	58869	168	217	0	0	*	2
1472	58909	167	217	0	0	*	2
1473	58949	166	218	0	0	*	2
1474	58989	164	219	0	0	*	2
1475	59029	162	219	0	0	*	2
1476	59069	161	220	0	0	*	2
1477	59109	159	220	0	0	*	2
1478	59149	158	221	0	0	*	2
1479	59189	157	221	0	0	*	2
1480	59229	155	221	0	0	*	2
1481	59269	153	222	0	0	*	2
1482	59309	152	222	0	0	*	2
1483	59349	150	222	0	0	*	2
1484	59389	149	223	0	0	*	2
1485	59429	147	223	0	0	*	2
1486	59469	146	223	0	0	*	2
1487	59509	144	223	0	0	*	2
1488	59549	143	223	0	0	*	2
1489	59589	142	224	0	0	*	2
1490	59629	140	224	0	0	*	2
1491	59669	138	223	0	0	*	2
1492	59709	136	223	0	0	*	2
1493	59749	135	223	0	0	*	2
1494	59789	134	223	0	0	*	2
1495	59829	132	223	0	0	*	2
1496	59869	130	222	0	0	*	2
1497	59909	128	222	0	0	*	2
1498	59949	127	222	0	0	*	2
1499	59989	125	221	0	0	*	2
1500	60029	124	221	0	0	*	2
1501	60069	122	220	0	0	*	2
1502	60109	120	220	0	0	*	2
1503	60149	119	219	0	0	*	2
1504	60189	117	218	0	0	*	2
1505	60229	116	218	0	0	*	2
1506	60269	114	217	0	0	*	2
1507	60309	112	216	0	0	*	2
1508	60349	111	215	0	0	*	2
1509	60389	109	214	0	0	*	2
1510	60429	109	213	0	0	*	2
1511	60469	107	212	0	0	*	2
