%%BEGIN_HEADER
	%%BEGIN DATABASE_INFORMATION
		%Date.0 ( 16.10.2019 )
		%Time.0 ( 12:47 )
	%%END DATABASE_INFORMATION
	%%BEGIN SETUP_INFORMATION
		%TrackerVersion.0 ( Tracker version 2.38 release 12.8.2012 )
		%ElapsedTime_ms.0 ( 10767 )
		%Paradigm.0 ( PlacePreference )
		%FeederParameters.0 ( 1500 0 )
			// %FeederParameters.0 ( ENTRANCE_LATENCY EXIT_LATENCY )
		%ElapsedPath_m.0 ( 0.00 )
		%ArenaDiameter_m.0 ( 1.80 )
		%TrackerResolution_PixPerCM.0 ( 1.4222 )
		%ArenaCenterXY.0 ( 127.5 127.5 )
		%Frame.0 ( RoomFrame )
		%ReinforcedSector.0 ( 64.3907 190.6093 7 )
			//%ReinforcedSector.0 ( CENTER_X CENTER_Y RADIUS )
		%RoomTrackReinforcedSector.0 ( 64.3907 190.6093 7 )
			//%RoomTrackReinforcedSector.0 ( CENTER_X CENTER_Y RADIUS )
	%%END SETUP_INFORMATION
	%%BEGIN RECORD_FORMAT
		%Sample.0 ( FrameCount 1msTimeStamp RoomX RoomY Sectors State Flags FrameInfo )
			//Sectors indicate if the object is in a target. Number is binary coded. Sectors = 0: no target, Sectors = 1: room target, Sectors: = 2 arena target, Sectors: = 3 room and arena target
			////State indicates the Watermaze State: OutsideTarget = 0, EntranceLatency = 1, InsideTarget = 3, OutsideRefractory = 4, BadSpot = 5
			//FrameInfo indicates succesfuly tracked spots: ReferencePoint * 2^0 + Spot0 * 2^(1+0) + Spot1 * 2^(1+1) + Spot2 * 2^(1+2) .... 
	%%END RECORD_FORMAT
%%END_HEADER
1	47	141	6	0	0	*	2
2	87	143	7	0	0	*	2
3	127	144	8	0	0	*	2
4	167	146	10	0	0	*	2
5	207	146	10	0	0	*	2
6	247	147	11	0	0	*	2
7	287	148	12	0	0	*	2
8	327	150	14	0	0	*	2
9	367	152	15	0	0	*	2
10	407	153	16	0	0	*	2
11	447	153	17	0	0	*	2
12	487	155	18	0	0	*	2
13	527	153	19	0	0	*	2
14	567	153	19	0	0	*	2
15	607	160	24	0	0	*	2
16	647	162	26	0	0	*	2
17	687	150	17	0	0	*	2
18	727	152	18	0	0	*	2
19	767	154	20	0	0	*	2
20	807	167	34	0	0	*	2
21	847	168	36	0	0	*	2
22	887	169	38	0	0	*	2
23	927	161	26	0	0	*	2
24	967	170	43	0	0	*	2
25	1007	170	45	0	0	*	2
26	1047	170	47	0	0	*	2
27	1087	170	49	0	0	*	2
28	1127	170	51	0	0	*	2
29	1167	170	53	0	0	*	2
30	1207	170	55	0	0	*	2
31	1247	170	58	0	0	*	2
32	1287	169	60	0	0	*	2
33	1327	169	63	0	0	*	2
34	1367	169	65	0	0	*	2
35	1407	169	67	0	0	*	2
36	1447	169	69	0	0	*	2
37	1487	169	71	0	0	*	2
38	1527	168	73	0	0	*	2
39	1567	168	76	0	0	*	2
40	1607	168	78	0	0	*	2
41	1647	167	80	0	0	*	2
42	1687	166	82	0	0	*	2
43	1727	165	84	0	0	*	2
44	1767	164	86	0	0	*	2
45	1807	164	88	0	0	*	2
46	1847	163	90	0	0	*	2
47	1887	162	92	0	0	*	2
48	1927	162	94	0	0	*	2
49	1967	161	96	0	0	*	2
50	2007	160	99	0	0	*	2
51	2047	159	101	0	0	*	2
52	2087	158	104	0	0	*	2
53	2127	157	106	0	0	*	2
54	2167	156	108	0	0	*	2
55	2207	154	110	0	0	*	2
56	2247	153	113	0	0	*	2
57	2287	152	115	0	0	*	2
58	2327	150	117	0	0	*	2
59	2367	149	119	0	0	*	2
60	2407	148	121	0	0	*	2
61	2447	146	124	0	0	*	2
62	2487	145	127	0	0	*	2
63	2527	144	129	0	0	*	2
64	2567	142	131	0	0	*	2
65	2607	140	133	0	0	*	2
66	2647	138	135	0	0	*	2
67	2687	136	138	0	0	*	2
68	2727	134	139	0	0	*	2
69	2767	132	141	0	0	*	2
70	2807	130	143	0	0	*	2
71	2847	128	145	0	0	*	2
72	2887	139	136	0	0	*	2
73	2927	137	139	0	0	*	2
74	2967	135	140	0	0	*	2
75	3007	119	152	0	0	*	2
76	3047	116	154	0	0	*	2
77	3087	129	146	0	0	*	2
78	3127	112	157	0	0	*	2
79	3167	109	158	0	0	*	2
80	3207	107	159	0	0	*	2
81	3247	104	160	0	0	*	2
82	3287	102	161	0	0	*	2
83	3327	99	162	0	0	*	2
84	3367	97	163	0	0	*	2
85	3407	94	164	0	0	*	2
86	3447	92	166	0	0	*	2
87	3487	89	167	0	0	*	2
88	3527	87	168	0	0	*	2
89	3567	85	169	0	0	*	2
90	3607	82	170	0	0	*	2
91	3647	80	171	0	0	*	2
92	3687	78	172	0	0	*	2
93	3727	76	174	0	0	*	2
94	3767	74	175	0	0	*	2
95	3807	72	176	0	0	*	2
96	3847	70	177	0	0	*	2
97	3887	69	178	0	0	*	2
98	3927	68	180	0	0	*	2
99	3967	67	181	0	0	*	2
100	4007	67	182	0	0	*	2
101	4047	71	178	0	0	*	2
102	4087	70	180	0	0	*	2
103	4127	66	187	0	1	*	2
104	4167	66	188	0	1	*	2
105	4207	65	190	0	1	*	2
106	4247	64	191	0	1	*	2
107	4287	63	192	0	1	*	2
108	4327	62	193	0	1	*	2
109	4367	61	194	0	1	*	2
110	4407	61	195	0	1	*	2
111	4447	63	189	0	1	*	2
112	4487	62	189	0	1	*	2
113	4527	60	196	0	1	*	2
114	4567	59	197	0	1	*	2
115	4607	59	197	0	1	*	2
116	4647	59	198	0	1	*	2
117	4687	60	199	0	0	*	2
118	4727	60	199	0	0	*	2
119	4767	61	200	0	0	*	2
120	4807	60	201	0	0	*	2
121	4847	60	202	0	0	*	2
122	4887	61	187	0	1	*	2
123	4927	61	188	0	1	*	2
124	4967	60	203	0	0	*	2
125	5007	61	196	0	1	*	2
126	5047	61	195	0	1	*	2
127	5087	61	195	0	1	*	2
128	5127	61	196	0	1	*	2
129	5167	61	195	0	1	*	2
130	5207	60	195	0	1	*	2
131	5247	60	194	0	1	*	2
132	5287	59	194	0	1	*	2
133	5327	58	194	0	1	*	2
134	5367	58	194	0	1	*	2
135	5407	58	194	0	1	*	2
136	5447	58	194	0	1	*	2
137	5487	58	194	0	1	*	2
138	5527	58	194	0	1	*	2
139	5567	58	194	0	1	*	2
140	5607	59	194	0	1	*	2
141	5647	55	198	0	0	*	2
142	5687	59	195	0	1	*	2
143	5727	58	195	0	1	*	2
144	5767	58	195	0	1	*	2
145	5807	58	194	0	1	*	2
146	5847	58	194	0	1	*	2
147	5887	58	194	0	1	*	2
148	5927	58	193	0	1	*	2
149	5967	58	193	0	1	*	2
150	6007	58	193	0	1	*	2
151	6047	58	192	0	1	*	2
152	6087	58	192	0	1	*	2
153	6127	57	192	0	1	*	2
154	6167	57	191	0	1	*	2
155	6207	57	191	0	1	*	2
156	6247	57	190	0	1	*	2
157	6287	57	190	0	1	*	2
158	6327	57	190	0	1	*	2
159	6367	57	190	0	1	*	2
160	6407	57	190	0	1	*	2
161	6447	57	190	0	1	*	2
162	6487	57	190	0	1	*	2
163	6527	58	190	0	1	*	2
164	6567	58	190	0	1	*	2
165	6607	58	189	0	1	*	2
166	6647	52	187	0	0	*	2
167	6687	58	189	0	1	*	2
168	6727	53	186	0	0	*	2
169	6767	58	188	0	1	*	2
170	6807	54	185	0	0	*	2
171	6847	54	185	0	0	*	2
172	6887	54	185	0	0	*	2
173	6927	58	188	0	1	*	2
174	6967	54	185	0	0	*	2
175	7007	58	188	0	1	*	2
176	7047	58	188	0	1	*	2
177	7087	58	188	0	1	*	2
178	7127	57	188	0	1	*	2
179	7167	57	188	0	1	*	2
180	7207	58	188	0	1	*	2
181	7247	58	188	0	1	*	2
182	7287	58	188	0	1	*	2
183	7327	53	185	0	0	*	2
184	7367	53	185	0	0	*	2
185	7407	53	185	0	0	*	2
186	7447	58	188	0	1	*	2
187	7487	53	185	0	0	*	2
188	7527	58	188	0	1	*	2
189	7567	58	187	0	1	*	2
190	7607	59	187	0	1	*	2
191	7647	59	187	0	1	*	2
192	7687	59	187	0	1	*	2
193	7727	55	184	0	0	*	2
194	7767	55	184	0	0	*	2
195	7807	59	187	0	1	*	2
196	7847	60	187	0	1	*	2
197	7887	58	183	0	0	*	2
198	7927	60	186	0	1	*	2
199	7967	61	186	0	1	*	2
200	8007	61	186	0	1	*	2
201	8047	61	186	0	1	*	2
202	8087	61	182	0	0	*	2
203	8127	62	185	0	1	*	2
204	8167	63	182	0	0	*	2
205	8207	63	183	0	1	*	2
206	8247	63	183	0	1	*	2
207	8287	64	184	0	1	*	2
208	8327	65	184	0	1	*	2
209	8367	66	184	0	1	*	2
210	8407	66	185	0	1	*	2
211	8447	67	185	0	1	*	2
212	8487	68	186	0	1	*	2
213	8527	68	187	0	1	*	2
214	8567	69	189	0	1	*	2
215	8607	70	190	0	1	*	2
216	8647	71	192	0	1	*	2
217	8687	71	193	0	1	*	2
218	8727	71	194	0	1	*	2
219	8767	71	195	0	1	*	2
220	8807	71	195	0	1	*	2
221	8847	71	195	0	1	*	2
222	8887	71	196	0	1	*	2
223	8927	71	196	0	1	*	2
224	8967	71	197	0	1	*	2
225	9007	72	198	0	0	*	2
226	9047	73	199	0	0	*	2
227	9087	73	199	0	0	*	2
228	9127	74	200	0	0	*	2
229	9167	74	197	0	0	*	2
230	9207	73	197	0	0	*	2
231	9247	67	196	0	1	*	2
232	9287	67	196	0	1	*	2
233	9327	67	196	0	1	*	2
234	9367	67	196	0	1	*	2
235	9407	67	195	0	1	*	2
236	9447	67	195	0	1	*	2
237	9487	67	195	0	1	*	2
238	9527	67	195	0	1	*	2
239	9567	67	195	0	1	*	2
240	9607	67	195	0	1	*	2
241	9647	67	195	0	1	*	2
242	9687	67	195	0	1	*	2
243	9727	67	196	0	1	*	2
244	9767	67	196	0	1	*	2
245	9807	68	196	0	1	*	2
246	9847	68	196	0	1	*	2
247	9887	68	196	0	1	*	2
248	9927	68	196	0	1	*	2
249	9967	68	196	0	1	*	2
250	10007	68	196	0	1	*	2
251	10047	68	196	0	1	*	2
252	10087	68	196	0	1	*	2
253	10127	68	196	0	1	*	2
254	10167	68	196	0	1	*	2
255	10207	68	196	0	1	*	2
256	10247	68	196	0	1	*	2
257	10287	68	196	0	1	*	2
258	10327	68	196	0	1	*	2
259	10367	68	196	0	1	*	2
260	10407	68	196	0	1	*	2
261	10447	68	196	0	1	*	2
262	10487	68	196	0	1	*	2
263	10527	68	196	0	1	*	2
264	10567	68	196	0	1	*	2
265	10607	68	196	0	1	*	2
266	10647	68	196	0	1	*	2
267	10687	68	197	0	1	*	2
268	10727	68	197	0	1	*	2
269	10767	68	197	0	3	*	2
