%%BEGIN_HEADER
	%%BEGIN DATABASE_INFORMATION
		%Date.0 ( 13.9.2019 )
		%Time.0 ( 18:11 )
	%%END DATABASE_INFORMATION
	%%BEGIN SETUP_INFORMATION
		%TrackerVersion.0 ( Tracker version 2.38 release 12.8.2012 )
		%ElapsedTime_ms.0 ( 60559 )
		%Paradigm.0 ( PlacePreference )
		%FeederParameters.0 ( 1500 0 )
			// %FeederParameters.0 ( ENTRANCE_LATENCY EXIT_LATENCY )
		%ElapsedPath_m.0 ( 0.00 )
		%ArenaDiameter_m.0 ( 1.80 )
		%TrackerResolution_PixPerCM.0 ( 1.4222 )
		%ArenaCenterXY.0 ( 127.5 127.5 )
		%Frame.0 ( RoomFrame )
		%ReinforcedSector.0 ( 216.7500 127.5000 7 )
			//%ReinforcedSector.0 ( CENTER_X CENTER_Y RADIUS )
		%RoomTrackReinforcedSector.0 ( 216.7500 127.5000 7 )
			//%RoomTrackReinforcedSector.0 ( CENTER_X CENTER_Y RADIUS )
	%%END SETUP_INFORMATION
	%%BEGIN RECORD_FORMAT
		%Sample.0 ( FrameCount 1msTimeStamp RoomX RoomY Sectors State Flags FrameInfo )
			//Sectors indicate if the object is in a target. Number is binary coded. Sectors = 0: no target, Sectors = 1: room target, Sectors: = 2 arena target, Sectors: = 3 room and arena target
			////State indicates the Watermaze State: OutsideTarget = 0, EntranceLatency = 1, InsideTarget = 3, OutsideRefractory = 4, BadSpot = 5
			//FrameInfo indicates succesfuly tracked spots: ReferencePoint * 2^0 + Spot0 * 2^(1+0) + Spot1 * 2^(1+1) + Spot2 * 2^(1+2) .... 
	%%END RECORD_FORMAT
%%END_HEADER
1	39	11	125	0	0	*	2
2	79	10	127	0	0	*	2
3	119	9	127	0	0	*	2
4	159	10	127	0	0	*	2
5	199	9	126	0	0	*	2
6	239	10	127	0	0	*	2
7	279	11	128	0	0	*	2
8	319	12	127	0	0	*	2
9	359	14	126	0	0	*	2
10	399	13	126	0	0	*	2
11	439	13	125	0	0	*	2
12	479	14	126	0	0	*	2
13	519	14	126	0	0	*	2
14	559	13	126	0	0	*	2
15	599	13	126	0	0	*	2
16	639	14	125	0	0	*	2
17	679	14	125	0	0	*	2
18	719	15	125	0	0	*	2
19	759	16	125	0	0	*	2
20	799	17	125	0	0	*	2
21	839	16	124	0	0	*	2
22	879	16	124	0	0	*	2
23	919	16	124	0	0	*	2
24	959	16	124	0	0	*	2
25	999	18	123	0	0	*	2
26	1039	18	123	0	0	*	2
27	1079	19	122	0	0	*	2
28	1119	20	121	0	0	*	2
29	1159	20	121	0	0	*	2
30	1199	21	120	0	0	*	2
31	1239	22	119	0	0	*	2
32	1279	22	118	0	0	*	2
33	1319	23	116	0	0	*	2
34	1359	23	116	0	0	*	2
35	1399	23	115	0	0	*	2
36	1439	23	114	0	0	*	2
37	1479	23	114	0	0	*	2
38	1519	23	113	0	0	*	2
39	1559	23	112	0	0	*	2
40	1599	23	109	0	0	*	2
41	1639	23	108	0	0	*	2
42	1679	22	108	0	0	*	2
43	1719	22	108	0	0	*	2
44	1759	22	108	0	0	*	2
45	1799	22	108	0	0	*	2
46	1839	21	108	0	0	*	2
47	1879	20	107	0	0	*	2
48	1919	18	106	0	0	*	2
49	1959	15	106	0	0	*	2
50	1999	15	106	0	0	*	2
51	2039	16	106	0	0	*	2
52	2079	16	106	0	0	*	2
53	2119	16	106	0	0	*	2
54	2159	14	107	0	0	*	2
55	2199	12	107	0	0	*	2
56	2239	12	107	0	0	*	2
57	2279	12	108	0	0	*	2
58	2319	13	107	0	0	*	2
59	2359	13	108	0	0	*	2
60	2399	12	108	0	0	*	2
61	2439	12	109	0	0	*	2
62	2479	12	109	0	0	*	2
63	2519	12	110	0	0	*	2
64	2559	11	111	0	0	*	2
65	2599	11	110	0	0	*	2
66	2639	11	110	0	0	*	2
67	2679	11	109	0	0	*	2
68	2719	11	110	0	0	*	2
69	2759	11	111	0	0	*	2
70	2799	11	110	0	0	*	2
71	2839	11	111	0	0	*	2
72	2879	12	112	0	0	*	2
73	2919	12	112	0	0	*	2
74	2959	12	112	0	0	*	2
75	2999	12	111	0	0	*	2
76	3039	11	112	0	0	*	2
77	3079	12	113	0	0	*	2
78	3119	12	113	0	0	*	2
79	3159	13	114	0	0	*	2
80	3199	13	114	0	0	*	2
81	3239	13	115	0	0	*	2
82	3279	12	115	0	0	*	2
83	3319	13	116	0	0	*	2
84	3359	14	116	0	0	*	2
85	3399	15	117	0	0	*	2
86	3439	16	117	0	0	*	2
87	3479	17	118	0	0	*	2
88	3519	18	120	0	0	*	2
89	3559	18	120	0	0	*	2
90	3599	19	121	0	0	*	2
91	3639	19	122	0	0	*	2
92	3679	20	123	0	0	*	2
93	3719	21	123	0	0	*	2
94	3759	21	123	0	0	*	2
95	3799	21	123	0	0	*	2
96	3839	22	123	0	0	*	2
97	3879	22	123	0	0	*	2
98	3919	23	123	0	0	*	2
99	3959	24	124	0	0	*	2
100	3999	24	123	0	0	*	2
101	4039	24	123	0	0	*	2
102	4079	25	123	0	0	*	2
103	4119	25	123	0	0	*	2
104	4159	26	123	0	0	*	2
105	4199	26	123	0	0	*	2
106	4239	27	124	0	0	*	2
107	4279	28	125	0	0	*	2
108	4319	29	126	0	0	*	2
109	4359	29	127	0	0	*	2
110	4399	29	127	0	0	*	2
111	4439	30	128	0	0	*	2
112	4479	31	129	0	0	*	2
113	4519	31	130	0	0	*	2
114	4559	31	130	0	0	*	2
115	4599	31	131	0	0	*	2
116	4639	31	131	0	0	*	2
117	4679	32	131	0	0	*	2
118	4719	32	131	0	0	*	2
119	4759	32	130	0	0	*	2
120	4799	32	131	0	0	*	2
121	4839	33	130	0	0	*	2
122	4879	32	130	0	0	*	2
123	4919	32	129	0	0	*	2
124	4959	33	129	0	0	*	2
125	4999	33	128	0	0	*	2
126	5039	33	128	0	0	*	2
127	5079	32	128	0	0	*	2
128	5119	32	129	0	0	*	2
129	5159	33	129	0	0	*	2
130	5199	33	129	0	0	*	2
131	5239	33	129	0	0	*	2
132	5279	33	129	0	0	*	2
133	5319	33	130	0	0	*	2
134	5359	33	130	0	0	*	2
135	5399	33	131	0	0	*	2
136	5439	33	132	0	0	*	2
137	5479	33	132	0	0	*	2
138	5519	33	133	0	0	*	2
139	5559	33	134	0	0	*	2
140	5599	33	134	0	0	*	2
141	5639	33	134	0	0	*	2
142	5679	34	135	0	0	*	2
143	5719	34	135	0	0	*	2
144	5759	33	134	0	0	*	2
145	5799	33	134	0	0	*	2
146	5839	33	135	0	0	*	2
147	5879	34	136	0	0	*	2
148	5919	34	136	0	0	*	2
149	5959	33	136	0	0	*	2
150	5999	35	137	0	0	*	2
151	6039	35	138	0	0	*	2
152	6079	34	140	0	0	*	2
153	6119	34	141	0	0	*	2
154	6159	35	141	0	0	*	2
155	6199	35	141	0	0	*	2
156	6239	35	140	0	0	*	2
157	6279	36	140	0	0	*	2
158	6319	36	139	0	0	*	2
159	6359	36	138	0	0	*	2
160	6399	36	137	0	0	*	2
161	6439	35	136	0	0	*	2
162	6479	35	135	0	0	*	2
163	6519	35	134	0	0	*	2
164	6559	36	134	0	0	*	2
165	6599	36	133	0	0	*	2
166	6639	37	133	0	0	*	2
167	6679	37	132	0	0	*	2
168	6719	38	131	0	0	*	2
169	6759	38	131	0	0	*	2
170	6799	39	132	0	0	*	2
171	6839	40	132	0	0	*	2
172	6879	40	133	0	0	*	2
173	6919	39	135	0	0	*	2
174	6959	38	135	0	0	*	2
175	6999	38	135	0	0	*	2
176	7039	39	134	0	0	*	2
177	7079	39	134	0	0	*	2
178	7119	38	133	0	0	*	2
179	7159	42	133	0	0	*	2
180	7199	42	133	0	0	*	2
181	7239	43	134	0	0	*	2
182	7279	44	135	0	0	*	2
183	7319	45	135	0	0	*	2
184	7359	45	136	0	0	*	2
185	7399	46	137	0	0	*	2
186	7439	46	139	0	0	*	2
187	7479	46	140	0	0	*	2
188	7519	46	141	0	0	*	2
189	7559	46	141	0	0	*	2
190	7599	46	142	0	0	*	2
191	7639	46	143	0	0	*	2
192	7679	46	145	0	0	*	2
193	7719	45	146	0	0	*	2
194	7759	44	147	0	0	*	2
195	7799	44	147	0	0	*	2
196	7839	43	149	0	0	*	2
197	7879	43	149	0	0	*	2
198	7919	42	150	0	0	*	2
199	7959	41	150	0	0	*	2
200	7999	41	151	0	0	*	2
201	8039	41	150	0	0	*	2
202	8079	41	151	0	0	*	2
203	8119	40	151	0	0	*	2
204	8159	39	153	0	0	*	2
205	8199	39	154	0	0	*	2
206	8239	39	154	0	0	*	2
207	8279	37	155	0	0	*	2
208	8319	36	156	0	0	*	2
209	8359	36	156	0	0	*	2
210	8399	35	157	0	0	*	2
211	8439	35	158	0	0	*	2
212	8479	34	158	0	0	*	2
213	8519	33	158	0	0	*	2
214	8559	32	159	0	0	*	2
215	8599	31	160	0	0	*	2
216	8639	31	160	0	0	*	2
217	8679	29	160	0	0	*	2
218	8719	28	161	0	0	*	2
219	8759	27	161	0	0	*	2
220	8799	26	162	0	0	*	2
221	8839	25	162	0	0	*	2
222	8879	24	162	0	0	*	2
223	8919	23	162	0	0	*	2
224	8959	22	162	0	0	*	2
225	8999	20	162	0	0	*	2
226	9039	19	163	0	0	*	2
227	9079	18	163	0	0	*	2
228	9119	17	163	0	0	*	2
229	9159	15	162	0	0	*	2
230	9199	15	162	0	0	*	2
231	9239	14	162	0	0	*	2
232	9279	14	162	0	0	*	2
233	9319	13	162	0	0	*	2
234	9359	13	162	0	0	*	2
235	9399	13	162	0	0	*	2
236	9439	12	162	0	0	*	2
237	9479	12	161	0	0	*	2
238	9519	12	161	0	0	*	2
239	9559	12	161	0	0	*	2
240	9599	12	161	0	0	*	2
241	9639	12	161	0	0	*	2
242	9679	12	161	0	0	*	2
243	9719	13	161	0	0	*	2
244	9759	13	161	0	0	*	2
245	9799	12	161	0	0	*	2
246	9839	12	161	0	0	*	2
247	9879	13	161	0	0	*	2
248	9919	13	161	0	0	*	2
249	9959	13	161	0	0	*	2
250	9999	14	161	0	0	*	2
251	10039	14	162	0	0	*	2
252	10079	15	162	0	0	*	2
253	10119	17	162	0	0	*	2
254	10159	18	161	0	0	*	2
255	10199	18	160	0	0	*	2
256	10239	18	160	0	0	*	2
257	10279	19	161	0	0	*	2
258	10319	17	161	0	0	*	2
259	10359	17	161	0	0	*	2
260	10399	17	160	0	0	*	2
261	10439	17	160	0	0	*	2
262	10479	17	160	0	0	*	2
263	10519	18	160	0	0	*	2
264	10559	18	160	0	0	*	2
265	10599	19	161	0	0	*	2
266	10639	20	161	0	0	*	2
267	10679	21	161	0	0	*	2
268	10719	21	161	0	0	*	2
269	10759	21	161	0	0	*	2
270	10799	23	162	0	0	*	2
271	10839	23	162	0	0	*	2
272	10879	23	162	0	0	*	2
273	10919	24	162	0	0	*	2
274	10959	24	162	0	0	*	2
275	10999	25	162	0	0	*	2
276	11039	26	163	0	0	*	2
277	11079	27	164	0	0	*	2
278	11119	28	164	0	0	*	2
279	11159	28	165	0	0	*	2
280	11199	29	166	0	0	*	2
281	11239	30	167	0	0	*	2
282	11279	30	167	0	0	*	2
283	11319	31	168	0	0	*	2
284	11359	32	169	0	0	*	2
285	11399	32	169	0	0	*	2
286	11439	33	170	0	0	*	2
287	11479	33	171	0	0	*	2
288	11519	34	172	0	0	*	2
289	11559	35	173	0	0	*	2
290	11599	36	174	0	0	*	2
291	11639	36	174	0	0	*	2
292	11679	36	175	0	0	*	2
293	11719	37	176	0	0	*	2
294	11759	37	178	0	0	*	2
295	11799	38	178	0	0	*	2
296	11839	38	179	0	0	*	2
297	11879	38	180	0	0	*	2
298	11919	39	181	0	0	*	2
299	11959	39	182	0	0	*	2
300	11999	40	184	0	0	*	2
301	12039	40	185	0	0	*	2
302	12079	41	185	0	0	*	2
303	12119	43	191	0	0	*	2
304	12159	41	188	0	0	*	2
305	12199	42	189	0	0	*	2
306	12239	42	190	0	0	*	2
307	12279	42	192	0	0	*	2
308	12319	43	193	0	0	*	2
309	12359	43	194	0	0	*	2
310	12399	43	195	0	0	*	2
311	12439	43	196	0	0	*	2
312	12479	43	197	0	0	*	2
313	12519	43	198	0	0	*	2
314	12559	43	199	0	0	*	2
315	12599	44	201	0	0	*	2
316	12639	44	202	0	0	*	2
317	12679	44	205	0	0	*	2
318	12719	44	205	0	0	*	2
319	12759	44	205	0	0	*	2
320	12799	44	207	0	0	*	2
321	12839	44	207	0	0	*	2
322	12879	44	208	0	0	*	2
323	12919	44	209	0	0	*	2
324	12959	45	210	0	0	*	2
325	12999	45	211	0	0	*	2
326	13039	45	211	0	0	*	2
327	13079	46	212	0	0	*	2
328	13119	46	212	0	0	*	2
329	13159	46	213	0	0	*	2
330	13199	47	214	0	0	*	2
331	13239	47	214	0	0	*	2
332	13279	48	215	0	0	*	2
333	13319	48	216	0	0	*	2
334	13359	49	217	0	0	*	2
335	13399	49	218	0	0	*	2
336	13439	50	219	0	0	*	2
337	13479	51	219	0	0	*	2
338	13519	52	220	0	0	*	2
339	13559	53	221	0	0	*	2
340	13599	54	221	0	0	*	2
341	13639	55	222	0	0	*	2
342	13679	56	223	0	0	*	2
343	13719	57	224	0	0	*	2
344	13759	58	224	0	0	*	2
345	13799	58	225	0	0	*	2
346	13839	59	225	0	0	*	2
347	13879	61	226	0	0	*	2
348	13919	61	226	0	0	*	2
349	13959	63	227	0	0	*	2
350	13999	64	227	0	0	*	2
351	14039	65	228	0	0	*	2
352	14079	66	228	0	0	*	2
353	14119	67	229	0	0	*	2
354	14159	68	230	0	0	*	2
355	14199	70	230	0	0	*	2
356	14239	71	231	0	0	*	2
357	14279	72	231	0	0	*	2
358	14319	73	232	0	0	*	2
359	14359	75	232	0	0	*	2
360	14399	76	233	0	0	*	2
361	14439	77	233	0	0	*	2
362	14479	78	234	0	0	*	2
363	14519	79	234	0	0	*	2
364	14559	80	234	0	0	*	2
365	14599	82	235	0	0	*	2
366	14639	83	235	0	0	*	2
367	14679	84	235	0	0	*	2
368	14719	85	236	0	0	*	2
369	14759	85	236	0	0	*	2
370	14799	87	236	0	0	*	2
371	14839	88	236	0	0	*	2
372	14879	89	236	0	0	*	2
373	14919	90	236	0	0	*	2
374	14959	91	237	0	0	*	2
375	14999	93	237	0	0	*	2
376	15039	93	237	0	0	*	2
377	15079	95	237	0	0	*	2
378	15119	96	237	0	0	*	2
379	15159	97	237	0	0	*	2
380	15199	98	236	0	0	*	2
381	15239	99	236	0	0	*	2
382	15279	100	236	0	0	*	2
383	15319	101	236	0	0	*	2
384	15359	103	235	0	0	*	2
385	15399	105	235	0	0	*	2
386	15439	106	235	0	0	*	2
387	15479	107	234	0	0	*	2
388	15519	107	234	0	0	*	2
389	15559	109	234	0	0	*	2
390	15599	110	233	0	0	*	2
391	15639	111	233	0	0	*	2
392	15679	113	232	0	0	*	2
393	15719	113	232	0	0	*	2
394	15759	114	232	0	0	*	2
395	15799	115	232	0	0	*	2
396	15839	117	232	0	0	*	2
397	15879	119	231	0	0	*	2
398	15919	120	231	0	0	*	2
399	15959	121	230	0	0	*	2
400	15999	121	230	0	0	*	2
401	16039	122	230	0	0	*	2
402	16079	124	230	0	0	*	2
403	16119	126	229	0	0	*	2
404	16159	127	228	0	0	*	2
405	16199	128	228	0	0	*	2
406	16239	129	228	0	0	*	2
407	16279	130	227	0	0	*	2
408	16319	131	227	0	0	*	2
409	16359	133	227	0	0	*	2
410	16399	134	226	0	0	*	2
411	16439	135	226	0	0	*	2
412	16479	135	226	0	0	*	2
413	16519	136	225	0	0	*	2
414	16559	138	225	0	0	*	2
415	16599	139	224	0	0	*	2
416	16639	140	224	0	0	*	2
417	16679	141	224	0	0	*	2
418	16719	142	223	0	0	*	2
419	16759	143	223	0	0	*	2
420	16799	144	222	0	0	*	2
421	16839	145	222	0	0	*	2
422	16879	146	221	0	0	*	2
423	16919	146	220	0	0	*	2
424	16959	146	220	0	0	*	2
425	16999	147	220	0	0	*	2
426	17039	148	219	0	0	*	2
427	17079	149	218	0	0	*	2
428	17119	149	218	0	0	*	2
429	17159	150	217	0	0	*	2
430	17199	151	216	0	0	*	2
431	17239	151	215	0	0	*	2
432	17279	152	215	0	0	*	2
433	17319	152	214	0	0	*	2
434	17359	153	213	0	0	*	2
435	17399	153	212	0	0	*	2
436	17439	154	211	0	0	*	2
437	17479	154	211	0	0	*	2
438	17519	154	210	0	0	*	2
439	17559	155	210	0	0	*	2
440	17599	155	209	0	0	*	2
441	17639	155	208	0	0	*	2
442	17679	155	207	0	0	*	2
443	17719	155	206	0	0	*	2
444	17759	156	206	0	0	*	2
445	17799	156	205	0	0	*	2
446	17839	156	204	0	0	*	2
447	17879	156	203	0	0	*	2
448	17919	156	202	0	0	*	2
449	17959	156	202	0	0	*	2
450	17999	155	201	0	0	*	2
451	18039	155	200	0	0	*	2
452	18079	155	200	0	0	*	2
453	18119	155	199	0	0	*	2
454	18159	155	199	0	0	*	2
455	18199	155	198	0	0	*	2
456	18239	154	198	0	0	*	2
457	18279	154	197	0	0	*	2
458	18319	153	196	0	0	*	2
459	18359	153	196	0	0	*	2
460	18399	152	195	0	0	*	2
461	18439	151	194	0	0	*	2
462	18479	151	194	0	0	*	2
463	18519	150	194	0	0	*	2
464	18559	149	193	0	0	*	2
465	18599	148	193	0	0	*	2
466	18639	148	192	0	0	*	2
467	18679	146	192	0	0	*	2
468	18719	146	191	0	0	*	2
469	18759	146	191	0	0	*	2
470	18799	145	191	0	0	*	2
471	18839	144	191	0	0	*	2
472	18879	143	191	0	0	*	2
473	18919	142	190	0	0	*	2
474	18959	142	190	0	0	*	2
475	18999	141	190	0	0	*	2
476	19039	140	189	0	0	*	2
477	19079	139	189	0	0	*	2
478	19119	138	189	0	0	*	2
479	19159	137	188	0	0	*	2
480	19199	136	188	0	0	*	2
481	19239	136	188	0	0	*	2
482	19279	135	187	0	0	*	2
483	19319	135	187	0	0	*	2
484	19359	134	187	0	0	*	2
485	19399	134	187	0	0	*	2
486	19439	133	187	0	0	*	2
487	19479	133	186	0	0	*	2
488	19519	133	186	0	0	*	2
489	19559	132	186	0	0	*	2
490	19599	132	186	0	0	*	2
491	19639	131	186	0	0	*	2
492	19679	130	186	0	0	*	2
493	19719	129	186	0	0	*	2
494	19759	128	186	0	0	*	2
495	19799	129	186	0	0	*	2
496	19839	128	186	0	0	*	2
497	19879	128	186	0	0	*	2
498	19919	128	187	0	0	*	2
499	19959	128	187	0	0	*	2
500	19999	127	187	0	0	*	2
501	20039	126	187	0	0	*	2
502	20079	125	187	0	0	*	2
503	20119	124	188	0	0	*	2
504	20159	124	187	0	0	*	2
505	20199	124	187	0	0	*	2
506	20239	122	188	0	0	*	2
507	20279	122	188	0	0	*	2
508	20319	122	188	0	0	*	2
509	20359	125	185	0	0	*	2
510	20399	125	185	0	0	*	2
511	20439	124	183	0	0	*	2
512	20479	117	193	0	0	*	2
513	20519	118	193	0	0	*	2
514	20559	119	191	0	0	*	2
515	20599	119	188	0	0	*	2
516	20639	118	189	0	0	*	2
517	20679	118	189	0	0	*	2
518	20719	117	188	0	0	*	2
519	20759	116	187	0	0	*	2
520	20799	115	187	0	0	*	2
521	20839	114	187	0	0	*	2
522	20879	113	187	0	0	*	2
523	20919	112	188	0	0	*	2
524	20959	112	189	0	0	*	2
525	20999	111	190	0	0	*	2
526	21039	111	190	0	0	*	2
527	21079	110	190	0	0	*	2
528	21119	110	190	0	0	*	2
529	21159	109	191	0	0	*	2
530	21199	109	191	0	0	*	2
531	21239	109	191	0	0	*	2
532	21279	108	191	0	0	*	2
533	21319	106	191	0	0	*	2
534	21359	106	191	0	0	*	2
535	21399	105	192	0	0	*	2
536	21439	104	191	0	0	*	2
537	21479	103	191	0	0	*	2
538	21519	102	191	0	0	*	2
539	21559	101	191	0	0	*	2
540	21599	100	192	0	0	*	2
541	21639	100	192	0	0	*	2
542	21679	99	192	0	0	*	2
543	21719	98	191	0	0	*	2
544	21759	97	191	0	0	*	2
545	21799	96	191	0	0	*	2
546	21839	94	191	0	0	*	2
547	21879	94	191	0	0	*	2
548	21919	92	191	0	0	*	2
549	21959	91	190	0	0	*	2
550	21999	90	190	0	0	*	2
551	22039	90	190	0	0	*	2
552	22079	88	190	0	0	*	2
553	22119	87	189	0	0	*	2
554	22159	85	188	0	0	*	2
555	22199	85	188	0	0	*	2
556	22239	84	187	0	0	*	2
557	22279	83	187	0	0	*	2
558	22319	81	186	0	0	*	2
559	22359	80	185	0	0	*	2
560	22399	79	185	0	0	*	2
561	22439	77	183	0	0	*	2
562	22479	76	182	0	0	*	2
563	22519	75	182	0	0	*	2
564	22559	73	180	0	0	*	2
565	22599	73	180	0	0	*	2
566	22639	72	179	0	0	*	2
567	22679	70	177	0	0	*	2
568	22719	69	175	0	0	*	2
569	22759	68	174	0	0	*	2
570	22799	67	173	0	0	*	2
571	22839	65	172	0	0	*	2
572	22879	64	170	0	0	*	2
573	22919	63	168	0	0	*	2
574	22959	62	167	0	0	*	2
575	22999	61	166	0	0	*	2
576	23039	61	165	0	0	*	2
577	23079	60	164	0	0	*	2
578	23119	59	163	0	0	*	2
579	23159	58	162	0	0	*	2
580	23199	57	160	0	0	*	2
581	23239	56	159	0	0	*	2
582	23279	56	158	0	0	*	2
583	23319	55	157	0	0	*	2
584	23359	54	155	0	0	*	2
585	23399	53	154	0	0	*	2
586	23439	52	152	0	0	*	2
587	23479	52	151	0	0	*	2
588	23519	51	150	0	0	*	2
589	23559	50	148	0	0	*	2
590	23599	49	147	0	0	*	2
591	23639	49	145	0	0	*	2
592	23679	48	144	0	0	*	2
593	23719	47	142	0	0	*	2
594	23759	47	141	0	0	*	2
595	23799	46	140	0	0	*	2
596	23839	45	139	0	0	*	2
597	23879	44	138	0	0	*	2
598	23919	43	136	0	0	*	2
599	23959	43	135	0	0	*	2
600	23999	42	133	0	0	*	2
601	24039	41	132	0	0	*	2
602	24079	40	130	0	0	*	2
603	24119	39	129	0	0	*	2
604	24159	39	127	0	0	*	2
605	24199	38	126	0	0	*	2
606	24239	37	124	0	0	*	2
607	24279	36	123	0	0	*	2
608	24319	36	122	0	0	*	2
609	24359	35	120	0	0	*	2
610	24399	34	119	0	0	*	2
611	24439	34	118	0	0	*	2
612	24479	33	116	0	0	*	2
613	24519	32	115	0	0	*	2
614	24559	31	114	0	0	*	2
615	24599	30	113	0	0	*	2
616	24639	29	111	0	0	*	2
617	24679	28	110	0	0	*	2
618	24719	27	109	0	0	*	2
619	24759	26	107	0	0	*	2
620	24799	24	106	0	0	*	2
621	24839	24	105	0	0	*	2
622	24879	23	104	0	0	*	2
623	24919	21	103	0	0	*	2
624	24959	19	102	0	0	*	2
625	24999	17	101	0	0	*	2
626	25039	16	100	0	0	*	2
627	25079	15	100	0	0	*	2
628	25119	14	99	0	0	*	2
629	25159	13	99	0	0	*	2
630	25199	13	99	0	0	*	2
631	25239	12	99	0	0	*	2
632	25279	12	99	0	0	*	2
633	25319	12	100	0	0	*	2
634	25359	12	100	0	0	*	2
635	25399	12	100	0	0	*	2
636	25439	11	101	0	0	*	2
637	25479	12	102	0	0	*	2
638	25519	11	103	0	0	*	2
639	25559	10	104	0	0	*	2
640	25599	11	103	0	0	*	2
641	25639	12	102	0	0	*	2
642	25679	12	102	0	0	*	2
643	25719	11	103	0	0	*	2
644	25759	12	104	0	0	*	2
645	25799	12	103	0	0	*	2
646	25839	13	103	0	0	*	2
647	25879	13	104	0	0	*	2
648	25919	13	104	0	0	*	2
649	25959	13	105	0	0	*	2
650	25999	13	106	0	0	*	2
651	26039	13	106	0	0	*	2
652	26079	13	106	0	0	*	2
653	26119	13	107	0	0	*	2
654	26159	14	108	0	0	*	2
655	26199	14	109	0	0	*	2
656	26239	15	109	0	0	*	2
657	26279	16	111	0	0	*	2
658	26319	17	112	0	0	*	2
659	26359	17	113	0	0	*	2
660	26399	17	114	0	0	*	2
661	26439	18	115	0	0	*	2
662	26479	20	117	0	0	*	2
663	26519	20	118	0	0	*	2
664	26559	20	118	0	0	*	2
665	26599	21	119	0	0	*	2
666	26639	21	120	0	0	*	2
667	26679	22	122	0	0	*	2
668	26719	23	124	0	0	*	2
669	26759	23	124	0	0	*	2
670	26799	23	124	0	0	*	2
671	26839	23	126	0	0	*	2
672	26879	24	127	0	0	*	2
673	26919	24	128	0	0	*	2
674	26959	24	129	0	0	*	2
675	26999	25	131	0	0	*	2
676	27039	25	131	0	0	*	2
677	27079	25	132	0	0	*	2
678	27119	26	134	0	0	*	2
679	27159	26	135	0	0	*	2
680	27199	27	136	0	0	*	2
681	27239	27	138	0	0	*	2
682	27279	28	138	0	0	*	2
683	27319	28	139	0	0	*	2
684	27359	29	140	0	0	*	2
685	27399	29	142	0	0	*	2
686	27439	30	143	0	0	*	2
687	27479	30	144	0	0	*	2
688	27519	31	146	0	0	*	2
689	27559	31	147	0	0	*	2
690	27599	32	149	0	0	*	2
691	27639	32	150	0	0	*	2
692	27679	33	152	0	0	*	2
693	27719	33	153	0	0	*	2
694	27759	34	154	0	0	*	2
695	27799	35	155	0	0	*	2
696	27839	35	157	0	0	*	2
697	27879	36	158	0	0	*	2
698	27919	36	159	0	0	*	2
699	27959	37	160	0	0	*	2
700	27999	38	162	0	0	*	2
701	28039	38	163	0	0	*	2
702	28079	39	163	0	0	*	2
703	28119	40	165	0	0	*	2
704	28159	40	166	0	0	*	2
705	28199	41	167	0	0	*	2
706	28239	41	168	0	0	*	2
707	28279	42	169	0	0	*	2
708	28319	42	171	0	0	*	2
709	28359	43	172	0	0	*	2
710	28399	44	173	0	0	*	2
711	28439	44	174	0	0	*	2
712	28479	44	175	0	0	*	2
713	28519	45	177	0	0	*	2
714	28559	45	178	0	0	*	2
715	28599	46	179	0	0	*	2
716	28639	46	180	0	0	*	2
717	28679	47	182	0	0	*	2
718	28719	47	183	0	0	*	2
719	28759	48	184	0	0	*	2
720	28799	48	185	0	0	*	2
721	28839	49	186	0	0	*	2
722	28879	49	187	0	0	*	2
723	28919	49	188	0	0	*	2
724	28959	50	189	0	0	*	2
725	28999	50	189	0	0	*	2
726	29039	51	191	0	0	*	2
727	29079	51	193	0	0	*	2
728	29119	51	193	0	0	*	2
729	29159	52	195	0	0	*	2
730	29199	53	196	0	0	*	2
731	29239	53	196	0	0	*	2
732	29279	54	198	0	0	*	2
733	29319	55	199	0	0	*	2
734	29359	56	200	0	0	*	2
735	29399	56	201	0	0	*	2
736	29439	56	201	0	0	*	2
737	29479	61	205	0	0	*	2
738	29519	58	203	0	0	*	2
739	29559	59	204	0	0	*	2
740	29599	60	205	0	0	*	2
741	29639	60	205	0	0	*	2
742	29679	60	205	0	0	*	2
743	29719	61	206	0	0	*	2
744	29759	61	206	0	0	*	2
745	29799	62	207	0	0	*	2
746	29839	64	208	0	0	*	2
747	29879	64	209	0	0	*	2
748	29919	65	209	0	0	*	2
749	29959	66	209	0	0	*	2
750	29999	67	209	0	0	*	2
751	30039	68	210	0	0	*	2
752	30079	70	210	0	0	*	2
753	30119	71	211	0	0	*	2
754	30159	72	211	0	0	*	2
755	30199	73	211	0	0	*	2
756	30239	73	212	0	0	*	2
757	30279	75	212	0	0	*	2
758	30319	76	213	0	0	*	2
759	30359	76	213	0	0	*	2
760	30399	77	213	0	0	*	2
761	30439	78	213	0	0	*	2
762	30479	79	213	0	0	*	2
763	30519	80	213	0	0	*	2
764	30559	81	214	0	0	*	2
765	30599	82	214	0	0	*	2
766	30639	82	214	0	0	*	2
767	30679	82	214	0	0	*	2
768	30719	83	214	0	0	*	2
769	30759	84	214	0	0	*	2
770	30799	85	215	0	0	*	2
771	30839	85	215	0	0	*	2
772	30879	86	215	0	0	*	2
773	30919	87	214	0	0	*	2
774	30959	87	214	0	0	*	2
775	30999	87	214	0	0	*	2
776	31039	88	214	0	0	*	2
777	31079	90	214	0	0	*	2
778	31119	91	214	0	0	*	2
779	31159	92	214	0	0	*	2
780	31199	93	213	0	0	*	2
781	31239	93	213	0	0	*	2
782	31279	94	213	0	0	*	2
783	31319	95	213	0	0	*	2
784	31359	96	212	0	0	*	2
785	31399	97	212	0	0	*	2
786	31439	98	211	0	0	*	2
787	31479	99	211	0	0	*	2
788	31519	99	210	0	0	*	2
789	31559	100	210	0	0	*	2
790	31599	100	210	0	0	*	2
791	31639	101	209	0	0	*	2
792	31679	102	209	0	0	*	2
793	31719	103	208	0	0	*	2
794	31759	104	207	0	0	*	2
795	31799	104	206	0	0	*	2
796	31839	105	205	0	0	*	2
797	31879	105	204	0	0	*	2
798	31919	106	204	0	0	*	2
799	31959	106	203	0	0	*	2
800	31999	107	202	0	0	*	2
801	32039	107	200	0	0	*	2
802	32079	107	199	0	0	*	2
803	32119	107	198	0	0	*	2
804	32159	107	198	0	0	*	2
805	32199	107	197	0	0	*	2
806	32239	107	196	0	0	*	2
807	32279	107	196	0	0	*	2
808	32319	106	194	0	0	*	2
809	32359	105	192	0	0	*	2
810	32399	105	192	0	0	*	2
811	32439	107	193	0	0	*	2
812	32479	106	192	0	0	*	2
813	32519	108	193	0	0	*	2
814	32559	109	193	0	0	*	2
815	32599	109	192	0	0	*	2
816	32639	109	190	0	0	*	2
817	32679	106	189	0	0	*	2
818	32719	101	186	0	0	*	2
819	32759	99	185	0	0	*	2
820	32799	98	184	0	0	*	2
821	32839	98	184	0	0	*	2
822	32879	98	184	0	0	*	2
823	32919	98	183	0	0	*	2
824	32959	97	183	0	0	*	2
825	32999	97	182	0	0	*	2
826	33039	96	182	0	0	*	2
827	33079	95	181	0	0	*	2
828	33119	94	180	0	0	*	2
829	33159	94	180	0	0	*	2
830	33199	93	180	0	0	*	2
831	33239	92	180	0	0	*	2
832	33279	91	179	0	0	*	2
833	33319	90	179	0	0	*	2
834	33359	90	179	0	0	*	2
835	33399	89	179	0	0	*	2
836	33439	89	179	0	0	*	2
837	33479	88	178	0	0	*	2
838	33519	87	178	0	0	*	2
839	33559	86	177	0	0	*	2
840	33599	86	177	0	0	*	2
841	33639	85	176	0	0	*	2
842	33679	85	176	0	0	*	2
843	33719	84	175	0	0	*	2
844	33759	83	175	0	0	*	2
845	33799	82	174	0	0	*	2
846	33839	81	174	0	0	*	2
847	33879	81	173	0	0	*	2
848	33919	79	173	0	0	*	2
849	33959	78	172	0	0	*	2
850	33999	78	172	0	0	*	2
851	34039	78	171	0	0	*	2
852	34079	77	171	0	0	*	2
853	34119	76	170	0	0	*	2
854	34159	75	170	0	0	*	2
855	34199	74	170	0	0	*	2
856	34239	73	169	0	0	*	2
857	34279	72	168	0	0	*	2
858	34319	71	168	0	0	*	2
859	34359	70	167	0	0	*	2
860	34399	69	167	0	0	*	2
861	34439	68	166	0	0	*	2
862	34479	66	165	0	0	*	2
863	34519	65	165	0	0	*	2
864	34559	64	164	0	0	*	2
865	34599	62	164	0	0	*	2
866	34639	61	163	0	0	*	2
867	34679	61	163	0	0	*	2
868	34719	59	162	0	0	*	2
869	34759	58	162	0	0	*	2
870	34799	57	162	0	0	*	2
871	34839	55	161	0	0	*	2
872	34879	54	161	0	0	*	2
873	34919	53	160	0	0	*	2
874	34959	51	160	0	0	*	2
875	34999	50	159	0	0	*	2
876	35039	49	159	0	0	*	2
877	35079	48	158	0	0	*	2
878	35119	47	158	0	0	*	2
879	35159	46	158	0	0	*	2
880	35199	45	157	0	0	*	2
881	35239	43	157	0	0	*	2
882	35279	41	156	0	0	*	2
883	35319	41	156	0	0	*	2
884	35359	39	155	0	0	*	2
885	35399	38	155	0	0	*	2
886	35439	37	154	0	0	*	2
887	35479	36	154	0	0	*	2
888	35519	35	153	0	0	*	2
889	35559	34	152	0	0	*	2
890	35599	33	152	0	0	*	2
891	35639	31	151	0	0	*	2
892	35679	30	150	0	0	*	2
893	35719	29	150	0	0	*	2
894	35759	28	149	0	0	*	2
895	35799	27	148	0	0	*	2
896	35839	26	148	0	0	*	2
897	35879	25	147	0	0	*	2
898	35919	24	146	0	0	*	2
899	35959	23	145	0	0	*	2
900	35999	21	144	0	0	*	2
901	36039	20	143	0	0	*	2
902	36079	20	143	0	0	*	2
903	36119	18	142	0	0	*	2
904	36159	15	141	0	0	*	2
905	36199	14	141	0	0	*	2
906	36239	13	140	0	0	*	2
907	36279	12	139	0	0	*	2
908	36319	12	139	0	0	*	2
909	36359	11	138	0	0	*	2
910	36399	11	137	0	0	*	2
911	36439	10	137	0	0	*	2
912	36479	10	136	0	0	*	2
913	36519	9	135	0	0	*	2
914	36559	9	135	0	0	*	2
915	36599	8	134	0	0	*	2
916	36639	8	133	0	0	*	2
917	36679	8	133	0	0	*	2
918	36719	8	132	0	0	*	2
919	36759	8	131	0	0	*	2
920	36799	8	130	0	0	*	2
921	36839	8	129	0	0	*	2
922	36879	8	128	0	0	*	2
923	36919	8	128	0	0	*	2
924	36959	8	127	0	0	*	2
925	36999	8	127	0	0	*	2
926	37039	8	125	0	0	*	2
927	37079	8	125	0	0	*	2
928	37119	9	123	0	0	*	2
929	37159	9	123	0	0	*	2
930	37199	9	122	0	0	*	2
931	37239	9	122	0	0	*	2
932	37279	9	123	0	0	*	2
933	37319	10	123	0	0	*	2
934	37359	10	123	0	0	*	2
935	37399	11	122	0	0	*	2
936	37439	11	120	0	0	*	2
937	37479	10	119	0	0	*	2
938	37519	10	118	0	0	*	2
939	37559	10	118	0	0	*	2
940	37599	10	117	0	0	*	2
941	37639	11	116	0	0	*	2
942	37679	11	116	0	0	*	2
943	37719	11	116	0	0	*	2
944	37759	10	115	0	0	*	2
945	37799	11	114	0	0	*	2
946	37839	11	114	0	0	*	2
947	37879	12	113	0	0	*	2
948	37919	12	112	0	0	*	2
949	37959	12	111	0	0	*	2
950	37999	12	110	0	0	*	2
951	38039	12	110	0	0	*	2
952	38079	12	110	0	0	*	2
953	38119	12	109	0	0	*	2
954	38159	12	107	0	0	*	2
955	38199	12	106	0	0	*	2
956	38239	12	105	0	0	*	2
957	38279	12	104	0	0	*	2
958	38319	12	104	0	0	*	2
959	38359	12	102	0	0	*	2
960	38399	12	101	0	0	*	2
961	38439	11	100	0	0	*	2
962	38479	12	100	0	0	*	2
963	38519	12	100	0	0	*	2
964	38559	12	99	0	0	*	2
965	38599	12	98	0	0	*	2
966	38639	12	96	0	0	*	2
967	38679	11	95	0	0	*	2
968	38719	12	95	0	0	*	2
969	38759	12	95	0	0	*	2
970	38799	12	94	0	0	*	2
971	38839	12	93	0	0	*	2
972	38879	12	92	0	0	*	2
973	38919	12	91	0	0	*	2
974	38959	12	91	0	0	*	2
975	38999	12	91	0	0	*	2
976	39039	12	91	0	0	*	2
977	39079	13	89	0	0	*	2
978	39119	13	88	0	0	*	2
979	39159	13	87	0	0	*	2
980	39199	14	86	0	0	*	2
981	39239	15	86	0	0	*	2
982	39279	14	86	0	0	*	2
983	39319	15	86	0	0	*	2
984	39359	15	85	0	0	*	2
985	39399	15	84	0	0	*	2
986	39439	15	84	0	0	*	2
987	39479	16	83	0	0	*	2
988	39519	16	83	0	0	*	2
989	39559	16	81	0	0	*	2
990	39599	16	81	0	0	*	2
991	39639	16	81	0	0	*	2
992	39679	17	80	0	0	*	2
993	39719	17	79	0	0	*	2
994	39759	17	78	0	0	*	2
995	39799	17	76	0	0	*	2
996	39839	18	75	0	0	*	2
997	39879	18	75	0	0	*	2
998	39919	19	74	0	0	*	2
999	39959	19	73	0	0	*	2
1000	39999	19	72	0	0	*	2
1001	40039	20	71	0	0	*	2
1002	40079	20	70	0	0	*	2
1003	40119	21	70	0	0	*	2
1004	40159	22	69	0	0	*	2
1005	40199	22	69	0	0	*	2
1006	40239	22	67	0	0	*	2
1007	40279	22	67	0	0	*	2
1008	40319	22	66	0	0	*	2
1009	40359	23	65	0	0	*	2
1010	40399	24	65	0	0	*	2
1011	40439	24	65	0	0	*	2
1012	40479	24	64	0	0	*	2
1013	40519	24	62	0	0	*	2
1014	40559	25	62	0	0	*	2
1015	40599	25	61	0	0	*	2
1016	40639	26	61	0	0	*	2
1017	40679	26	60	0	0	*	2
1018	40719	27	59	0	0	*	2
1019	40759	27	58	0	0	*	2
1020	40799	28	57	0	0	*	2
1021	40839	28	57	0	0	*	2
1022	40879	28	58	0	0	*	2
1023	40919	29	57	0	0	*	2
1024	40959	28	56	0	0	*	2
1025	40999	28	55	0	0	*	2
1026	41039	28	55	0	0	*	2
1027	41079	29	55	0	0	*	2
1028	41119	29	56	0	0	*	2
1029	41159	29	56	0	0	*	2
1030	41199	29	56	0	0	*	2
1031	41239	29	56	0	0	*	2
1032	41279	29	56	0	0	*	2
1033	41319	31	58	0	0	*	2
1034	41359	32	58	0	0	*	2
1035	41399	32	58	0	0	*	2
1036	41439	31	59	0	0	*	2
1037	41479	32	60	0	0	*	2
1038	41519	33	61	0	0	*	2
1039	41559	34	62	0	0	*	2
1040	41599	35	62	0	0	*	2
1041	41639	35	64	0	0	*	2
1042	41679	36	63	0	0	*	2
1043	41719	36	63	0	0	*	2
1044	41759	37	64	0	0	*	2
1045	41799	37	65	0	0	*	2
1046	41839	38	66	0	0	*	2
1047	41879	39	67	0	0	*	2
1048	41919	39	68	0	0	*	2
1049	41959	40	68	0	0	*	2
1050	41999	41	70	0	0	*	2
1051	42039	42	70	0	0	*	2
1052	42079	42	70	0	0	*	2
1053	42119	43	71	0	0	*	2
1054	42159	44	72	0	0	*	2
1055	42199	45	73	0	0	*	2
1056	42239	46	73	0	0	*	2
1057	42279	47	74	0	0	*	2
1058	42319	48	75	0	0	*	2
1059	42359	49	76	0	0	*	2
1060	42399	50	76	0	0	*	2
1061	42439	51	77	0	0	*	2
1062	42479	52	78	0	0	*	2
1063	42519	53	79	0	0	*	2
1064	42559	55	80	0	0	*	2
1065	42599	56	81	0	0	*	2
1066	42639	57	81	0	0	*	2
1067	42679	59	82	0	0	*	2
1068	42719	60	83	0	0	*	2
1069	42759	61	83	0	0	*	2
1070	42799	62	84	0	0	*	2
1071	42839	63	85	0	0	*	2
1072	42879	64	85	0	0	*	2
1073	42919	66	86	0	0	*	2
1074	42959	67	87	0	0	*	2
1075	42999	69	87	0	0	*	2
1076	43039	70	88	0	0	*	2
1077	43079	71	88	0	0	*	2
1078	43119	72	89	0	0	*	2
1079	43159	73	89	0	0	*	2
1080	43199	75	89	0	0	*	2
1081	43239	76	89	0	0	*	2
1082	43279	78	89	0	0	*	2
1083	43319	79	89	0	0	*	2
1084	43359	80	90	0	0	*	2
1085	43399	82	90	0	0	*	2
1086	43439	83	90	0	0	*	2
1087	43479	84	89	0	0	*	2
1088	43519	85	89	0	0	*	2
1089	43559	86	89	0	0	*	2
1090	43599	86	89	0	0	*	2
1091	43639	86	89	0	0	*	2
1092	43679	87	89	0	0	*	2
1093	43719	88	89	0	0	*	2
1094	43759	89	88	0	0	*	2
1095	43799	91	87	0	0	*	2
1096	43839	92	86	0	0	*	2
1097	43879	93	86	0	0	*	2
1098	43919	93	85	0	0	*	2
1099	43959	92	86	0	0	*	2
1100	43999	92	88	0	0	*	2
1101	44039	92	88	0	0	*	2
1102	44079	94	89	0	0	*	2
1103	44119	94	91	0	0	*	2
1104	44159	95	90	0	0	*	2
1105	44199	97	80	0	0	*	2
1106	44239	97	80	0	0	*	2
1107	44279	98	79	0	0	*	2
1108	44319	98	79	0	0	*	2
1109	44359	99	78	0	0	*	2
1110	44399	99	77	0	0	*	2
1111	44439	99	76	0	0	*	2
1112	44479	100	75	0	0	*	2
1113	44519	99	74	0	0	*	2
1114	44559	99	74	0	0	*	2
1115	44599	99	73	0	0	*	2
1116	44639	99	72	0	0	*	2
1117	44679	99	72	0	0	*	2
1118	44719	98	72	0	0	*	2
1119	44759	98	72	0	0	*	2
1120	44799	97	71	0	0	*	2
1121	44839	97	70	0	0	*	2
1122	44879	97	71	0	0	*	2
1123	44919	97	71	0	0	*	2
1124	44959	96	70	0	0	*	2
1125	44999	96	71	0	0	*	2
1126	45039	96	70	0	0	*	2
1127	45079	96	70	0	0	*	2
1128	45119	95	70	0	0	*	2
1129	45159	95	70	0	0	*	2
1130	45199	95	70	0	0	*	2
1131	45239	95	70	0	0	*	2
1132	45279	95	70	0	0	*	2
1133	45319	94	70	0	0	*	2
1134	45359	94	70	0	0	*	2
1135	45399	94	70	0	0	*	2
1136	45439	94	70	0	0	*	2
1137	45479	94	70	0	0	*	2
1138	45519	93	70	0	0	*	2
1139	45559	93	70	0	0	*	2
1140	45599	93	70	0	0	*	2
1141	45639	92	70	0	0	*	2
1142	45679	92	70	0	0	*	2
1143	45719	91	71	0	0	*	2
1144	45759	91	71	0	0	*	2
1145	45799	92	71	0	0	*	2
1146	45839	92	71	0	0	*	2
1147	45879	92	71	0	0	*	2
1148	45919	92	71	0	0	*	2
1149	45959	91	71	0	0	*	2
1150	45999	91	71	0	0	*	2
1151	46039	91	71	0	0	*	2
1152	46079	91	71	0	0	*	2
1153	46119	91	71	0	0	*	2
1154	46159	91	71	0	0	*	2
1155	46199	90	72	0	0	*	2
1156	46239	90	72	0	0	*	2
1157	46279	90	72	0	0	*	2
1158	46319	89	72	0	0	*	2
1159	46359	89	73	0	0	*	2
1160	46399	89	73	0	0	*	2
1161	46439	89	73	0	0	*	2
1162	46479	89	74	0	0	*	2
1163	46519	89	74	0	0	*	2
1164	46559	89	75	0	0	*	2
1165	46599	89	76	0	0	*	2
1166	46639	89	76	0	0	*	2
1167	46679	89	76	0	0	*	2
1168	46719	89	76	0	0	*	2
1169	46759	89	76	0	0	*	2
1170	46799	89	76	0	0	*	2
1171	46839	88	77	0	0	*	2
1172	46879	88	78	0	0	*	2
1173	46919	88	79	0	0	*	2
1174	46959	88	79	0	0	*	2
1175	46999	88	79	0	0	*	2
1176	47039	88	80	0	0	*	2
1177	47079	87	80	0	0	*	2
1178	47119	87	81	0	0	*	2
1179	47159	87	82	0	0	*	2
1180	47199	88	82	0	0	*	2
1181	47239	88	83	0	0	*	2
1182	47279	88	84	0	0	*	2
1183	47319	87	83	0	0	*	2
1184	47359	87	85	0	0	*	2
1185	47399	87	85	0	0	*	2
1186	47439	88	86	0	0	*	2
1187	47479	88	87	0	0	*	2
1188	47519	88	88	0	0	*	2
1189	47559	87	88	0	0	*	2
1190	47599	87	88	0	0	*	2
1191	47639	88	90	0	0	*	2
1192	47679	88	90	0	0	*	2
1193	47719	88	91	0	0	*	2
1194	47759	88	92	0	0	*	2
1195	47799	89	93	0	0	*	2
1196	47839	89	93	0	0	*	2
1197	47879	89	93	0	0	*	2
1198	47919	89	94	0	0	*	2
1199	47959	89	95	0	0	*	2
1200	47999	90	96	0	0	*	2
1201	48039	90	97	0	0	*	2
1202	48079	90	98	0	0	*	2
1203	48119	90	99	0	0	*	2
1204	48159	90	99	0	0	*	2
1205	48199	90	100	0	0	*	2
1206	48239	91	102	0	0	*	2
1207	48279	91	102	0	0	*	2
1208	48319	91	104	0	0	*	2
1209	48359	91	104	0	0	*	2
1210	48399	91	105	0	0	*	2
1211	48439	91	107	0	0	*	2
1212	48479	91	107	0	0	*	2
1213	48519	92	109	0	0	*	2
1214	48559	91	110	0	0	*	2
1215	48599	91	110	0	0	*	2
1216	48639	91	111	0	0	*	2
1217	48679	91	112	0	0	*	2
1218	48719	91	113	0	0	*	2
1219	48759	91	114	0	0	*	2
1220	48799	91	116	0	0	*	2
1221	48839	90	116	0	0	*	2
1222	48879	90	117	0	0	*	2
1223	48919	90	118	0	0	*	2
1224	48959	90	119	0	0	*	2
1225	48999	89	120	0	0	*	2
1226	49039	89	122	0	0	*	2
1227	49079	89	123	0	0	*	2
1228	49119	89	123	0	0	*	2
1229	49159	88	125	0	0	*	2
1230	49199	88	125	0	0	*	2
1231	49239	88	126	0	0	*	2
1232	49279	87	128	0	0	*	2
1233	49319	87	129	0	0	*	2
1234	49359	87	130	0	0	*	2
1235	49399	86	132	0	0	*	2
1236	49439	86	133	0	0	*	2
1237	49479	86	133	0	0	*	2
1238	49519	85	135	0	0	*	2
1239	49559	85	137	0	0	*	2
1240	49599	84	138	0	0	*	2
1241	49639	83	139	0	0	*	2
1242	49679	83	140	0	0	*	2
1243	49719	83	140	0	0	*	2
1244	49759	82	141	0	0	*	2
1245	49799	81	143	0	0	*	2
1246	49839	80	144	0	0	*	2
1247	49879	79	145	0	0	*	2
1248	49919	79	145	0	0	*	2
1249	49959	78	146	0	0	*	2
1250	49999	77	147	0	0	*	2
1251	50039	76	148	0	0	*	2
1252	50079	75	148	0	0	*	2
1253	50119	74	149	0	0	*	2
1254	50159	73	150	0	0	*	2
1255	50199	73	150	0	0	*	2
1256	50239	72	151	0	0	*	2
1257	50279	70	152	0	0	*	2
1258	50319	69	152	0	0	*	2
1259	50359	68	153	0	0	*	2
1260	50399	67	154	0	0	*	2
1261	50439	66	154	0	0	*	2
1262	50479	65	155	0	0	*	2
1263	50519	64	156	0	0	*	2
1264	50559	63	156	0	0	*	2
1265	50599	62	156	0	0	*	2
1266	50639	61	157	0	0	*	2
1267	50679	60	157	0	0	*	2
1268	50719	59	157	0	0	*	2
1269	50759	57	158	0	0	*	2
1270	50799	56	159	0	0	*	2
1271	50839	55	159	0	0	*	2
1272	50879	54	159	0	0	*	2
1273	50919	52	160	0	0	*	2
1274	50959	51	160	0	0	*	2
1275	50999	50	160	0	0	*	2
1276	51039	49	161	0	0	*	2
1277	51079	48	161	0	0	*	2
1278	51119	47	161	0	0	*	2
1279	51159	46	161	0	0	*	2
1280	51199	45	161	0	0	*	2
1281	51239	43	161	0	0	*	2
1282	51279	42	161	0	0	*	2
1283	51319	41	161	0	0	*	2
1284	51359	40	162	0	0	*	2
1285	51399	39	162	0	0	*	2
1286	51439	38	161	0	0	*	2
1287	51479	36	161	0	0	*	2
1288	51519	36	161	0	0	*	2
1289	51559	34	161	0	0	*	2
1290	51599	33	161	0	0	*	2
1291	51639	32	161	0	0	*	2
1292	51679	30	161	0	0	*	2
1293	51719	29	161	0	0	*	2
1294	51759	27	160	0	0	*	2
1295	51799	25	160	0	0	*	2
1296	51839	24	160	0	0	*	2
1297	51879	22	160	0	0	*	2
1298	51919	21	160	0	0	*	2
1299	51959	19	159	0	0	*	2
1300	51999	18	159	0	0	*	2
1301	52039	17	159	0	0	*	2
1302	52079	17	158	0	0	*	2
1303	52119	16	158	0	0	*	2
1304	52159	16	158	0	0	*	2
1305	52199	15	158	0	0	*	2
1306	52239	15	158	0	0	*	2
1307	52279	14	158	0	0	*	2
1308	52319	15	158	0	0	*	2
1309	52359	15	158	0	0	*	2
1310	52399	15	158	0	0	*	2
1311	52439	15	157	0	0	*	2
1312	52479	14	158	0	0	*	2
1313	52519	14	158	0	0	*	2
1314	52559	14	158	0	0	*	2
1315	52599	15	157	0	0	*	2
1316	52639	15	156	0	0	*	2
1317	52679	16	156	0	0	*	2
1318	52719	15	157	0	0	*	2
1319	52759	16	157	0	0	*	2
1320	52799	16	157	0	0	*	2
1321	52839	15	156	0	0	*	2
1322	52879	16	156	0	0	*	2
1323	52919	17	156	0	0	*	2
1324	52959	19	155	0	0	*	2
1325	52999	19	155	0	0	*	2
1326	53039	18	156	0	0	*	2
1327	53079	19	156	0	0	*	2
1328	53119	20	156	0	0	*	2
1329	53159	23	156	0	0	*	2
1330	53199	23	156	0	0	*	2
1331	53239	24	155	0	0	*	2
1332	53279	24	155	0	0	*	2
1333	53319	24	155	0	0	*	2
1334	53359	26	155	0	0	*	2
1335	53399	28	154	0	0	*	2
1336	53439	29	154	0	0	*	2
1337	53479	30	154	0	0	*	2
1338	53519	31	154	0	0	*	2
1339	53559	33	153	0	0	*	2
1340	53599	34	153	0	0	*	2
1341	53639	35	153	0	0	*	2
1342	53679	35	152	0	0	*	2
1343	53719	36	152	0	0	*	2
1344	53759	36	152	0	0	*	2
1345	53799	37	152	0	0	*	2
1346	53839	38	151	0	0	*	2
1347	53879	39	150	0	0	*	2
1348	53919	39	150	0	0	*	2
1349	53959	39	150	0	0	*	2
1350	53999	40	149	0	0	*	2
1351	54039	40	149	0	0	*	2
1352	54079	41	148	0	0	*	2
1353	54119	42	147	0	0	*	2
1354	54159	42	146	0	0	*	2
1355	54199	43	145	0	0	*	2
1356	54239	43	146	0	0	*	2
1357	54279	43	147	0	0	*	2
1358	54319	42	148	0	0	*	2
1359	54359	43	147	0	0	*	2
1360	54399	43	146	0	0	*	2
1361	54439	44	145	0	0	*	2
1362	54479	44	144	0	0	*	2
1363	54519	45	144	0	0	*	2
1364	54559	45	143	0	0	*	2
1365	54599	46	143	0	0	*	2
1366	54639	46	142	0	0	*	2
1367	54679	46	141	0	0	*	2
1368	54719	47	141	0	0	*	2
1369	54759	47	140	0	0	*	2
1370	54799	47	139	0	0	*	2
1371	54839	47	139	0	0	*	2
1372	54879	48	138	0	0	*	2
1373	54919	48	137	0	0	*	2
1374	54959	48	137	0	0	*	2
1375	54999	48	136	0	0	*	2
1376	55039	49	136	0	0	*	2
1377	55079	49	135	0	0	*	2
1378	55119	49	134	0	0	*	2
1379	55159	49	134	0	0	*	2
1380	55199	49	133	0	0	*	2
1381	55239	49	132	0	0	*	2
1382	55279	50	131	0	0	*	2
1383	55319	50	131	0	0	*	2
1384	55359	50	130	0	0	*	2
1385	55399	50	129	0	0	*	2
1386	55439	50	129	0	0	*	2
1387	55479	50	128	0	0	*	2
1388	55519	50	127	0	0	*	2
1389	55559	50	126	0	0	*	2
1390	55599	50	126	0	0	*	2
1391	55639	50	125	0	0	*	2
1392	55679	50	124	0	0	*	2
1393	55719	50	124	0	0	*	2
1394	55759	50	123	0	0	*	2
1395	55799	50	122	0	0	*	2
1396	55839	50	121	0	0	*	2
1397	55879	50	121	0	0	*	2
1398	55919	50	120	0	0	*	2
1399	55959	50	119	0	0	*	2
1400	55999	50	119	0	0	*	2
1401	56039	50	118	0	0	*	2
1402	56079	49	117	0	0	*	2
1403	56119	49	116	0	0	*	2
1404	56159	49	116	0	0	*	2
1405	56199	49	115	0	0	*	2
1406	56239	49	115	0	0	*	2
1407	56279	49	115	0	0	*	2
1408	56319	48	114	0	0	*	2
1409	56359	47	113	0	0	*	2
1410	56399	47	113	0	0	*	2
1411	56439	47	112	0	0	*	2
1412	56479	44	110	0	0	*	2
1413	56519	47	111	0	0	*	2
1414	56559	46	111	0	0	*	2
1415	56599	46	111	0	0	*	2
1416	56639	46	111	0	0	*	2
1417	56679	45	110	0	0	*	2
1418	56719	46	110	0	0	*	2
1419	56759	46	110	0	0	*	2
1420	56799	45	110	0	0	*	2
1421	56839	44	109	0	0	*	2
1422	56879	43	109	0	0	*	2
1423	56919	43	109	0	0	*	2
1424	56959	41	109	0	0	*	2
1425	56999	41	109	0	0	*	2
1426	57039	40	109	0	0	*	2
1427	57079	40	109	0	0	*	2
1428	57119	40	108	0	0	*	2
1429	57159	39	108	0	0	*	2
1430	57199	38	108	0	0	*	2
1431	57239	37	108	0	0	*	2
1432	57279	37	108	0	0	*	2
1433	57319	38	108	0	0	*	2
1434	57359	38	108	0	0	*	2
1435	57399	36	108	0	0	*	2
1436	57439	36	108	0	0	*	2
1437	57479	37	107	0	0	*	2
1438	57519	35	107	0	0	*	2
1439	57559	34	106	0	0	*	2
1440	57599	34	107	0	0	*	2
1441	57639	34	107	0	0	*	2
1442	57679	33	107	0	0	*	2
1443	57719	33	107	0	0	*	2
1444	57759	33	107	0	0	*	2
1445	57799	33	107	0	0	*	2
1446	57839	33	107	0	0	*	2
1447	57879	33	107	0	0	*	2
1448	57919	33	108	0	0	*	2
1449	57959	33	108	0	0	*	2
1450	57999	33	108	0	0	*	2
1451	58039	33	108	0	0	*	2
1452	58079	33	108	0	0	*	2
1453	58119	32	108	0	0	*	2
1454	58159	32	109	0	0	*	2
1455	58199	33	110	0	0	*	2
1456	58239	34	110	0	0	*	2
1457	58279	34	110	0	0	*	2
1458	58319	34	110	0	0	*	2
1459	58359	34	110	0	0	*	2
1460	58399	35	111	0	0	*	2
1461	58439	35	111	0	0	*	2
1462	58479	35	112	0	0	*	2
1463	58519	35	112	0	0	*	2
1464	58559	35	111	0	0	*	2
1465	58599	36	111	0	0	*	2
1466	58639	36	112	0	0	*	2
1467	58679	37	112	0	0	*	2
1468	58719	38	112	0	0	*	2
1469	58759	38	112	0	0	*	2
1470	58799	39	112	0	0	*	2
1471	58839	38	112	0	0	*	2
1472	58879	39	112	0	0	*	2
1473	58919	40	111	0	0	*	2
1474	58959	39	112	0	0	*	2
1475	58999	39	112	0	0	*	2
1476	59039	40	111	0	0	*	2
1477	59079	40	111	0	0	*	2
1478	59119	41	111	0	0	*	2
1479	59159	42	111	0	0	*	2
1480	59199	42	110	0	0	*	2
1481	59239	43	110	0	0	*	2
1482	59279	43	110	0	0	*	2
1483	59319	44	109	0	0	*	2
1484	59359	44	109	0	0	*	2
1485	59399	44	109	0	0	*	2
1486	59439	45	109	0	0	*	2
1487	59479	45	108	0	0	*	2
1488	59519	45	106	0	0	*	2
1489	59559	45	106	0	0	*	2
1490	59599	45	106	0	0	*	2
1491	59639	45	105	0	0	*	2
1492	59679	44	104	0	0	*	2
1493	59719	44	103	0	0	*	2
1494	59759	43	103	0	0	*	2
1495	59799	43	102	0	0	*	2
1496	59839	43	102	0	0	*	2
1497	59879	42	101	0	0	*	2
1498	59919	41	100	0	0	*	2
1499	59959	40	100	0	0	*	2
1500	59999	40	99	0	0	*	2
1501	60039	39	99	0	0	*	2
1502	60079	39	98	0	0	*	2
1503	60119	38	98	0	0	*	2
1504	60159	37	98	0	0	*	2
1505	60199	36	97	0	0	*	2
1506	60239	35	97	0	0	*	2
1507	60279	35	97	0	0	*	2
1508	60319	34	97	0	0	*	2
1509	60359	33	96	0	0	*	2
1510	60399	32	96	0	0	*	2
1511	60439	30	96	0	0	*	2
1512	60479	29	95	0	0	*	2
1513	60519	29	95	0	0	*	2
1514	60559	28	95	0	0	*	2
