%%BEGIN_HEADER
	%%BEGIN DATABASE_INFORMATION
		%Date.0 ( 13.9.2019 )
		%Time.0 ( 15:38 )
	%%END DATABASE_INFORMATION
	%%BEGIN SETUP_INFORMATION
		%TrackerVersion.0 ( Tracker version 2.38 release 12.8.2012 )
		%ElapsedTime_ms.0 ( 13900 )
		%Paradigm.0 ( PlacePreference )
		%FeederParameters.0 ( 1500 0 )
			// %FeederParameters.0 ( ENTRANCE_LATENCY EXIT_LATENCY )
		%ElapsedPath_m.0 ( 0.00 )
		%ArenaDiameter_m.0 ( 1.80 )
		%TrackerResolution_PixPerCM.0 ( 1.4222 )
		%ArenaCenterXY.0 ( 127.5 127.5 )
		%Frame.0 ( RoomFrame )
		%ReinforcedSector.0 ( 64.3907 64.3907 7 )
			//%ReinforcedSector.0 ( CENTER_X CENTER_Y RADIUS )
		%RoomTrackReinforcedSector.0 ( 64.3907 64.3907 7 )
			//%RoomTrackReinforcedSector.0 ( CENTER_X CENTER_Y RADIUS )
	%%END SETUP_INFORMATION
	%%BEGIN RECORD_FORMAT
		%Sample.0 ( FrameCount 1msTimeStamp RoomX RoomY Sectors State Flags FrameInfo )
			//Sectors indicate if the object is in a target. Number is binary coded. Sectors = 0: no target, Sectors = 1: room target, Sectors: = 2 arena target, Sectors: = 3 room and arena target
			////State indicates the Watermaze State: OutsideTarget = 0, EntranceLatency = 1, InsideTarget = 3, OutsideRefractory = 4, BadSpot = 5
			//FrameInfo indicates succesfuly tracked spots: ReferencePoint * 2^0 + Spot0 * 2^(1+0) + Spot1 * 2^(1+1) + Spot2 * 2^(1+2) .... 
	%%END RECORD_FORMAT
%%END_HEADER
1	60	220	49	0	0	*	2
2	100	220	50	0	0	*	2
3	140	221	51	0	0	*	2
4	180	221	51	0	0	*	2
5	220	222	51	0	0	*	2
6	260	222	52	0	0	*	2
7	300	223	53	0	0	*	2
8	340	224	54	0	0	*	2
9	380	224	55	0	0	*	2
10	420	224	56	0	0	*	2
11	460	225	57	0	0	*	2
12	500	226	58	0	0	*	2
13	540	225	60	0	0	*	2
14	580	225	60	0	0	*	2
15	620	226	61	0	0	*	2
16	660	225	62	0	0	*	2
17	700	225	64	0	0	*	2
18	740	225	65	0	0	*	2
19	780	225	65	0	0	*	2
20	820	225	65	0	0	*	2
21	860	225	66	0	0	*	2
22	900	225	68	0	0	*	2
23	940	225	69	0	0	*	2
24	980	226	70	0	0	*	2
25	1020	226	72	0	0	*	2
26	1060	226	73	0	0	*	2
27	1100	226	76	0	0	*	2
28	1140	226	79	0	0	*	2
29	1180	226	81	0	0	*	2
30	1220	226	83	0	0	*	2
31	1260	225	84	0	0	*	2
32	1300	225	87	0	0	*	2
33	1340	224	89	0	0	*	2
34	1380	223	91	0	0	*	2
35	1420	223	93	0	0	*	2
36	1460	222	95	0	0	*	2
37	1500	221	98	0	0	*	2
38	1540	220	101	0	0	*	2
39	1580	219	103	0	0	*	2
40	1620	218	105	0	0	*	2
41	1660	217	107	0	0	*	2
42	1700	216	110	0	0	*	2
43	1740	215	112	0	0	*	2
44	1780	214	114	0	0	*	2
45	1820	213	116	0	0	*	2
46	1860	211	118	0	0	*	2
47	1900	210	121	0	0	*	2
48	1940	208	123	0	0	*	2
49	1980	207	126	0	0	*	2
50	2020	206	129	0	0	*	2
51	2060	205	131	0	0	*	2
52	2100	203	133	0	0	*	2
53	2140	201	135	0	0	*	2
54	2180	200	138	0	0	*	2
55	2220	198	140	0	0	*	2
56	2260	197	142	0	0	*	2
57	2300	195	144	0	0	*	2
58	2340	194	147	0	0	*	2
59	2380	192	149	0	0	*	2
60	2420	191	152	0	0	*	2
61	2460	189	154	0	0	*	2
62	2500	188	156	0	0	*	2
63	2540	186	159	0	0	*	2
64	2580	185	161	0	0	*	2
65	2620	183	162	0	0	*	2
66	2660	182	165	0	0	*	2
67	2700	181	167	0	0	*	2
68	2740	179	169	0	0	*	2
69	2780	178	171	0	0	*	2
70	2820	177	173	0	0	*	2
71	2860	175	175	0	0	*	2
72	2900	174	176	0	0	*	2
73	2940	173	178	0	0	*	2
74	2980	172	179	0	0	*	2
75	3020	171	181	0	0	*	2
76	3060	170	183	0	0	*	2
77	3100	169	184	0	0	*	2
78	3140	167	186	0	0	*	2
79	3180	166	187	0	0	*	2
80	3220	164	188	0	0	*	2
81	3260	163	190	0	0	*	2
82	3300	161	191	0	0	*	2
83	3340	159	193	0	0	*	2
84	3380	158	193	0	0	*	2
85	3420	157	195	0	0	*	2
86	3460	156	196	0	0	*	2
87	3500	154	197	0	0	*	2
88	3540	152	199	0	0	*	2
89	3580	150	200	0	0	*	2
90	3620	150	200	0	0	*	2
91	3660	148	201	0	0	*	2
92	3700	147	202	0	0	*	2
93	3740	146	203	0	0	*	2
94	3780	144	204	0	0	*	2
95	3820	141	206	0	0	*	2
96	3860	140	206	0	0	*	2
97	3900	138	207	0	0	*	2
98	3940	136	207	0	0	*	2
99	3980	134	208	0	0	*	2
100	4020	132	209	0	0	*	2
101	4060	131	209	0	0	*	2
102	4100	129	209	0	0	*	2
103	4140	127	209	0	0	*	2
104	4180	124	209	0	0	*	2
105	4220	121	209	0	0	*	2
106	4260	121	209	0	0	*	2
107	4300	120	209	0	0	*	2
108	4340	117	207	0	0	*	2
109	4380	116	207	0	0	*	2
110	4420	114	206	0	0	*	2
111	4460	112	205	0	0	*	2
112	4500	111	204	0	0	*	2
113	4540	108	203	0	0	*	2
114	4580	105	202	0	0	*	2
115	4620	105	202	0	0	*	2
116	4660	104	201	0	0	*	2
117	4700	102	200	0	0	*	2
118	4740	101	199	0	0	*	2
119	4780	98	198	0	0	*	2
120	4820	96	196	0	0	*	2
121	4860	94	195	0	0	*	2
122	4900	93	194	0	0	*	2
123	4940	91	194	0	0	*	2
124	4980	89	193	0	0	*	2
125	5020	87	191	0	0	*	2
126	5060	85	189	0	0	*	2
127	5100	84	188	0	0	*	2
128	5140	81	186	0	0	*	2
129	5180	80	186	0	0	*	2
130	5220	77	184	0	0	*	2
131	5260	75	182	0	0	*	2
132	5300	74	181	0	0	*	2
133	5340	73	179	0	0	*	2
134	5380	71	178	0	0	*	2
135	5420	69	175	0	0	*	2
136	5460	67	174	0	0	*	2
137	5500	65	172	0	0	*	2
138	5540	64	170	0	0	*	2
139	5580	62	168	0	0	*	2
140	5620	61	166	0	0	*	2
141	5660	60	164	0	0	*	2
142	5700	59	162	0	0	*	2
143	5740	58	161	0	0	*	2
144	5780	57	159	0	0	*	2
145	5820	56	157	0	0	*	2
146	5860	55	155	0	0	*	2
147	5900	54	153	0	0	*	2
148	5940	53	152	0	0	*	2
149	5980	52	149	0	0	*	2
150	6020	51	147	0	0	*	2
151	6060	50	145	0	0	*	2
152	6100	50	143	0	0	*	2
153	6140	49	142	0	0	*	2
154	6180	49	140	0	0	*	2
155	6220	48	139	0	0	*	2
156	6260	47	137	0	0	*	2
157	6300	47	135	0	0	*	2
158	6340	46	134	0	0	*	2
159	6380	45	132	0	0	*	2
160	6420	45	131	0	0	*	2
161	6460	44	129	0	0	*	2
162	6500	44	127	0	0	*	2
163	6540	43	126	0	0	*	2
164	6580	43	125	0	0	*	2
165	6620	43	123	0	0	*	2
166	6660	43	122	0	0	*	2
167	6700	42	120	0	0	*	2
168	6740	42	119	0	0	*	2
169	6780	41	117	0	0	*	2
170	6820	41	116	0	0	*	2
171	6860	41	115	0	0	*	2
172	6900	40	113	0	0	*	2
173	6940	40	111	0	0	*	2
174	6980	40	110	0	0	*	2
175	7020	39	110	0	0	*	2
176	7060	39	108	0	0	*	2
177	7100	39	108	0	0	*	2
178	7140	39	106	0	0	*	2
179	7180	39	105	0	0	*	2
180	7220	39	104	0	0	*	2
181	7260	39	102	0	0	*	2
182	7300	39	101	0	0	*	2
183	7340	39	101	0	0	*	2
184	7380	39	100	0	0	*	2
185	7420	40	99	0	0	*	2
186	7460	40	98	0	0	*	2
187	7500	41	97	0	0	*	2
188	7540	42	96	0	0	*	2
189	7580	43	95	0	0	*	2
190	7620	43	94	0	0	*	2
191	7660	44	93	0	0	*	2
192	7700	45	92	0	0	*	2
193	7740	45	91	0	0	*	2
194	7780	46	90	0	0	*	2
195	7820	46	89	0	0	*	2
196	7860	47	89	0	0	*	2
197	7900	47	88	0	0	*	2
198	7940	48	87	0	0	*	2
199	7980	49	86	0	0	*	2
200	8020	49	84	0	0	*	2
201	8060	50	82	0	0	*	2
202	8100	51	81	0	0	*	2
203	8140	51	81	0	0	*	2
204	8180	52	79	0	0	*	2
205	8220	54	77	0	0	*	2
206	8260	55	75	0	0	*	2
207	8300	57	73	0	0	*	2
208	8340	58	71	0	0	*	2
209	8380	58	70	0	1	*	2
210	8420	59	69	0	1	*	2
211	8460	59	68	0	1	*	2
212	8500	59	67	0	1	*	2
213	8540	60	67	0	1	*	2
214	8580	60	66	0	1	*	2
215	8620	60	66	0	1	*	2
216	8660	60	65	0	1	*	2
217	8700	60	64	0	1	*	2
218	8740	60	64	0	1	*	2
219	8780	59	64	0	1	*	2
220	8820	60	64	0	1	*	2
221	8860	60	63	0	1	*	2
222	8900	60	64	0	1	*	2
223	8940	61	65	0	1	*	2
224	8980	61	65	0	1	*	2
225	9020	61	64	0	1	*	2
226	9060	61	64	0	1	*	2
227	9100	60	63	0	1	*	2
228	9140	60	63	0	1	*	2
229	9180	60	62	0	1	*	2
230	9220	59	61	0	1	*	2
231	9260	59	60	0	1	*	2
232	9300	59	60	0	1	*	2
233	9340	60	60	0	1	*	2
234	9380	60	60	0	1	*	2
235	9420	60	59	0	1	*	2
236	9460	59	59	0	1	*	2
237	9500	59	59	0	1	*	2
238	9540	59	58	0	1	*	2
239	9580	57	51	0	0	*	2
240	9620	59	59	0	1	*	2
241	9660	60	59	0	1	*	2
242	9700	60	60	0	1	*	2
243	9740	60	60	0	1	*	2
244	9780	60	60	0	1	*	2
245	9820	60	61	0	1	*	2
246	9860	60	61	0	1	*	2
247	9900	60	61	0	1	*	2
248	9940	60	61	0	1	*	2
249	9980	60	61	0	1	*	2
250	10020	59	61	0	1	*	2
251	10060	59	61	0	1	*	2
252	10100	58	60	0	1	*	2
253	10140	58	60	0	1	*	2
254	10180	58	60	0	1	*	2
255	10220	59	60	0	1	*	2
256	10260	59	60	0	1	*	2
257	10300	59	60	0	1	*	2
258	10340	59	60	0	1	*	2
259	10380	59	61	0	1	*	2
260	10420	59	62	0	1	*	2
261	10460	59	62	0	1	*	2
262	10500	58	62	0	1	*	2
263	10540	58	62	0	1	*	2
264	10580	57	62	0	1	*	2
265	10620	56	61	0	0	*	2
266	10660	56	61	0	0	*	2
267	10700	56	61	0	0	*	2
268	10740	57	61	0	1	*	2
269	10780	56	61	0	0	*	2
270	10820	58	63	0	1	*	2
271	10860	58	63	0	1	*	2
272	10900	59	64	0	1	*	2
273	10940	59	64	0	1	*	2
274	10980	59	64	0	1	*	2
275	11020	58	64	0	1	*	2
276	11060	58	64	0	1	*	2
277	11100	58	64	0	1	*	2
278	11140	57	64	0	1	*	2
279	11180	57	64	0	1	*	2
280	11220	57	63	0	1	*	2
281	11260	56	64	0	1	*	2
282	11300	56	64	0	1	*	2
283	11340	56	64	0	1	*	2
284	11380	56	64	0	1	*	2
285	11420	57	64	0	1	*	2
286	11460	56	64	0	1	*	2
287	11500	57	64	0	1	*	2
288	11540	57	63	0	1	*	2
289	11580	58	63	0	1	*	2
290	11620	57	63	0	1	*	2
291	11660	57	63	0	1	*	2
292	11700	58	63	0	1	*	2
293	11740	58	63	0	1	*	2
294	11780	58	63	0	1	*	2
295	11820	58	63	0	1	*	2
296	11860	58	63	0	1	*	2
297	11900	58	63	0	1	*	2
298	11940	58	63	0	1	*	2
299	11980	58	63	0	1	*	2
300	12020	58	63	0	1	*	2
301	12060	57	63	0	1	*	2
302	12100	57	63	0	1	*	2
303	12140	57	63	0	1	*	2
304	12180	57	64	0	1	*	2
305	12220	56	64	0	1	*	2
306	12260	56	64	0	1	*	2
307	12300	56	63	0	0	*	2
308	12340	56	63	0	0	*	2
309	12380	56	63	0	0	*	2
310	12420	56	63	0	0	*	2
311	12460	56	63	0	1	*	2
312	12500	56	63	0	1	*	2
313	12540	57	63	0	1	*	2
314	12580	57	63	0	1	*	2
315	12620	57	63	0	1	*	2
316	12660	58	63	0	1	*	2
317	12700	58	63	0	1	*	2
318	12740	58	62	0	1	*	2
319	12780	58	62	0	1	*	2
320	12820	58	61	0	1	*	2
321	12860	58	61	0	1	*	2
322	12900	58	61	0	1	*	2
323	12940	57	60	0	1	*	2
324	12980	57	60	0	1	*	2
325	13020	57	60	0	1	*	2
326	13060	57	60	0	0	*	2
327	13100	57	60	0	1	*	2
328	13140	57	60	0	1	*	2
329	13180	58	60	0	1	*	2
330	13220	58	60	0	1	*	2
331	13260	58	61	0	1	*	2
332	13300	58	61	0	1	*	2
333	13340	58	61	0	1	*	2
334	13380	58	61	0	1	*	2
335	13420	58	61	0	1	*	2
336	13460	59	60	0	1	*	2
337	13500	59	60	0	1	*	2
338	13540	59	60	0	1	*	2
339	13580	59	59	0	1	*	2
340	13620	59	59	0	1	*	2
341	13660	59	59	0	1	*	2
342	13700	59	58	0	1	*	2
343	13740	59	58	0	1	*	2
344	13780	59	58	0	1	*	2
345	13820	59	58	0	1	*	2
346	13860	59	58	0	0	*	2
347	13900	59	58	0	1	*	2
