%%BEGIN_HEADER
	%%BEGIN DATABASE_INFORMATION
		%Date.0 ( 13.9.2019 )
		%Time.0 ( 15:05 )
	%%END DATABASE_INFORMATION
	%%BEGIN SETUP_INFORMATION
		%TrackerVersion.0 ( Tracker version 2.38 release 12.8.2012 )
		%ElapsedTime_ms.0 ( 8915 )
		%Paradigm.0 ( PlacePreference )
		%FeederParameters.0 ( 1500 0 )
			// %FeederParameters.0 ( ENTRANCE_LATENCY EXIT_LATENCY )
		%ElapsedPath_m.0 ( 0.00 )
		%ArenaDiameter_m.0 ( 1.80 )
		%TrackerResolution_PixPerCM.0 ( 1.4222 )
		%ArenaCenterXY.0 ( 127.5 127.5 )
		%Frame.0 ( RoomFrame )
		%ReinforcedSector.0 ( 64.3907 190.6093 7 )
			//%ReinforcedSector.0 ( CENTER_X CENTER_Y RADIUS )
		%RoomTrackReinforcedSector.0 ( 64.3907 190.6093 7 )
			//%RoomTrackReinforcedSector.0 ( CENTER_X CENTER_Y RADIUS )
	%%END SETUP_INFORMATION
	%%BEGIN RECORD_FORMAT
		%Sample.0 ( FrameCount 1msTimeStamp RoomX RoomY Sectors State Flags FrameInfo )
			//Sectors indicate if the object is in a target. Number is binary coded. Sectors = 0: no target, Sectors = 1: room target, Sectors: = 2 arena target, Sectors: = 3 room and arena target
			////State indicates the Watermaze State: OutsideTarget = 0, EntranceLatency = 1, InsideTarget = 3, OutsideRefractory = 4, BadSpot = 5
			//FrameInfo indicates succesfuly tracked spots: ReferencePoint * 2^0 + Spot0 * 2^(1+0) + Spot1 * 2^(1+1) + Spot2 * 2^(1+2) .... 
	%%END RECORD_FORMAT
%%END_HEADER
1	75	115	13	0	0	*	2
2	115	115	14	0	0	*	2
3	155	115	15	0	0	*	2
4	195	113	16	0	0	*	2
5	235	112	16	0	0	*	2
6	275	112	17	0	0	*	2
7	315	112	18	0	0	*	2
8	355	112	18	0	0	*	2
9	395	110	20	0	0	*	2
10	435	110	20	0	0	*	2
11	475	109	22	0	0	*	2
12	515	109	23	0	0	*	2
13	555	108	24	0	0	*	2
14	595	107	26	0	0	*	2
15	635	107	27	0	0	*	2
16	675	106	29	0	0	*	2
17	715	105	31	0	0	*	2
18	755	104	34	0	0	*	2
19	795	102	39	0	0	*	2
20	835	101	42	0	0	*	2
21	875	100	44	0	0	*	2
22	915	101	43	0	0	*	2
23	955	100	46	0	0	*	2
24	995	99	50	0	0	*	2
25	1035	98	53	0	0	*	2
26	1075	98	55	0	0	*	2
27	1115	98	58	0	0	*	2
28	1155	98	58	0	0	*	2
29	1195	98	60	0	0	*	2
30	1235	98	64	0	0	*	2
31	1275	98	65	0	0	*	2
32	1315	98	69	0	0	*	2
33	1355	98	73	0	0	*	2
34	1395	98	73	0	0	*	2
35	1435	98	78	0	0	*	2
36	1475	97	81	0	0	*	2
37	1515	96	84	0	0	*	2
38	1555	96	86	0	0	*	2
39	1595	95	87	0	0	*	2
40	1635	94	89	0	0	*	2
41	1675	94	88	0	0	*	2
42	1715	94	89	0	0	*	2
43	1755	90	94	0	0	*	2
44	1795	88	95	0	0	*	2
45	1835	90	94	0	0	*	2
46	1875	87	98	0	0	*	2
47	1915	85	99	0	0	*	2
48	1955	85	100	0	0	*	2
49	1995	83	102	0	0	*	2
50	2035	82	104	0	0	*	2
51	2075	83	103	0	0	*	2
52	2115	82	104	0	0	*	2
53	2155	81	105	0	0	*	2
54	2195	79	109	0	0	*	2
55	2235	78	111	0	0	*	2
56	2275	79	112	0	0	*	2
57	2315	79	113	0	0	*	2
58	2355	80	115	0	0	*	2
59	2395	80	116	0	0	*	2
60	2435	81	117	0	0	*	2
61	2475	81	118	0	0	*	2
62	2515	81	120	0	0	*	2
63	2555	81	120	0	0	*	2
64	2595	82	124	0	0	*	2
65	2635	82	125	0	0	*	2
66	2675	82	125	0	0	*	2
67	2715	81	123	0	0	*	2
68	2755	82	128	0	0	*	2
69	2795	81	127	0	0	*	2
70	2835	81	131	0	0	*	2
71	2875	81	132	0	0	*	2
72	2915	80	133	0	0	*	2
73	2955	80	135	0	0	*	2
74	2995	79	136	0	0	*	2
75	3035	78	137	0	0	*	2
76	3075	78	137	0	0	*	2
77	3115	78	136	0	0	*	2
78	3155	76	140	0	0	*	2
79	3195	76	140	0	0	*	2
80	3235	77	138	0	0	*	2
81	3275	76	140	0	0	*	2
82	3315	76	140	0	0	*	2
83	3355	75	148	0	0	*	2
84	3395	76	150	0	0	*	2
85	3435	77	151	0	0	*	2
86	3475	77	147	0	0	*	2
87	3515	77	152	0	0	*	2
88	3555	78	154	0	0	*	2
89	3595	78	155	0	0	*	2
90	3635	78	156	0	0	*	2
91	3675	78	158	0	0	*	2
92	3715	78	156	0	0	*	2
93	3755	77	157	0	0	*	2
94	3795	77	158	0	0	*	2
95	3835	77	159	0	0	*	2
96	3875	76	161	0	0	*	2
97	3915	74	165	0	0	*	2
98	3955	75	163	0	0	*	2
99	3995	74	165	0	0	*	2
100	4035	74	166	0	0	*	2
101	4075	73	167	0	0	*	2
102	4115	73	169	0	0	*	2
103	4155	71	173	0	0	*	2
104	4195	71	173	0	0	*	2
105	4235	71	175	0	0	*	2
106	4275	70	176	0	0	*	2
107	4315	70	178	0	0	*	2
108	4355	68	183	0	1	*	2
109	4395	68	185	0	1	*	2
110	4435	67	186	0	1	*	2
111	4475	66	187	0	1	*	2
112	4515	66	189	0	1	*	2
113	4555	65	190	0	1	*	2
114	4595	65	191	0	1	*	2
115	4635	65	192	0	1	*	2
116	4675	64	192	0	1	*	2
117	4715	64	193	0	1	*	2
118	4755	64	193	0	1	*	2
119	4795	63	193	0	1	*	2
120	4835	63	194	0	1	*	2
121	4875	62	194	0	1	*	2
122	4915	62	192	0	1	*	2
123	4955	62	192	0	1	*	2
124	4995	61	192	0	1	*	2
125	5035	61	193	0	1	*	2
126	5075	61	193	0	1	*	2
127	5115	61	193	0	1	*	2
128	5155	61	193	0	1	*	2
129	5195	60	193	0	1	*	2
130	5235	59	193	0	1	*	2
131	5275	59	193	0	1	*	2
132	5315	59	193	0	1	*	2
133	5355	58	193	0	1	*	2
134	5395	58	193	0	1	*	2
135	5435	58	193	0	1	*	2
136	5475	57	193	0	1	*	2
137	5515	57	193	0	1	*	2
138	5555	57	192	0	1	*	2
139	5595	56	192	0	1	*	2
140	5635	56	192	0	1	*	2
141	5675	56	192	0	1	*	2
142	5715	56	192	0	1	*	2
143	5755	56	192	0	0	*	2
144	5795	56	192	0	0	*	2
145	5835	55	191	0	0	*	2
146	5875	55	191	0	0	*	2
147	5915	55	191	0	0	*	2
148	5955	55	191	0	0	*	2
149	5995	55	191	0	0	*	2
150	6035	55	191	0	0	*	2
151	6075	55	191	0	0	*	2
152	6115	56	191	0	0	*	2
153	6155	56	191	0	0	*	2
154	6195	56	191	0	1	*	2
155	6235	56	191	0	1	*	2
156	6275	57	191	0	1	*	2
157	6315	56	191	0	1	*	2
158	6355	56	191	0	1	*	2
159	6395	56	191	0	1	*	2
160	6435	56	191	0	1	*	2
161	6475	56	191	0	1	*	2
162	6515	57	191	0	1	*	2
163	6555	57	191	0	1	*	2
164	6595	57	191	0	1	*	2
165	6635	57	191	0	1	*	2
166	6675	58	191	0	1	*	2
167	6715	58	191	0	1	*	2
168	6755	58	191	0	1	*	2
169	6795	58	191	0	1	*	2
170	6835	58	191	0	1	*	2
171	6875	59	191	0	1	*	2
172	6915	59	191	0	1	*	2
173	6955	60	191	0	1	*	2
174	6995	60	191	0	1	*	2
175	7035	60	191	0	1	*	2
176	7075	61	192	0	1	*	2
177	7115	61	192	0	1	*	2
178	7155	61	193	0	1	*	2
179	7195	60	194	0	1	*	2
180	7235	60	202	0	0	*	2
181	7275	61	202	0	0	*	2
182	7315	60	202	0	0	*	2
183	7355	61	201	0	0	*	2
184	7395	62	194	0	1	*	2
185	7435	61	193	0	1	*	2
186	7475	61	193	0	1	*	2
187	7515	61	193	0	1	*	2
188	7555	61	194	0	1	*	2
189	7595	61	194	0	1	*	2
190	7635	61	195	0	1	*	2
191	7675	62	195	0	1	*	2
192	7715	62	196	0	1	*	2
193	7755	62	196	0	1	*	2
194	7795	62	196	0	1	*	2
195	7835	63	196	0	1	*	2
196	7875	63	196	0	1	*	2
197	7915	63	197	0	1	*	2
198	7955	63	197	0	1	*	2
199	7995	64	197	0	1	*	2
200	8035	64	197	0	1	*	2
201	8075	65	197	0	1	*	2
202	8115	66	197	0	1	*	2
203	8155	66	197	0	1	*	2
204	8195	67	197	0	1	*	2
205	8235	67	197	0	1	*	2
206	8275	67	197	0	1	*	2
207	8315	67	198	0	1	*	2
208	8355	67	198	0	1	*	2
209	8395	67	198	0	1	*	2
210	8435	68	198	0	1	*	2
211	8475	68	198	0	1	*	2
212	8515	68	198	0	1	*	2
213	8555	68	198	0	1	*	2
214	8595	67	198	0	1	*	2
215	8635	67	198	0	1	*	2
216	8675	67	198	0	1	*	2
217	8715	67	198	0	1	*	2
218	8755	66	198	0	1	*	2
219	8795	66	197	0	1	*	2
220	8835	66	197	0	1	*	2
221	8875	65	197	0	1	*	2
222	8915	65	197	0	3	*	2
