%%BEGIN_HEADER
	%%BEGIN DATABASE_INFORMATION
		%Date.0 ( 13.9.2019 )
		%Time.0 ( 17:24 )
	%%END DATABASE_INFORMATION
	%%BEGIN SETUP_INFORMATION
		%TrackerVersion.0 ( Tracker version 2.38 release 12.8.2012 )
		%ElapsedTime_ms.0 ( 60454 )
		%Paradigm.0 ( PlacePreference )
		%FeederParameters.0 ( 1500 0 )
			// %FeederParameters.0 ( ENTRANCE_LATENCY EXIT_LATENCY )
		%ElapsedPath_m.0 ( 0.00 )
		%ArenaDiameter_m.0 ( 1.80 )
		%TrackerResolution_PixPerCM.0 ( 1.4222 )
		%ArenaCenterXY.0 ( 127.5 127.5 )
		%Frame.0 ( RoomFrame )
		%ReinforcedSector.0 ( 127.5000 38.2500 7 )
			//%ReinforcedSector.0 ( CENTER_X CENTER_Y RADIUS )
		%RoomTrackReinforcedSector.0 ( 127.5000 38.2500 7 )
			//%RoomTrackReinforcedSector.0 ( CENTER_X CENTER_Y RADIUS )
	%%END SETUP_INFORMATION
	%%BEGIN RECORD_FORMAT
		%Sample.0 ( FrameCount 1msTimeStamp RoomX RoomY Sectors State Flags FrameInfo )
			//Sectors indicate if the object is in a target. Number is binary coded. Sectors = 0: no target, Sectors = 1: room target, Sectors: = 2 arena target, Sectors: = 3 room and arena target
			////State indicates the Watermaze State: OutsideTarget = 0, EntranceLatency = 1, InsideTarget = 3, OutsideRefractory = 4, BadSpot = 5
			//FrameInfo indicates succesfuly tracked spots: ReferencePoint * 2^0 + Spot0 * 2^(1+0) + Spot1 * 2^(1+1) + Spot2 * 2^(1+2) .... 
	%%END RECORD_FORMAT
%%END_HEADER
1	53	240	156	0	0	*	2
2	93	239	156	0	0	*	2
3	133	237	157	0	0	*	2
4	173	236	157	0	0	*	2
5	213	234	157	0	0	*	2
6	253	234	157	0	0	*	2
7	293	234	157	0	0	*	2
8	333	234	156	0	0	*	2
9	373	233	156	0	0	*	2
10	413	231	156	0	0	*	2
11	453	230	156	0	0	*	2
12	493	229	156	0	0	*	2
13	533	227	155	0	0	*	2
14	573	226	155	0	0	*	2
15	613	227	155	0	0	*	2
16	653	225	155	0	0	*	2
17	693	224	154	0	0	*	2
18	733	223	154	0	0	*	2
19	773	221	153	0	0	*	2
20	813	220	152	0	0	*	2
21	853	219	152	0	0	*	2
22	893	217	151	0	0	*	2
23	933	215	150	0	0	*	2
24	973	213	149	0	0	*	2
25	1013	211	148	0	0	*	2
26	1053	209	147	0	0	*	2
27	1093	207	146	0	0	*	2
28	1133	205	145	0	0	*	2
29	1173	198	143	0	0	*	2
30	1213	196	142	0	0	*	2
31	1253	198	142	0	0	*	2
32	1293	195	142	0	0	*	2
33	1333	189	140	0	0	*	2
34	1373	190	140	0	0	*	2
35	1413	188	139	0	0	*	2
36	1453	185	139	0	0	*	2
37	1493	182	138	0	0	*	2
38	1533	179	137	0	0	*	2
39	1573	177	137	0	0	*	2
40	1613	174	136	0	0	*	2
41	1653	170	135	0	0	*	2
42	1693	167	135	0	0	*	2
43	1733	165	134	0	0	*	2
44	1773	163	133	0	0	*	2
45	1813	160	133	0	0	*	2
46	1853	156	132	0	0	*	2
47	1893	153	132	0	0	*	2
48	1933	146	131	0	0	*	2
49	1973	149	131	0	0	*	2
50	2013	140	130	0	0	*	2
51	2053	143	130	0	0	*	2
52	2093	135	130	0	0	*	2
53	2133	137	130	0	0	*	2
54	2173	129	130	0	0	*	2
55	2213	133	130	0	0	*	2
56	2253	130	130	0	0	*	2
57	2293	121	132	0	0	*	2
58	2333	123	131	0	0	*	2
59	2373	116	133	0	0	*	2
60	2413	113	134	0	0	*	2
61	2453	111	135	0	0	*	2
62	2493	108	137	0	0	*	2
63	2533	106	138	0	0	*	2
64	2573	103	139	0	0	*	2
65	2613	100	140	0	0	*	2
66	2653	98	141	0	0	*	2
67	2693	96	142	0	0	*	2
68	2733	94	144	0	0	*	2
69	2773	91	145	0	0	*	2
70	2813	88	146	0	0	*	2
71	2853	86	147	0	0	*	2
72	2893	84	149	0	0	*	2
73	2933	82	150	0	0	*	2
74	2973	79	151	0	0	*	2
75	3013	76	153	0	0	*	2
76	3053	74	154	0	0	*	2
77	3093	72	155	0	0	*	2
78	3133	70	156	0	0	*	2
79	3173	67	157	0	0	*	2
80	3213	64	158	0	0	*	2
81	3253	62	160	0	0	*	2
82	3293	60	161	0	0	*	2
83	3333	61	160	0	0	*	2
84	3373	55	162	0	0	*	2
85	3413	57	162	0	0	*	2
86	3453	55	162	0	0	*	2
87	3493	53	163	0	0	*	2
88	3533	50	164	0	0	*	2
89	3573	48	165	0	0	*	2
90	3613	46	165	0	0	*	2
91	3653	42	166	0	0	*	2
92	3693	40	166	0	0	*	2
93	3733	38	167	0	0	*	2
94	3773	36	167	0	0	*	2
95	3813	35	167	0	0	*	2
96	3853	33	167	0	0	*	2
97	3893	31	167	0	0	*	2
98	3933	29	166	0	0	*	2
99	3973	28	166	0	0	*	2
100	4013	26	165	0	0	*	2
101	4053	24	165	0	0	*	2
102	4093	24	164	0	0	*	2
103	4133	23	164	0	0	*	2
104	4173	21	163	0	0	*	2
105	4213	20	162	0	0	*	2
106	4253	20	161	0	0	*	2
107	4293	19	159	0	0	*	2
108	4333	19	158	0	0	*	2
109	4373	18	157	0	0	*	2
110	4413	19	155	0	0	*	2
111	4453	19	154	0	0	*	2
112	4493	18	152	0	0	*	2
113	4533	18	151	0	0	*	2
114	4573	18	150	0	0	*	2
115	4613	19	146	0	0	*	2
116	4653	20	145	0	0	*	2
117	4693	20	143	0	0	*	2
118	4733	21	141	0	0	*	2
119	4773	21	139	0	0	*	2
120	4813	23	136	0	0	*	2
121	4853	23	134	0	0	*	2
122	4893	24	132	0	0	*	2
123	4933	25	129	0	0	*	2
124	4973	26	127	0	0	*	2
125	5013	27	124	0	0	*	2
126	5053	28	122	0	0	*	2
127	5093	30	120	0	0	*	2
128	5133	31	117	0	0	*	2
129	5173	32	116	0	0	*	2
130	5213	34	113	0	0	*	2
131	5253	36	110	0	0	*	2
132	5293	37	108	0	0	*	2
133	5333	38	106	0	0	*	2
134	5373	39	103	0	0	*	2
135	5413	41	101	0	0	*	2
136	5453	43	98	0	0	*	2
137	5493	44	96	0	0	*	2
138	5533	45	94	0	0	*	2
139	5573	47	92	0	0	*	2
140	5613	48	90	0	0	*	2
141	5653	50	87	0	0	*	2
142	5693	51	85	0	0	*	2
143	5733	53	83	0	0	*	2
144	5773	54	81	0	0	*	2
145	5813	56	79	0	0	*	2
146	5853	58	77	0	0	*	2
147	5893	60	75	0	0	*	2
148	5933	61	73	0	0	*	2
149	5973	63	72	0	0	*	2
150	6013	65	70	0	0	*	2
151	6053	67	68	0	0	*	2
152	6093	69	66	0	0	*	2
153	6133	71	65	0	0	*	2
154	6173	73	63	0	0	*	2
155	6213	74	62	0	0	*	2
156	6253	76	61	0	0	*	2
157	6293	78	60	0	0	*	2
158	6333	81	58	0	0	*	2
159	6373	83	57	0	0	*	2
160	6413	85	56	0	0	*	2
161	6453	87	56	0	0	*	2
162	6493	89	55	0	0	*	2
163	6533	91	54	0	0	*	2
164	6573	94	54	0	0	*	2
165	6613	96	53	0	0	*	2
166	6653	98	53	0	0	*	2
167	6693	100	53	0	0	*	2
168	6733	104	52	0	0	*	2
169	6773	107	52	0	0	*	2
170	6813	108	52	0	0	*	2
171	6853	115	52	0	0	*	2
172	6893	112	52	0	0	*	2
173	6933	114	52	0	0	*	2
174	6973	116	52	0	0	*	2
175	7013	119	51	0	0	*	2
176	7053	121	51	0	0	*	2
177	7093	123	51	0	0	*	2
178	7133	126	51	0	0	*	2
179	7173	128	51	0	0	*	2
180	7213	130	51	0	0	*	2
181	7253	133	50	0	0	*	2
182	7293	134	50	0	0	*	2
183	7333	137	50	0	0	*	2
184	7373	139	49	0	0	*	2
185	7413	141	49	0	0	*	2
186	7453	143	49	0	0	*	2
187	7493	146	48	0	0	*	2
188	7533	147	48	0	0	*	2
189	7573	150	48	0	0	*	2
190	7613	152	47	0	0	*	2
191	7653	155	47	0	0	*	2
192	7693	157	47	0	0	*	2
193	7733	158	47	0	0	*	2
194	7773	159	47	0	0	*	2
195	7813	161	47	0	0	*	2
196	7853	164	47	0	0	*	2
197	7893	165	48	0	0	*	2
198	7933	167	48	0	0	*	2
199	7973	169	49	0	0	*	2
200	8013	170	49	0	0	*	2
201	8053	171	50	0	0	*	2
202	8093	173	52	0	0	*	2
203	8133	174	54	0	0	*	2
204	8173	176	56	0	0	*	2
205	8213	177	57	0	0	*	2
206	8253	178	58	0	0	*	2
207	8293	178	60	0	0	*	2
208	8333	179	62	0	0	*	2
209	8373	181	66	0	0	*	2
210	8413	182	69	0	0	*	2
211	8453	183	71	0	0	*	2
212	8493	184	73	0	0	*	2
213	8533	183	71	0	0	*	2
214	8573	183	73	0	0	*	2
215	8613	184	75	0	0	*	2
216	8653	186	81	0	0	*	2
217	8693	187	84	0	0	*	2
218	8733	186	81	0	0	*	2
219	8773	187	84	0	0	*	2
220	8813	188	86	0	0	*	2
221	8853	188	87	0	0	*	2
222	8893	189	90	0	0	*	2
223	8933	190	93	0	0	*	2
224	8973	190	95	0	0	*	2
225	9013	191	97	0	0	*	2
226	9053	193	104	0	0	*	2
227	9093	194	107	0	0	*	2
228	9133	193	104	0	0	*	2
229	9173	193	106	0	0	*	2
230	9213	194	110	0	0	*	2
231	9253	195	114	0	0	*	2
232	9293	195	114	0	0	*	2
233	9333	197	121	0	0	*	2
234	9373	196	119	0	0	*	2
235	9413	197	121	0	0	*	2
236	9453	198	127	0	0	*	2
237	9493	198	126	0	0	*	2
238	9533	199	128	0	0	*	2
239	9573	199	131	0	0	*	2
240	9613	200	133	0	0	*	2
241	9653	201	138	0	0	*	2
242	9693	201	139	0	0	*	2
243	9733	202	141	0	0	*	2
244	9773	202	142	0	0	*	2
245	9813	203	145	0	0	*	2
246	9853	204	148	0	0	*	2
247	9893	204	151	0	0	*	2
248	9933	205	153	0	0	*	2
249	9973	205	154	0	0	*	2
250	10013	205	156	0	0	*	2
251	10053	206	158	0	0	*	2
252	10093	206	162	0	0	*	2
253	10133	207	165	0	0	*	2
254	10173	207	166	0	0	*	2
255	10213	207	168	0	0	*	2
256	10253	207	169	0	0	*	2
257	10293	208	172	0	0	*	2
258	10333	208	174	0	0	*	2
259	10373	208	177	0	0	*	2
260	10413	208	178	0	0	*	2
261	10453	208	180	0	0	*	2
262	10493	208	181	0	0	*	2
263	10533	208	183	0	0	*	2
264	10573	207	185	0	0	*	2
265	10613	207	188	0	0	*	2
266	10653	207	189	0	0	*	2
267	10693	206	191	0	0	*	2
268	10733	206	192	0	0	*	2
269	10773	205	194	0	0	*	2
270	10813	203	196	0	0	*	2
271	10853	202	198	0	0	*	2
272	10893	202	199	0	0	*	2
273	10933	201	200	0	0	*	2
274	10973	199	201	0	0	*	2
275	11013	198	203	0	0	*	2
276	11053	196	205	0	0	*	2
277	11093	195	206	0	0	*	2
278	11133	194	207	0	0	*	2
279	11173	192	208	0	0	*	2
280	11213	191	209	0	0	*	2
281	11253	189	210	0	0	*	2
282	11293	187	211	0	0	*	2
283	11333	185	213	0	0	*	2
284	11373	184	214	0	0	*	2
285	11413	182	215	0	0	*	2
286	11453	180	216	0	0	*	2
287	11493	178	217	0	0	*	2
288	11533	176	217	0	0	*	2
289	11573	174	218	0	0	*	2
290	11613	173	219	0	0	*	2
291	11653	170	219	0	0	*	2
292	11693	168	220	0	0	*	2
293	11733	166	221	0	0	*	2
294	11773	164	221	0	0	*	2
295	11813	163	221	0	0	*	2
296	11853	160	222	0	0	*	2
297	11893	158	222	0	0	*	2
298	11933	156	222	0	0	*	2
299	11973	153	222	0	0	*	2
300	12013	152	222	0	0	*	2
301	12053	149	222	0	0	*	2
302	12093	147	222	0	0	*	2
303	12133	145	222	0	0	*	2
304	12173	143	222	0	0	*	2
305	12213	141	222	0	0	*	2
306	12253	139	222	0	0	*	2
307	12293	135	222	0	0	*	2
308	12333	134	221	0	0	*	2
309	12373	125	221	0	0	*	2
310	12413	129	221	0	0	*	2
311	12453	127	220	0	0	*	2
312	12493	124	220	0	0	*	2
313	12533	114	219	0	0	*	2
314	12573	111	218	0	0	*	2
315	12613	109	217	0	0	*	2
316	12653	114	218	0	0	*	2
317	12693	112	218	0	0	*	2
318	12733	109	217	0	0	*	2
319	12773	106	216	0	0	*	2
320	12813	104	216	0	0	*	2
321	12853	102	216	0	0	*	2
322	12893	99	215	0	0	*	2
323	12933	97	214	0	0	*	2
324	12973	88	211	0	0	*	2
325	13013	93	212	0	0	*	2
326	13053	90	211	0	0	*	2
327	13093	88	211	0	0	*	2
328	13133	86	210	0	0	*	2
329	13173	84	209	0	0	*	2
330	13213	80	208	0	0	*	2
331	13253	79	207	0	0	*	2
332	13293	78	206	0	0	*	2
333	13333	76	205	0	0	*	2
334	13373	75	204	0	0	*	2
335	13413	73	203	0	0	*	2
336	13453	71	202	0	0	*	2
337	13493	67	199	0	0	*	2
338	13533	67	199	0	0	*	2
339	13573	65	197	0	0	*	2
340	13613	63	196	0	0	*	2
341	13653	62	195	0	0	*	2
342	13693	61	194	0	0	*	2
343	13733	59	192	0	0	*	2
344	13773	57	190	0	0	*	2
345	13813	55	188	0	0	*	2
346	13853	54	187	0	0	*	2
347	13893	53	185	0	0	*	2
348	13933	51	184	0	0	*	2
349	13973	50	182	0	0	*	2
350	14013	49	180	0	0	*	2
351	14053	48	178	0	0	*	2
352	14093	47	176	0	0	*	2
353	14133	46	174	0	0	*	2
354	14173	45	173	0	0	*	2
355	14213	44	170	0	0	*	2
356	14253	43	168	0	0	*	2
357	14293	42	166	0	0	*	2
358	14333	42	164	0	0	*	2
359	14373	41	162	0	0	*	2
360	14413	40	160	0	0	*	2
361	14453	40	158	0	0	*	2
362	14493	39	155	0	0	*	2
363	14533	38	153	0	0	*	2
364	14573	38	151	0	0	*	2
365	14613	37	149	0	0	*	2
366	14653	37	147	0	0	*	2
367	14693	37	144	0	0	*	2
368	14733	36	142	0	0	*	2
369	14773	36	140	0	0	*	2
370	14813	36	138	0	0	*	2
371	14853	36	136	0	0	*	2
372	14893	36	134	0	0	*	2
373	14933	36	131	0	0	*	2
374	14973	36	128	0	0	*	2
375	15013	36	126	0	0	*	2
376	15053	36	124	0	0	*	2
377	15093	36	122	0	0	*	2
378	15133	36	120	0	0	*	2
379	15173	37	117	0	0	*	2
380	15213	37	115	0	0	*	2
381	15253	38	113	0	0	*	2
382	15293	38	111	0	0	*	2
383	15333	39	108	0	0	*	2
384	15373	39	106	0	0	*	2
385	15413	40	103	0	0	*	2
386	15453	41	101	0	0	*	2
387	15493	42	100	0	0	*	2
388	15533	42	98	0	0	*	2
389	15573	43	95	0	0	*	2
390	15613	44	93	0	0	*	2
391	15653	46	91	0	0	*	2
392	15693	47	89	0	0	*	2
393	15733	47	88	0	0	*	2
394	15773	48	86	0	0	*	2
395	15813	49	83	0	0	*	2
396	15853	50	81	0	0	*	2
397	15893	51	78	0	0	*	2
398	15933	52	77	0	0	*	2
399	15973	53	75	0	0	*	2
400	16013	54	73	0	0	*	2
401	16053	55	71	0	0	*	2
402	16093	56	68	0	0	*	2
403	16133	57	66	0	0	*	2
404	16173	58	64	0	0	*	2
405	16213	59	62	0	0	*	2
406	16253	60	60	0	0	*	2
407	16293	61	58	0	0	*	2
408	16333	62	56	0	0	*	2
409	16373	63	52	0	0	*	2
410	16413	64	51	0	0	*	2
411	16453	65	49	0	0	*	2
412	16493	66	47	0	0	*	2
413	16533	67	46	0	0	*	2
414	16573	69	43	0	0	*	2
415	16613	70	40	0	0	*	2
416	16653	71	39	0	0	*	2
417	16693	72	37	0	0	*	2
418	16733	73	34	0	0	*	2
419	16773	74	32	0	0	*	2
420	16813	76	30	0	0	*	2
421	16853	78	28	0	0	*	2
422	16893	78	28	0	0	*	2
423	16933	79	26	0	0	*	2
424	16973	81	25	0	0	*	2
425	17013	83	23	0	0	*	2
426	17053	86	20	0	0	*	2
427	17093	86	20	0	0	*	2
428	17133	87	19	0	0	*	2
429	17173	88	18	0	0	*	2
430	17213	90	17	0	0	*	2
431	17253	93	16	0	0	*	2
432	17293	95	15	0	0	*	2
433	17333	96	14	0	0	*	2
434	17373	97	13	0	0	*	2
435	17413	99	13	0	0	*	2
436	17453	100	12	0	0	*	2
437	17493	104	11	0	0	*	2
438	17533	105	11	0	0	*	2
439	17573	107	11	0	0	*	2
440	17613	109	10	0	0	*	2
441	17653	110	10	0	0	*	2
442	17693	113	10	0	0	*	2
443	17733	115	10	0	0	*	2
444	17773	117	10	0	0	*	2
445	17813	119	10	0	0	*	2
446	17853	120	10	0	0	*	2
447	17893	122	10	0	0	*	2
448	17933	124	10	0	0	*	2
449	17973	126	11	0	0	*	2
450	18013	128	11	0	0	*	2
451	18053	129	11	0	0	*	2
452	18093	132	13	0	0	*	2
453	18133	134	14	0	0	*	2
454	18173	136	16	0	0	*	2
455	18213	137	17	0	0	*	2
456	18253	138	18	0	0	*	2
457	18293	140	21	0	0	*	2
458	18333	142	23	0	0	*	2
459	18373	143	24	0	0	*	2
460	18413	144	25	0	0	*	2
461	18453	145	28	0	0	*	2
462	18493	146	29	0	0	*	2
463	18533	146	31	0	0	*	2
464	18573	147	33	0	0	*	2
465	18613	149	37	0	0	*	2
466	18653	149	37	0	0	*	2
467	18693	149	38	0	0	*	2
468	18733	150	40	0	0	*	2
469	18773	151	43	0	0	*	2
470	18813	151	44	0	0	*	2
471	18853	152	46	0	0	*	2
472	18893	152	48	0	0	*	2
473	18933	153	50	0	0	*	2
474	18973	154	53	0	0	*	2
475	19013	155	55	0	0	*	2
476	19053	155	58	0	0	*	2
477	19093	156	60	0	0	*	2
478	19133	157	62	0	0	*	2
479	19173	158	65	0	0	*	2
480	19213	158	67	0	0	*	2
481	19253	159	70	0	0	*	2
482	19293	160	73	0	0	*	2
483	19333	162	79	0	0	*	2
484	19373	161	76	0	0	*	2
485	19413	162	79	0	0	*	2
486	19453	163	81	0	0	*	2
487	19493	164	85	0	0	*	2
488	19533	165	87	0	0	*	2
489	19573	166	89	0	0	*	2
490	19613	167	91	0	0	*	2
491	19653	168	93	0	0	*	2
492	19693	169	95	0	0	*	2
493	19733	170	99	0	0	*	2
494	19773	170	101	0	0	*	2
495	19813	171	102	0	0	*	2
496	19853	172	105	0	0	*	2
497	19893	173	108	0	0	*	2
498	19933	175	112	0	0	*	2
499	19973	176	115	0	0	*	2
500	20013	177	119	0	0	*	2
501	20053	177	116	0	0	*	2
502	20093	178	119	0	0	*	2
503	20133	180	125	0	0	*	2
504	20173	179	123	0	0	*	2
505	20213	180	126	0	0	*	2
506	20253	181	128	0	0	*	2
507	20293	182	131	0	0	*	2
508	20333	182	132	0	0	*	2
509	20373	183	135	0	0	*	2
510	20413	184	137	0	0	*	2
511	20453	184	139	0	0	*	2
512	20493	187	146	0	0	*	2
513	20533	186	142	0	0	*	2
514	20573	186	144	0	0	*	2
515	20613	187	147	0	0	*	2
516	20653	188	150	0	0	*	2
517	20693	189	152	0	0	*	2
518	20733	190	154	0	0	*	2
519	20773	191	156	0	0	*	2
520	20813	191	158	0	0	*	2
521	20853	192	160	0	0	*	2
522	20893	193	162	0	0	*	2
523	20933	194	165	0	0	*	2
524	20973	194	167	0	0	*	2
525	21013	195	168	0	0	*	2
526	21053	195	170	0	0	*	2
527	21093	196	173	0	0	*	2
528	21133	198	177	0	0	*	2
529	21173	198	178	0	0	*	2
530	21213	198	179	0	0	*	2
531	21253	198	181	0	0	*	2
532	21293	199	183	0	0	*	2
533	21333	199	185	0	0	*	2
534	21373	199	186	0	0	*	2
535	21413	199	189	0	0	*	2
536	21453	199	189	0	0	*	2
537	21493	199	190	0	0	*	2
538	21533	198	192	0	0	*	2
539	21573	198	193	0	0	*	2
540	21613	196	195	0	0	*	2
541	21653	195	197	0	0	*	2
542	21693	195	197	0	0	*	2
543	21733	195	198	0	0	*	2
544	21773	194	200	0	0	*	2
545	21813	193	200	0	0	*	2
546	21853	192	201	0	0	*	2
547	21893	191	202	0	0	*	2
548	21933	189	203	0	0	*	2
549	21973	188	203	0	0	*	2
550	22013	187	204	0	0	*	2
551	22053	185	205	0	0	*	2
552	22093	184	205	0	0	*	2
553	22133	182	206	0	0	*	2
554	22173	181	206	0	0	*	2
555	22213	179	207	0	0	*	2
556	22253	178	207	0	0	*	2
557	22293	176	208	0	0	*	2
558	22333	174	208	0	0	*	2
559	22373	172	209	0	0	*	2
560	22413	171	209	0	0	*	2
561	22453	169	209	0	0	*	2
562	22493	167	209	0	0	*	2
563	22533	166	209	0	0	*	2
564	22573	164	209	0	0	*	2
565	22613	162	210	0	0	*	2
566	22653	160	210	0	0	*	2
567	22693	159	210	0	0	*	2
568	22733	157	210	0	0	*	2
569	22773	155	210	0	0	*	2
570	22813	153	210	0	0	*	2
571	22853	151	210	0	0	*	2
572	22893	150	210	0	0	*	2
573	22933	148	209	0	0	*	2
574	22973	146	209	0	0	*	2
575	23013	143	209	0	0	*	2
576	23053	141	209	0	0	*	2
577	23093	139	209	0	0	*	2
578	23133	129	208	0	0	*	2
579	23173	127	207	0	0	*	2
580	23213	133	208	0	0	*	2
581	23253	131	207	0	0	*	2
582	23293	121	206	0	0	*	2
583	23333	126	207	0	0	*	2
584	23373	124	207	0	0	*	2
585	23413	114	205	0	0	*	2
586	23453	111	205	0	0	*	2
587	23493	109	204	0	0	*	2
588	23533	107	204	0	0	*	2
589	23573	105	204	0	0	*	2
590	23613	103	203	0	0	*	2
591	23653	100	203	0	0	*	2
592	23693	99	202	0	0	*	2
593	23733	96	202	0	0	*	2
594	23773	99	202	0	0	*	2
595	23813	91	201	0	0	*	2
596	23853	92	201	0	0	*	2
597	23893	88	201	0	0	*	2
598	23933	86	200	0	0	*	2
599	23973	88	200	0	0	*	2
600	24013	86	200	0	0	*	2
601	24053	85	199	0	0	*	2
602	24093	80	199	0	0	*	2
603	24133	80	199	0	0	*	2
604	24173	78	198	0	0	*	2
605	24213	76	198	0	0	*	2
606	24253	74	197	0	0	*	2
607	24293	72	196	0	0	*	2
608	24333	71	196	0	0	*	2
609	24373	69	196	0	0	*	2
610	24413	66	195	0	0	*	2
611	24453	63	194	0	0	*	2
612	24493	61	194	0	0	*	2
613	24533	60	193	0	0	*	2
614	24573	58	193	0	0	*	2
615	24613	56	192	0	0	*	2
616	24653	54	191	0	0	*	2
617	24693	52	190	0	0	*	2
618	24733	50	189	0	0	*	2
619	24773	49	188	0	0	*	2
620	24813	48	188	0	0	*	2
621	24853	47	187	0	0	*	2
622	24893	45	185	0	0	*	2
623	24933	44	184	0	0	*	2
624	24973	43	183	0	0	*	2
625	25013	42	182	0	0	*	2
626	25053	40	181	0	0	*	2
627	25093	40	180	0	0	*	2
628	25133	39	178	0	0	*	2
629	25173	38	177	0	0	*	2
630	25213	37	175	0	0	*	2
631	25253	37	173	0	0	*	2
632	25293	36	172	0	0	*	2
633	25333	36	171	0	0	*	2
634	25373	36	170	0	0	*	2
635	25413	36	169	0	0	*	2
636	25453	35	167	0	0	*	2
637	25493	35	165	0	0	*	2
638	25533	35	163	0	0	*	2
639	25573	35	162	0	0	*	2
640	25613	35	160	0	0	*	2
641	25653	35	158	0	0	*	2
642	25693	35	156	0	0	*	2
643	25733	35	154	0	0	*	2
644	25773	35	152	0	0	*	2
645	25813	35	150	0	0	*	2
646	25853	36	148	0	0	*	2
647	25893	36	145	0	0	*	2
648	25933	36	143	0	0	*	2
649	25973	36	141	0	0	*	2
650	26013	36	139	0	0	*	2
651	26053	37	137	0	0	*	2
652	26093	37	135	0	0	*	2
653	26133	38	132	0	0	*	2
654	26173	38	131	0	0	*	2
655	26213	38	128	0	0	*	2
656	26253	39	126	0	0	*	2
657	26293	39	124	0	0	*	2
658	26333	39	122	0	0	*	2
659	26373	40	119	0	0	*	2
660	26413	40	117	0	0	*	2
661	26453	40	116	0	0	*	2
662	26493	40	113	0	0	*	2
663	26533	40	111	0	0	*	2
664	26573	40	109	0	0	*	2
665	26613	40	106	0	0	*	2
666	26653	40	104	0	0	*	2
667	26693	40	102	0	0	*	2
668	26733	40	99	0	0	*	2
669	26773	40	97	0	0	*	2
670	26813	40	95	0	0	*	2
671	26853	40	92	0	0	*	2
672	26893	40	90	0	0	*	2
673	26933	40	88	0	0	*	2
674	26973	40	86	0	0	*	2
675	27013	39	84	0	0	*	2
676	27053	39	82	0	0	*	2
677	27093	39	79	0	0	*	2
678	27133	39	77	0	0	*	2
679	27173	39	75	0	0	*	2
680	27213	39	74	0	0	*	2
681	27253	39	72	0	0	*	2
682	27293	39	70	0	0	*	2
683	27333	39	68	0	0	*	2
684	27373	40	65	0	0	*	2
685	27413	40	64	0	0	*	2
686	27453	40	63	0	0	*	2
687	27493	41	62	0	0	*	2
688	27533	41	60	0	0	*	2
689	27573	42	58	0	0	*	2
690	27613	43	56	0	0	*	2
691	27653	44	54	0	0	*	2
692	27693	44	54	0	0	*	2
693	27733	45	52	0	0	*	2
694	27773	47	51	0	0	*	2
695	27813	48	49	0	0	*	2
696	27853	49	48	0	0	*	2
697	27893	49	48	0	0	*	2
698	27933	50	47	0	0	*	2
699	27973	53	46	0	0	*	2
700	28013	55	45	0	0	*	2
701	28053	56	45	0	0	*	2
702	28093	57	44	0	0	*	2
703	28133	59	44	0	0	*	2
704	28173	61	44	0	0	*	2
705	28213	62	43	0	0	*	2
706	28253	63	43	0	0	*	2
707	28293	66	43	0	0	*	2
708	28333	67	43	0	0	*	2
709	28373	70	43	0	0	*	2
710	28413	73	43	0	0	*	2
711	28453	74	44	0	0	*	2
712	28493	76	44	0	0	*	2
713	28533	79	44	0	0	*	2
714	28573	81	45	0	0	*	2
715	28613	84	45	0	0	*	2
716	28653	86	46	0	0	*	2
717	28693	88	46	0	0	*	2
718	28733	90	47	0	0	*	2
719	28773	92	47	0	0	*	2
720	28813	94	47	0	0	*	2
721	28853	97	48	0	0	*	2
722	28893	98	48	0	0	*	2
723	28933	101	48	0	0	*	2
724	28973	104	49	0	0	*	2
725	29013	106	49	0	0	*	2
726	29053	108	50	0	0	*	2
727	29093	111	50	0	0	*	2
728	29133	113	50	0	0	*	2
729	29173	115	51	0	0	*	2
730	29213	117	51	0	0	*	2
731	29253	121	51	0	0	*	2
732	29293	122	51	0	0	*	2
733	29333	125	51	0	0	*	2
734	29373	127	52	0	0	*	2
735	29413	130	52	0	0	*	2
736	29453	133	52	0	0	*	2
737	29493	134	52	0	0	*	2
738	29533	136	52	0	0	*	2
739	29573	138	52	0	0	*	2
740	29613	140	53	0	0	*	2
741	29653	144	53	0	0	*	2
742	29693	146	53	0	0	*	2
743	29733	147	53	0	0	*	2
744	29773	149	53	0	0	*	2
745	29813	152	53	0	0	*	2
746	29853	154	52	0	0	*	2
747	29893	157	52	0	0	*	2
748	29933	159	52	0	0	*	2
749	29973	161	52	0	0	*	2
750	30013	163	52	0	0	*	2
751	30053	165	52	0	0	*	2
752	30093	168	51	0	0	*	2
753	30133	170	51	0	0	*	2
754	30173	173	51	0	0	*	2
755	30213	174	51	0	0	*	2
756	30253	176	50	0	0	*	2
757	30293	178	50	0	0	*	2
758	30333	182	50	0	0	*	2
759	30373	184	49	0	0	*	2
760	30413	185	49	0	0	*	2
761	30453	186	49	0	0	*	2
762	30493	188	50	0	0	*	2
763	30533	194	50	0	0	*	2
764	30573	194	50	0	0	*	2
765	30613	196	51	0	0	*	2
766	30653	196	51	0	0	*	2
767	30693	197	51	0	0	*	2
768	30733	203	54	0	0	*	2
769	30773	200	53	0	0	*	2
770	30813	203	55	0	0	*	2
771	30853	205	57	0	0	*	2
772	30893	206	58	0	0	*	2
773	30933	208	59	0	0	*	2
774	30973	206	58	0	0	*	2
775	31013	209	61	0	0	*	2
776	31053	209	62	0	0	*	2
777	31093	210	62	0	0	*	2
778	31133	211	64	0	0	*	2
779	31173	211	64	0	0	*	2
780	31213	212	68	0	0	*	2
781	31253	214	70	0	0	*	2
782	31293	214	70	0	0	*	2
783	31333	216	74	0	0	*	2
784	31373	216	75	0	0	*	2
785	31413	217	80	0	0	*	2
786	31453	218	82	0	0	*	2
787	31493	219	85	0	0	*	2
788	31533	219	86	0	0	*	2
789	31573	218	84	0	0	*	2
790	31613	219	86	0	0	*	2
791	31653	219	88	0	0	*	2
792	31693	220	94	0	0	*	2
793	31733	219	93	0	0	*	2
794	31773	220	94	0	0	*	2
795	31813	220	96	0	0	*	2
796	31853	220	99	0	0	*	2
797	31893	221	102	0	0	*	2
798	31933	221	103	0	0	*	2
799	31973	221	110	0	0	*	2
800	32013	221	108	0	0	*	2
801	32053	221	115	0	0	*	2
802	32093	221	116	0	0	*	2
803	32133	221	118	0	0	*	2
804	32173	221	116	0	0	*	2
805	32213	221	117	0	0	*	2
806	32253	221	121	0	0	*	2
807	32293	221	123	0	0	*	2
808	32333	221	126	0	0	*	2
809	32373	221	127	0	0	*	2
810	32413	221	128	0	0	*	2
811	32453	221	131	0	0	*	2
812	32493	220	134	0	0	*	2
813	32533	220	136	0	0	*	2
814	32573	220	138	0	0	*	2
815	32613	220	140	0	0	*	2
816	32653	220	142	0	0	*	2
817	32693	219	144	0	0	*	2
818	32733	219	148	0	0	*	2
819	32773	219	149	0	0	*	2
820	32813	219	152	0	0	*	2
821	32853	218	154	0	0	*	2
822	32893	218	156	0	0	*	2
823	32933	218	159	0	0	*	2
824	32974	217	161	0	0	*	2
825	33013	216	164	0	0	*	2
826	33054	216	165	0	0	*	2
827	33093	216	166	0	0	*	2
828	33133	215	168	0	0	*	2
829	33173	215	171	0	0	*	2
830	33213	214	174	0	0	*	2
831	33254	213	176	0	0	*	2
832	33294	213	177	0	0	*	2
833	33334	212	179	0	0	*	2
834	33373	211	181	0	0	*	2
835	33414	210	184	0	0	*	2
836	33454	209	187	0	0	*	2
837	33493	208	188	0	0	*	2
838	33534	208	190	0	0	*	2
839	33574	207	191	0	0	*	2
840	33613	206	193	0	0	*	2
841	33654	206	195	0	0	*	2
842	33694	204	197	0	0	*	2
843	33734	203	199	0	0	*	2
844	33774	202	201	0	0	*	2
845	33814	201	203	0	0	*	2
846	33854	200	204	0	0	*	2
847	33894	199	206	0	0	*	2
848	33934	198	208	0	0	*	2
849	33974	196	209	0	0	*	2
850	34014	195	210	0	0	*	2
851	34054	194	211	0	0	*	2
852	34094	193	213	0	0	*	2
853	34134	191	214	0	0	*	2
854	34174	190	216	0	0	*	2
855	34214	188	217	0	0	*	2
856	34254	187	218	0	0	*	2
857	34294	186	219	0	0	*	2
858	34334	184	220	0	0	*	2
859	34374	182	221	0	0	*	2
860	34414	180	222	0	0	*	2
861	34454	178	223	0	0	*	2
862	34494	177	224	0	0	*	2
863	34534	175	225	0	0	*	2
864	34574	173	226	0	0	*	2
865	34614	171	227	0	0	*	2
866	34654	169	228	0	0	*	2
867	34694	168	228	0	0	*	2
868	34734	166	229	0	0	*	2
869	34774	165	229	0	0	*	2
870	34814	163	229	0	0	*	2
871	34854	161	229	0	0	*	2
872	34894	159	230	0	0	*	2
873	34934	158	230	0	0	*	2
874	34974	156	230	0	0	*	2
875	35014	154	230	0	0	*	2
876	35054	151	230	0	0	*	2
877	35094	149	230	0	0	*	2
878	35134	147	230	0	0	*	2
879	35174	145	230	0	0	*	2
880	35214	143	230	0	0	*	2
881	35254	141	230	0	0	*	2
882	35294	140	230	0	0	*	2
883	35334	137	229	0	0	*	2
884	35374	135	229	0	0	*	2
885	35414	132	228	0	0	*	2
886	35454	132	228	0	0	*	2
887	35494	130	228	0	0	*	2
888	35534	127	227	0	0	*	2
889	35574	125	226	0	0	*	2
890	35614	123	226	0	0	*	2
891	35654	121	225	0	0	*	2
892	35694	120	224	0	0	*	2
893	35734	117	223	0	0	*	2
894	35774	115	222	0	0	*	2
895	35814	113	222	0	0	*	2
896	35854	111	221	0	0	*	2
897	35894	109	220	0	0	*	2
898	35934	107	219	0	0	*	2
899	35974	105	218	0	0	*	2
900	36014	102	217	0	0	*	2
901	36054	101	216	0	0	*	2
902	36094	99	216	0	0	*	2
903	36134	96	214	0	0	*	2
904	36174	95	213	0	0	*	2
905	36214	94	212	0	0	*	2
906	36254	91	210	0	0	*	2
907	36294	90	209	0	0	*	2
908	36334	88	208	0	0	*	2
909	36374	85	207	0	0	*	2
910	36414	84	206	0	0	*	2
911	36454	82	204	0	0	*	2
912	36494	80	203	0	0	*	2
913	36534	79	202	0	0	*	2
914	36574	76	200	0	0	*	2
915	36614	74	199	0	0	*	2
916	36654	73	198	0	0	*	2
917	36694	71	196	0	0	*	2
918	36734	69	195	0	0	*	2
919	36774	67	194	0	0	*	2
920	36814	65	192	0	0	*	2
921	36854	64	191	0	0	*	2
922	36894	62	190	0	0	*	2
923	36934	60	188	0	0	*	2
924	36974	58	187	0	0	*	2
925	37014	57	185	0	0	*	2
926	37054	55	184	0	0	*	2
927	37094	53	183	0	0	*	2
928	37134	51	181	0	0	*	2
929	37174	49	179	0	0	*	2
930	37214	48	177	0	0	*	2
931	37254	47	176	0	0	*	2
932	37294	46	175	0	0	*	2
933	37334	45	174	0	0	*	2
934	37374	43	172	0	0	*	2
935	37414	42	170	0	0	*	2
936	37454	41	168	0	0	*	2
937	37494	40	167	0	0	*	2
938	37534	40	166	0	0	*	2
939	37574	39	164	0	0	*	2
940	37614	38	162	0	0	*	2
941	37654	37	160	0	0	*	2
942	37694	37	159	0	0	*	2
943	37734	36	157	0	0	*	2
944	37774	36	155	0	0	*	2
945	37814	36	154	0	0	*	2
946	37854	35	152	0	0	*	2
947	37894	35	150	0	0	*	2
948	37934	35	147	0	0	*	2
949	37974	34	145	0	0	*	2
950	38014	34	144	0	0	*	2
951	38054	34	142	0	0	*	2
952	38094	34	140	0	0	*	2
953	38134	34	139	0	0	*	2
954	38174	33	136	0	0	*	2
955	38214	33	135	0	0	*	2
956	38254	33	133	0	0	*	2
957	38294	33	131	0	0	*	2
958	38334	32	128	0	0	*	2
959	38374	32	126	0	0	*	2
960	38414	32	124	0	0	*	2
961	38454	32	122	0	0	*	2
962	38494	32	120	0	0	*	2
963	38534	32	118	0	0	*	2
964	38574	32	116	0	0	*	2
965	38614	32	114	0	0	*	2
966	38654	32	112	0	0	*	2
967	38694	33	110	0	0	*	2
968	38734	33	109	0	0	*	2
969	38774	33	106	0	0	*	2
970	38814	34	105	0	0	*	2
971	38854	35	102	0	0	*	2
972	38894	36	100	0	0	*	2
973	38934	36	99	0	0	*	2
974	38974	37	98	0	0	*	2
975	39014	37	97	0	0	*	2
976	39054	39	95	0	0	*	2
977	39094	41	93	0	0	*	2
978	39134	42	92	0	0	*	2
979	39174	43	91	0	0	*	2
980	39214	44	90	0	0	*	2
981	39254	46	89	0	0	*	2
982	39294	48	87	0	0	*	2
983	39334	49	86	0	0	*	2
984	39374	51	85	0	0	*	2
985	39414	52	84	0	0	*	2
986	39454	54	83	0	0	*	2
987	39494	56	82	0	0	*	2
988	39534	59	81	0	0	*	2
989	39574	60	81	0	0	*	2
990	39614	61	80	0	0	*	2
991	39654	63	79	0	0	*	2
992	39694	66	79	0	0	*	2
993	39734	67	78	0	0	*	2
994	39774	69	77	0	0	*	2
995	39814	71	77	0	0	*	2
996	39854	73	77	0	0	*	2
997	39894	76	76	0	0	*	2
998	39934	78	76	0	0	*	2
999	39974	80	75	0	0	*	2
1000	40014	83	75	0	0	*	2
1001	40054	84	74	0	0	*	2
1002	40094	86	74	0	0	*	2
1003	40134	88	74	0	0	*	2
1004	40174	90	73	0	0	*	2
1005	40214	92	73	0	0	*	2
1006	40254	95	73	0	0	*	2
1007	40294	97	73	0	0	*	2
1008	40334	99	73	0	0	*	2
1009	40374	102	72	0	0	*	2
1010	40414	104	72	0	0	*	2
1011	40454	107	72	0	0	*	2
1012	40494	109	72	0	0	*	2
1013	40534	111	71	0	0	*	2
1014	40574	113	71	0	0	*	2
1015	40614	115	71	0	0	*	2
1016	40654	118	71	0	0	*	2
1017	40694	120	71	0	0	*	2
1018	40734	122	71	0	0	*	2
1019	40774	123	70	0	0	*	2
1020	40814	126	70	0	0	*	2
1021	40854	128	70	0	0	*	2
1022	40894	131	70	0	0	*	2
1023	40934	132	70	0	0	*	2
1024	40974	134	70	0	0	*	2
1025	41014	136	70	0	0	*	2
1026	41054	139	70	0	0	*	2
1027	41094	141	70	0	0	*	2
1028	41134	143	70	0	0	*	2
1029	41174	145	70	0	0	*	2
1030	41214	146	71	0	0	*	2
1031	41254	149	71	0	0	*	2
1032	41294	151	71	0	0	*	2
1033	41334	153	72	0	0	*	2
1034	41374	156	73	0	0	*	2
1035	41414	158	73	0	0	*	2
1036	41454	160	74	0	0	*	2
1037	41494	161	75	0	0	*	2
1038	41534	163	75	0	0	*	2
1039	41574	165	76	0	0	*	2
1040	41614	166	77	0	0	*	2
1041	41654	168	79	0	0	*	2
1042	41694	170	80	0	0	*	2
1043	41734	170	81	0	0	*	2
1044	41774	172	82	0	0	*	2
1045	41814	173	83	0	0	*	2
1046	41854	174	85	0	0	*	2
1047	41894	176	87	0	0	*	2
1048	41934	177	88	0	0	*	2
1049	41974	179	90	0	0	*	2
1050	42014	180	91	0	0	*	2
1051	42054	181	93	0	0	*	2
1052	42094	182	95	0	0	*	2
1053	42134	184	99	0	0	*	2
1054	42174	184	98	0	0	*	2
1055	42214	184	100	0	0	*	2
1056	42254	185	101	0	0	*	2
1057	42294	187	104	0	0	*	2
1058	42334	188	106	0	0	*	2
1059	42374	188	107	0	0	*	2
1060	42414	189	110	0	0	*	2
1061	42454	190	112	0	0	*	2
1062	42494	190	114	0	0	*	2
1063	42534	191	115	0	0	*	2
1064	42574	191	116	0	0	*	2
1065	42614	192	119	0	0	*	2
1066	42654	192	121	0	0	*	2
1067	42694	193	124	0	0	*	2
1068	42734	193	126	0	0	*	2
1069	42774	193	128	0	0	*	2
1070	42814	193	130	0	0	*	2
1071	42854	193	132	0	0	*	2
1072	42894	193	134	0	0	*	2
1073	42934	192	137	0	0	*	2
1074	42974	192	139	0	0	*	2
1075	43014	191	140	0	0	*	2
1076	43054	191	142	0	0	*	2
1077	43094	190	144	0	0	*	2
1078	43134	190	146	0	0	*	2
1079	43174	189	147	0	0	*	2
1080	43214	188	149	0	0	*	2
1081	43254	187	151	0	0	*	2
1082	43294	186	153	0	0	*	2
1083	43334	185	155	0	0	*	2
1084	43374	184	157	0	0	*	2
1085	43414	183	158	0	0	*	2
1086	43454	182	160	0	0	*	2
1087	43494	181	162	0	0	*	2
1088	43534	180	163	0	0	*	2
1089	43574	179	165	0	0	*	2
1090	43614	178	167	0	0	*	2
1091	43654	176	169	0	0	*	2
1092	43694	175	170	0	0	*	2
1093	43734	174	172	0	0	*	2
1094	43774	173	174	0	0	*	2
1095	43814	171	176	0	0	*	2
1096	43854	170	177	0	0	*	2
1097	43894	169	179	0	0	*	2
1098	43934	168	181	0	0	*	2
1099	43974	167	182	0	0	*	2
1100	44014	165	185	0	0	*	2
1101	44054	164	186	0	0	*	2
1102	44094	163	188	0	0	*	2
1103	44134	162	190	0	0	*	2
1104	44174	161	192	0	0	*	2
1105	44214	159	193	0	0	*	2
1106	44254	158	195	0	0	*	2
1107	44294	157	198	0	0	*	2
1108	44334	156	199	0	0	*	2
1109	44374	155	201	0	0	*	2
1110	44414	154	203	0	0	*	2
1111	44454	152	204	0	0	*	2
1112	44494	151	207	0	0	*	2
1113	44534	150	208	0	0	*	2
1114	44574	149	209	0	0	*	2
1115	44614	148	211	0	0	*	2
1116	44654	147	213	0	0	*	2
1117	44694	146	216	0	0	*	2
1118	44734	145	218	0	0	*	2
1119	44774	144	220	0	0	*	2
1120	44814	143	221	0	0	*	2
1121	44854	142	223	0	0	*	2
1122	44894	141	225	0	0	*	2
1123	44934	140	227	0	0	*	2
1124	44974	139	229	0	0	*	2
1125	45014	139	230	0	0	*	2
1126	45054	138	232	0	0	*	2
1127	45094	137	232	0	0	*	2
1128	45134	137	233	0	0	*	2
1129	45174	136	235	0	0	*	2
1130	45214	135	236	0	0	*	2
1131	45254	135	236	0	0	*	2
1132	45294	134	237	0	0	*	2
1133	45334	134	237	0	0	*	2
1134	45374	133	238	0	0	*	2
1135	45414	132	238	0	0	*	2
1136	45454	131	238	0	0	*	2
1137	45494	130	238	0	0	*	2
1138	45534	129	239	0	0	*	2
1139	45574	127	239	0	0	*	2
1140	45614	127	239	0	0	*	2
1141	45654	126	239	0	0	*	2
1142	45694	126	239	0	0	*	2
1143	45734	124	238	0	0	*	2
1144	45774	123	237	0	0	*	2
1145	45814	122	237	0	0	*	2
1146	45854	122	236	0	0	*	2
1147	45894	121	236	0	0	*	2
1148	45934	120	235	0	0	*	2
1149	45974	119	234	0	0	*	2
1150	46014	117	233	0	0	*	2
1151	46054	116	232	0	0	*	2
1152	46094	114	232	0	0	*	2
1153	46134	114	231	0	0	*	2
1154	46174	112	230	0	0	*	2
1155	46214	110	229	0	0	*	2
1156	46254	110	229	0	0	*	2
1157	46294	108	228	0	0	*	2
1158	46334	107	226	0	0	*	2
1159	46374	105	225	0	0	*	2
1160	46414	103	224	0	0	*	2
1161	46454	102	224	0	0	*	2
1162	46494	100	223	0	0	*	2
1163	46534	99	222	0	0	*	2
1164	46574	97	220	0	0	*	2
1165	46614	95	219	0	0	*	2
1166	46654	94	218	0	0	*	2
1167	46694	91	217	0	0	*	2
1168	46734	89	216	0	0	*	2
1169	46774	87	215	0	0	*	2
1170	46814	86	214	0	0	*	2
1171	46854	84	213	0	0	*	2
1172	46894	83	212	0	0	*	2
1173	46934	81	211	0	0	*	2
1174	46974	78	210	0	0	*	2
1175	47014	76	209	0	0	*	2
1176	47054	75	208	0	0	*	2
1177	47094	73	207	0	0	*	2
1178	47134	72	206	0	0	*	2
1179	47174	70	206	0	0	*	2
1180	47214	69	205	0	0	*	2
1181	47254	67	204	0	0	*	2
1182	47294	65	202	0	0	*	2
1183	47334	63	201	0	0	*	2
1184	47374	61	200	0	0	*	2
1185	47414	60	198	0	0	*	2
1186	47454	58	197	0	0	*	2
1187	47494	57	196	0	0	*	2
1188	47534	56	195	0	0	*	2
1189	47574	55	194	0	0	*	2
1190	47614	53	192	0	0	*	2
1191	47654	52	190	0	0	*	2
1192	47694	51	189	0	0	*	2
1193	47734	50	188	0	0	*	2
1194	47774	49	186	0	0	*	2
1195	47814	48	185	0	0	*	2
1196	47854	47	183	0	0	*	2
1197	47894	46	182	0	0	*	2
1198	47934	45	180	0	0	*	2
1199	47974	45	178	0	0	*	2
1200	48014	44	177	0	0	*	2
1201	48054	43	175	0	0	*	2
1202	48094	43	173	0	0	*	2
1203	48134	42	172	0	0	*	2
1204	48174	42	169	0	0	*	2
1205	48214	42	167	0	0	*	2
1206	48254	41	166	0	0	*	2
1207	48294	41	164	0	0	*	2
1208	48334	41	162	0	0	*	2
1209	48374	41	160	0	0	*	2
1210	48414	41	158	0	0	*	2
1211	48454	41	156	0	0	*	2
1212	48494	40	154	0	0	*	2
1213	48534	41	152	0	0	*	2
1214	48574	41	150	0	0	*	2
1215	48614	41	148	0	0	*	2
1216	48654	41	146	0	0	*	2
1217	48694	41	144	0	0	*	2
1218	48734	41	142	0	0	*	2
1219	48774	42	139	0	0	*	2
1220	48814	42	138	0	0	*	2
1221	48854	42	136	0	0	*	2
1222	48894	42	133	0	0	*	2
1223	48934	42	131	0	0	*	2
1224	48974	43	129	0	0	*	2
1225	49014	43	126	0	0	*	2
1226	49054	43	125	0	0	*	2
1227	49094	43	122	0	0	*	2
1228	49134	44	120	0	0	*	2
1229	49174	44	118	0	0	*	2
1230	49214	44	116	0	0	*	2
1231	49254	45	114	0	0	*	2
1232	49294	45	111	0	0	*	2
1233	49334	46	109	0	0	*	2
1234	49374	46	107	0	0	*	2
1235	49414	47	104	0	0	*	2
1236	49454	48	102	0	0	*	2
1237	49494	48	100	0	0	*	2
1238	49534	49	98	0	0	*	2
1239	49574	49	96	0	0	*	2
1240	49614	50	94	0	0	*	2
1241	49654	51	92	0	0	*	2
1242	49694	52	89	0	0	*	2
1243	49734	52	88	0	0	*	2
1244	49774	53	86	0	0	*	2
1245	49814	54	84	0	0	*	2
1246	49854	55	82	0	0	*	2
1247	49894	55	80	0	0	*	2
1248	49934	56	78	0	0	*	2
1249	49974	57	75	0	0	*	2
1250	50014	58	74	0	0	*	2
1251	50054	59	72	0	0	*	2
1252	50094	60	71	0	0	*	2
1253	50134	61	70	0	0	*	2
1254	50174	61	68	0	0	*	2
1255	50214	62	67	0	0	*	2
1256	50254	63	65	0	0	*	2
1257	50294	64	64	0	0	*	2
1258	50334	66	62	0	0	*	2
1259	50374	67	61	0	0	*	2
1260	50414	68	60	0	0	*	2
1261	50454	69	59	0	0	*	2
1262	50494	70	58	0	0	*	2
1263	50534	71	58	0	0	*	2
1264	50574	73	57	0	0	*	2
1265	50614	74	56	0	0	*	2
1266	50654	75	56	0	0	*	2
1267	50694	76	55	0	0	*	2
1268	50734	78	55	0	0	*	2
1269	50774	79	55	0	0	*	2
1270	50814	82	55	0	0	*	2
1271	50854	84	55	0	0	*	2
1272	50894	85	55	0	0	*	2
1273	50934	86	55	0	0	*	2
1274	50974	88	56	0	0	*	2
1275	51014	90	56	0	0	*	2
1276	51054	92	56	0	0	*	2
1277	51094	94	57	0	0	*	2
1278	51134	94	57	0	0	*	2
1279	51174	97	58	0	0	*	2
1280	51214	98	59	0	0	*	2
1281	51254	100	60	0	0	*	2
1282	51294	101	60	0	0	*	2
1283	51334	103	61	0	0	*	2
1284	51374	105	62	0	0	*	2
1285	51414	107	63	0	0	*	2
1286	51454	109	64	0	0	*	2
1287	51494	110	65	0	0	*	2
1288	51534	112	66	0	0	*	2
1289	51574	114	67	0	0	*	2
1290	51614	116	68	0	0	*	2
1291	51654	118	69	0	0	*	2
1292	51694	120	70	0	0	*	2
1293	51734	121	70	0	0	*	2
1294	51774	123	71	0	0	*	2
1295	51814	125	73	0	0	*	2
1296	51854	127	74	0	0	*	2
1297	51894	129	75	0	0	*	2
1298	51934	131	76	0	0	*	2
1299	51974	133	77	0	0	*	2
1300	52014	135	78	0	0	*	2
1301	52054	136	79	0	0	*	2
1302	52094	139	81	0	0	*	2
1303	52134	141	82	0	0	*	2
1304	52174	143	83	0	0	*	2
1305	52214	144	85	0	0	*	2
1306	52254	146	86	0	0	*	2
1307	52294	148	88	0	0	*	2
1308	52334	149	89	0	0	*	2
1309	52374	152	91	0	0	*	2
1310	52414	153	92	0	0	*	2
1311	52454	155	94	0	0	*	2
1312	52494	157	95	0	0	*	2
1313	52534	158	97	0	0	*	2
1314	52574	159	99	0	0	*	2
1315	52614	161	100	0	0	*	2
1316	52654	162	102	0	0	*	2
1317	52694	164	104	0	0	*	2
1318	52734	165	106	0	0	*	2
1319	52774	169	111	0	0	*	2
1320	52814	168	110	0	0	*	2
1321	52854	170	112	0	0	*	2
1322	52894	170	114	0	0	*	2
1323	52934	171	116	0	0	*	2
1324	52974	172	117	0	0	*	2
1325	53014	173	120	0	0	*	2
1326	53054	174	121	0	0	*	2
1327	53094	175	123	0	0	*	2
1328	53134	176	125	0	0	*	2
1329	53174	177	127	0	0	*	2
1330	53214	178	130	0	0	*	2
1331	53254	179	132	0	0	*	2
1332	53294	179	134	0	0	*	2
1333	53334	180	136	0	0	*	2
1334	53374	181	138	0	0	*	2
1335	53414	181	140	0	0	*	2
1336	53454	182	142	0	0	*	2
1337	53494	182	144	0	0	*	2
1338	53534	182	146	0	0	*	2
1339	53574	183	148	0	0	*	2
1340	53614	183	151	0	0	*	2
1341	53654	184	153	0	0	*	2
1342	53694	184	155	0	0	*	2
1343	53734	184	157	0	0	*	2
1344	53774	184	160	0	0	*	2
1345	53814	184	161	0	0	*	2
1346	53854	184	163	0	0	*	2
1347	53894	185	166	0	0	*	2
1348	53934	185	168	0	0	*	2
1349	53974	185	170	0	0	*	2
1350	54014	185	171	0	0	*	2
1351	54054	185	173	0	0	*	2
1352	54094	185	176	0	0	*	2
1353	54134	185	178	0	0	*	2
1354	54174	185	180	0	0	*	2
1355	54214	185	182	0	0	*	2
1356	54254	185	184	0	0	*	2
1357	54294	185	185	0	0	*	2
1358	54334	185	187	0	0	*	2
1359	54374	184	190	0	0	*	2
1360	54414	184	192	0	0	*	2
1361	54454	184	193	0	0	*	2
1362	54494	184	195	0	0	*	2
1363	54534	184	197	0	0	*	2
1364	54574	184	200	0	0	*	2
1365	54614	184	202	0	0	*	2
1366	54654	184	204	0	0	*	2
1367	54694	184	206	0	0	*	2
1368	54734	183	208	0	0	*	2
1369	54774	183	209	0	0	*	2
1370	54814	183	210	0	0	*	2
1371	54854	183	213	0	0	*	2
1372	54894	184	214	0	0	*	2
1373	54934	184	216	0	0	*	2
1374	54974	184	217	0	0	*	2
1375	55014	184	218	0	0	*	2
1376	55054	184	219	0	0	*	2
1377	55094	183	221	0	0	*	2
1378	55134	183	222	0	0	*	2
1379	55174	183	223	0	0	*	2
1380	55214	183	224	0	0	*	2
1381	55254	182	225	0	0	*	2
1382	55294	182	226	0	0	*	2
1383	55334	182	226	0	0	*	2
1384	55374	181	226	0	0	*	2
1385	55414	181	226	0	0	*	2
1386	55454	180	227	0	0	*	2
1387	55494	179	227	0	0	*	2
1388	55534	178	227	0	0	*	2
1389	55574	179	227	0	0	*	2
1390	55614	178	228	0	0	*	2
1391	55654	177	228	0	0	*	2
1392	55694	176	228	0	0	*	2
1393	55734	175	228	0	0	*	2
1394	55774	173	228	0	0	*	2
1395	55814	172	228	0	0	*	2
1396	55854	171	228	0	0	*	2
1397	55894	170	228	0	0	*	2
1398	55934	169	228	0	0	*	2
1399	55974	168	228	0	0	*	2
1400	56014	167	227	0	0	*	2
1401	56054	165	227	0	0	*	2
1402	56094	163	226	0	0	*	2
1403	56134	161	226	0	0	*	2
1404	56174	160	226	0	0	*	2
1405	56214	158	225	0	0	*	2
1406	56254	157	225	0	0	*	2
1407	56294	155	224	0	0	*	2
1408	56334	153	224	0	0	*	2
1409	56374	151	223	0	0	*	2
1410	56414	150	223	0	0	*	2
1411	56454	148	223	0	0	*	2
1412	56494	146	222	0	0	*	2
1413	56534	145	221	0	0	*	2
1414	56574	143	221	0	0	*	2
1415	56614	140	220	0	0	*	2
1416	56654	138	220	0	0	*	2
1417	56694	136	219	0	0	*	2
1418	56734	134	219	0	0	*	2
1419	56774	132	218	0	0	*	2
1420	56814	130	218	0	0	*	2
1421	56854	120	216	0	0	*	2
1422	56894	134	219	0	0	*	2
1423	56934	115	216	0	0	*	2
1424	56974	113	215	0	0	*	2
1425	57014	119	216	0	0	*	2
1426	57054	116	216	0	0	*	2
1427	57094	107	215	0	0	*	2
1428	57134	111	215	0	0	*	2
1429	57174	109	215	0	0	*	2
1430	57214	107	214	0	0	*	2
1431	57254	99	211	0	0	*	2
1432	57294	97	210	0	0	*	2
1433	57334	101	212	0	0	*	2
1434	57374	100	212	0	0	*	2
1435	57414	97	210	0	0	*	2
1436	57454	96	210	0	0	*	2
1437	57494	94	209	0	0	*	2
1438	57534	91	207	0	0	*	2
1439	57574	90	206	0	0	*	2
1440	57614	88	205	0	0	*	2
1441	57654	83	200	0	0	*	2
1442	57694	85	202	0	0	*	2
1443	57734	84	202	0	0	*	2
1444	57774	83	201	0	0	*	2
1445	57814	81	200	0	0	*	2
1446	57854	80	198	0	0	*	2
1447	57894	78	197	0	0	*	2
1448	57934	77	196	0	0	*	2
1449	57974	75	194	0	0	*	2
1450	58014	73	192	0	0	*	2
1451	58054	72	191	0	0	*	2
1452	58094	71	189	0	0	*	2
1453	58134	69	187	0	0	*	2
1454	58174	68	186	0	0	*	2
1455	58214	66	185	0	0	*	2
1456	58254	65	184	0	0	*	2
1457	58294	63	182	0	0	*	2
1458	58334	62	180	0	0	*	2
1459	58374	60	178	0	0	*	2
1460	58414	59	177	0	0	*	2
1461	58454	58	175	0	0	*	2
1462	58494	56	174	0	0	*	2
1463	58534	55	172	0	0	*	2
1464	58574	53	170	0	0	*	2
1465	58614	52	168	0	0	*	2
1466	58654	51	167	0	0	*	2
1467	58694	50	165	0	0	*	2
1468	58734	49	163	0	0	*	2
1469	58774	49	162	0	0	*	2
1470	58814	48	161	0	0	*	2
1471	58854	47	159	0	0	*	2
1472	58894	47	157	0	0	*	2
1473	58934	46	155	0	0	*	2
1474	58974	46	153	0	0	*	2
1475	59014	45	151	0	0	*	2
1476	59054	45	149	0	0	*	2
1477	59094	44	148	0	0	*	2
1478	59134	44	146	0	0	*	2
1479	59174	44	144	0	0	*	2
1480	59214	44	142	0	0	*	2
1481	59254	43	140	0	0	*	2
1482	59294	43	139	0	0	*	2
1483	59334	43	137	0	0	*	2
1484	59374	43	135	0	0	*	2
1485	59414	43	134	0	0	*	2
1486	59454	43	131	0	0	*	2
1487	59494	43	130	0	0	*	2
1488	59534	43	127	0	0	*	2
1489	59574	43	125	0	0	*	2
1490	59614	43	124	0	0	*	2
1491	59654	43	122	0	0	*	2
1492	59694	43	120	0	0	*	2
1493	59734	43	118	0	0	*	2
1494	59774	44	116	0	0	*	2
1495	59814	44	114	0	0	*	2
1496	59854	44	112	0	0	*	2
1497	59894	44	110	0	0	*	2
1498	59934	44	108	0	0	*	2
1499	59974	45	106	0	0	*	2
1500	60014	45	103	0	0	*	2
1501	60054	45	102	0	0	*	2
1502	60094	46	100	0	0	*	2
1503	60134	46	98	0	0	*	2
1504	60174	48	95	0	0	*	2
1505	60214	49	94	0	0	*	2
1506	60254	49	93	0	0	*	2
1507	60294	49	92	0	0	*	2
1508	60334	50	91	0	0	*	2
1509	60374	51	89	0	0	*	2
1510	60414	53	87	0	0	*	2
1511	60454	54	86	0	0	*	2
