%%BEGIN_HEADER
	%%BEGIN DATABASE_INFORMATION
		%Date.0 ( 13.9.2019 )
		%Time.0 ( 17:16 )
	%%END DATABASE_INFORMATION
	%%BEGIN SETUP_INFORMATION
		%TrackerVersion.0 ( Tracker version 2.38 release 12.8.2012 )
		%ElapsedTime_ms.0 ( 7539 )
		%Paradigm.0 ( PlacePreference )
		%FeederParameters.0 ( 1500 0 )
			// %FeederParameters.0 ( ENTRANCE_LATENCY EXIT_LATENCY )
		%ElapsedPath_m.0 ( 0.00 )
		%ArenaDiameter_m.0 ( 1.80 )
		%TrackerResolution_PixPerCM.0 ( 1.4222 )
		%ArenaCenterXY.0 ( 127.5 127.5 )
		%Frame.0 ( RoomFrame )
		%ReinforcedSector.0 ( 38.2500 127.5000 7 )
			//%ReinforcedSector.0 ( CENTER_X CENTER_Y RADIUS )
		%RoomTrackReinforcedSector.0 ( 38.2500 127.5000 7 )
			//%RoomTrackReinforcedSector.0 ( CENTER_X CENTER_Y RADIUS )
	%%END SETUP_INFORMATION
	%%BEGIN RECORD_FORMAT
		%Sample.0 ( FrameCount 1msTimeStamp RoomX RoomY Sectors State Flags FrameInfo )
			//Sectors indicate if the object is in a target. Number is binary coded. Sectors = 0: no target, Sectors = 1: room target, Sectors: = 2 arena target, Sectors: = 3 room and arena target
			////State indicates the Watermaze State: OutsideTarget = 0, EntranceLatency = 1, InsideTarget = 3, OutsideRefractory = 4, BadSpot = 5
			//FrameInfo indicates succesfuly tracked spots: ReferencePoint * 2^0 + Spot0 * 2^(1+0) + Spot1 * 2^(1+1) + Spot2 * 2^(1+2) .... 
	%%END RECORD_FORMAT
%%END_HEADER
1	59	141	8	0	0	*	2
2	99	142	8	0	0	*	2
3	139	143	9	0	0	*	2
4	179	144	9	0	0	*	2
5	219	145	9	0	0	*	2
6	259	145	10	0	0	*	2
7	299	145	11	0	0	*	2
8	339	145	12	0	0	*	2
9	379	146	13	0	0	*	2
10	419	146	14	0	0	*	2
11	459	146	15	0	0	*	2
12	499	146	16	0	0	*	2
13	539	147	17	0	0	*	2
14	579	148	18	0	0	*	2
15	619	149	19	0	0	*	2
16	659	150	20	0	0	*	2
17	699	151	22	0	0	*	2
18	739	152	23	0	0	*	2
19	779	152	25	0	0	*	2
20	819	154	27	0	0	*	2
21	859	154	28	0	0	*	2
22	899	155	30	0	0	*	2
23	939	155	32	0	0	*	2
24	979	155	34	0	0	*	2
25	1019	155	35	0	0	*	2
26	1059	155	37	0	0	*	2
27	1099	154	39	0	0	*	2
28	1139	153	42	0	0	*	2
29	1179	152	43	0	0	*	2
30	1219	151	45	0	0	*	2
31	1259	150	46	0	0	*	2
32	1299	150	46	0	0	*	2
33	1339	149	47	0	0	*	2
34	1379	148	48	0	0	*	2
35	1419	147	48	0	0	*	2
36	1459	146	49	0	0	*	2
37	1499	144	50	0	0	*	2
38	1539	143	51	0	0	*	2
39	1579	141	53	0	0	*	2
40	1619	139	54	0	0	*	2
41	1659	137	55	0	0	*	2
42	1699	135	56	0	0	*	2
43	1739	134	57	0	0	*	2
44	1779	132	58	0	0	*	2
45	1819	130	59	0	0	*	2
46	1859	128	61	0	0	*	2
47	1899	126	62	0	0	*	2
48	1939	123	63	0	0	*	2
49	1979	121	64	0	0	*	2
50	2019	119	65	0	0	*	2
51	2059	117	66	0	0	*	2
52	2099	115	67	0	0	*	2
53	2139	112	68	0	0	*	2
54	2179	110	69	0	0	*	2
55	2219	109	69	0	0	*	2
56	2259	107	70	0	0	*	2
57	2299	105	71	0	0	*	2
58	2339	103	72	0	0	*	2
59	2379	100	74	0	0	*	2
60	2419	98	76	0	0	*	2
61	2459	95	78	0	0	*	2
62	2499	93	79	0	0	*	2
63	2539	92	79	0	0	*	2
64	2579	90	81	0	0	*	2
65	2619	87	83	0	0	*	2
66	2659	85	85	0	0	*	2
67	2699	83	86	0	0	*	2
68	2739	80	88	0	0	*	2
69	2779	78	89	0	0	*	2
70	2819	76	91	0	0	*	2
71	2859	74	92	0	0	*	2
72	2899	72	93	0	0	*	2
73	2939	69	95	0	0	*	2
74	2979	68	96	0	0	*	2
75	3019	66	98	0	0	*	2
76	3059	64	99	0	0	*	2
77	3099	61	101	0	0	*	2
78	3139	59	103	0	0	*	2
79	3179	57	104	0	0	*	2
80	3219	55	105	0	0	*	2
81	3259	53	106	0	0	*	2
82	3299	51	108	0	0	*	2
83	3339	49	109	0	0	*	2
84	3379	49	110	0	0	*	2
85	3419	47	112	0	0	*	2
86	3459	45	114	0	0	*	2
87	3499	42	116	0	0	*	2
88	3539	41	117	0	0	*	2
89	3579	40	118	0	0	*	2
90	3619	39	121	0	1	*	2
91	3659	39	124	0	1	*	2
92	3699	39	125	0	1	*	2
93	3739	38	125	0	1	*	2
94	3779	38	126	0	1	*	2
95	3819	38	127	0	1	*	2
96	3859	37	128	0	1	*	2
97	3899	37	128	0	1	*	2
98	3939	36	129	0	1	*	2
99	3979	36	129	0	1	*	2
100	4019	36	130	0	1	*	2
101	4059	36	130	0	1	*	2
102	4099	36	130	0	1	*	2
103	4139	35	131	0	1	*	2
104	4179	35	131	0	1	*	2
105	4219	35	132	0	1	*	2
106	4259	33	132	0	1	*	2
107	4299	32	133	0	1	*	2
108	4339	32	134	0	1	*	2
109	4379	32	134	0	1	*	2
110	4419	32	135	0	0	*	2
111	4459	32	135	0	0	*	2
112	4499	32	135	0	0	*	2
113	4539	32	135	0	0	*	2
114	4579	32	135	0	0	*	2
115	4619	32	135	0	0	*	2
116	4659	33	134	0	1	*	2
117	4699	32	135	0	0	*	2
118	4739	32	135	0	0	*	2
119	4779	34	129	0	1	*	2
120	4819	31	135	0	0	*	2
121	4859	31	135	0	0	*	2
122	4899	31	135	0	0	*	2
123	4939	30	135	0	0	*	2
124	4979	30	134	0	0	*	2
125	5019	30	134	0	0	*	2
126	5059	32	134	0	1	*	2
127	5099	31	134	0	0	*	2
128	5139	31	134	0	0	*	2
129	5179	32	134	0	1	*	2
130	5219	32	134	0	1	*	2
131	5259	32	134	0	1	*	2
132	5299	32	134	0	1	*	2
133	5339	32	134	0	1	*	2
134	5379	31	134	0	0	*	2
135	5419	31	134	0	0	*	2
136	5459	32	134	0	1	*	2
137	5499	32	134	0	1	*	2
138	5539	32	134	0	1	*	2
139	5579	32	135	0	1	*	2
140	5619	31	135	0	0	*	2
141	5659	32	135	0	0	*	2
142	5699	33	135	0	0	*	2
143	5739	33	135	0	0	*	2
144	5779	33	135	0	1	*	2
145	5819	33	135	0	1	*	2
146	5859	33	135	0	1	*	2
147	5899	33	135	0	1	*	2
148	5939	34	135	0	1	*	2
149	5979	34	135	0	1	*	2
150	6019	35	135	0	1	*	2
151	6059	35	135	0	1	*	2
152	6099	35	136	0	1	*	2
153	6139	35	136	0	1	*	2
154	6179	35	136	0	1	*	2
155	6219	36	135	0	1	*	2
156	6259	35	135	0	1	*	2
157	6299	35	135	0	1	*	2
158	6339	35	136	0	1	*	2
159	6379	35	136	0	1	*	2
160	6419	35	136	0	1	*	2
161	6459	35	136	0	1	*	2
162	6499	34	138	0	0	*	2
163	6539	34	138	0	0	*	2
164	6579	34	138	0	0	*	2
165	6619	34	138	0	0	*	2
166	6659	34	138	0	0	*	2
167	6699	34	138	0	0	*	2
168	6739	34	138	0	0	*	2
169	6779	34	139	0	0	*	2
170	6819	34	137	0	0	*	2
171	6859	34	138	0	0	*	2
172	6899	35	137	0	0	*	2
173	6939	34	137	0	0	*	2
174	6979	33	138	0	0	*	2
175	7019	33	138	0	0	*	2
176	7059	33	137	0	0	*	2
177	7099	33	137	0	0	*	2
178	7139	32	137	0	0	*	2
179	7179	32	136	0	0	*	2
180	7219	32	136	0	0	*	2
181	7259	33	135	0	1	*	2
182	7299	33	135	0	1	*	2
183	7339	33	135	0	1	*	2
184	7379	32	135	0	0	*	2
185	7419	31	136	0	0	*	2
186	7459	29	137	0	0	*	2
187	7499	31	131	0	1	*	2
188	7539	27	139	0	0	*	2
