%%BEGIN_HEADER
	%%BEGIN DATABASE_INFORMATION
		%Date.0 ( 13.9.2019 )
		%Time.0 ( 17:12 )
	%%END DATABASE_INFORMATION
	%%BEGIN SETUP_INFORMATION
		%TrackerVersion.0 ( Tracker version 2.38 release 12.8.2012 )
		%ElapsedTime_ms.0 ( 63363 )
		%Paradigm.0 ( PlacePreference )
		%FeederParameters.0 ( 1500 0 )
			// %FeederParameters.0 ( ENTRANCE_LATENCY EXIT_LATENCY )
		%ElapsedPath_m.0 ( 0.00 )
		%ArenaDiameter_m.0 ( 1.80 )
		%TrackerResolution_PixPerCM.0 ( 1.4222 )
		%ArenaCenterXY.0 ( 127.5 127.5 )
		%Frame.0 ( RoomFrame )
		%ReinforcedSector.0 ( 38.2500 127.5000 7 )
			//%ReinforcedSector.0 ( CENTER_X CENTER_Y RADIUS )
		%RoomTrackReinforcedSector.0 ( 38.2500 127.5000 7 )
			//%RoomTrackReinforcedSector.0 ( CENTER_X CENTER_Y RADIUS )
	%%END SETUP_INFORMATION
	%%BEGIN RECORD_FORMAT
		%Sample.0 ( FrameCount 1msTimeStamp RoomX RoomY Sectors State Flags FrameInfo )
			//Sectors indicate if the object is in a target. Number is binary coded. Sectors = 0: no target, Sectors = 1: room target, Sectors: = 2 arena target, Sectors: = 3 room and arena target
			////State indicates the Watermaze State: OutsideTarget = 0, EntranceLatency = 1, InsideTarget = 3, OutsideRefractory = 4, BadSpot = 5
			//FrameInfo indicates succesfuly tracked spots: ReferencePoint * 2^0 + Spot0 * 2^(1+0) + Spot1 * 2^(1+1) + Spot2 * 2^(1+2) .... 
	%%END RECORD_FORMAT
%%END_HEADER
1	42	247	138	0	0	*	2
2	82	247	139	0	0	*	2
3	122	247	139	0	0	*	2
4	162	247	140	0	0	*	2
5	202	246	140	0	0	*	2
6	242	246	140	0	0	*	2
7	282	245	140	0	0	*	2
8	322	245	140	0	0	*	2
9	362	244	140	0	0	*	2
10	402	244	140	0	0	*	2
11	442	245	142	0	0	*	2
12	482	244	142	0	0	*	2
13	522	243	142	0	0	*	2
14	562	243	142	0	0	*	2
15	602	243	144	0	0	*	2
16	642	242	145	0	0	*	2
17	682	241	146	0	0	*	2
18	722	241	147	0	0	*	2
19	762	240	147	0	0	*	2
20	802	239	148	0	0	*	2
21	842	238	148	0	0	*	2
22	882	237	148	0	0	*	2
23	922	237	148	0	0	*	2
24	962	236	149	0	0	*	2
25	1002	234	151	0	0	*	2
26	1042	233	152	0	0	*	2
27	1082	232	154	0	0	*	2
28	1122	231	155	0	0	*	2
29	1162	230	157	0	0	*	2
30	1202	228	159	0	0	*	2
31	1242	226	161	0	0	*	2
32	1282	224	162	0	0	*	2
33	1322	222	164	0	0	*	2
34	1362	220	165	0	0	*	2
35	1402	219	167	0	0	*	2
36	1442	217	168	0	0	*	2
37	1482	215	170	0	0	*	2
38	1522	212	172	0	0	*	2
39	1562	210	173	0	0	*	2
40	1602	208	174	0	0	*	2
41	1642	206	176	0	0	*	2
42	1682	203	178	0	0	*	2
43	1722	201	179	0	0	*	2
44	1762	198	181	0	0	*	2
45	1802	195	182	0	0	*	2
46	1842	194	184	0	0	*	2
47	1882	191	185	0	0	*	2
48	1922	189	187	0	0	*	2
49	1962	186	188	0	0	*	2
50	2002	184	189	0	0	*	2
51	2042	182	191	0	0	*	2
52	2082	179	192	0	0	*	2
53	2122	177	193	0	0	*	2
54	2162	174	194	0	0	*	2
55	2202	171	195	0	0	*	2
56	2242	170	196	0	0	*	2
57	2282	167	197	0	0	*	2
58	2322	164	198	0	0	*	2
59	2362	162	200	0	0	*	2
60	2402	159	200	0	0	*	2
61	2442	157	201	0	0	*	2
62	2482	154	202	0	0	*	2
63	2522	152	203	0	0	*	2
64	2562	149	204	0	0	*	2
65	2602	146	205	0	0	*	2
66	2642	144	206	0	0	*	2
67	2682	141	207	0	0	*	2
68	2722	138	208	0	0	*	2
69	2762	136	209	0	0	*	2
70	2802	134	209	0	0	*	2
71	2842	132	210	0	0	*	2
72	2882	129	210	0	0	*	2
73	2922	126	211	0	0	*	2
74	2962	123	211	0	0	*	2
75	3002	121	212	0	0	*	2
76	3042	118	212	0	0	*	2
77	3082	115	212	0	0	*	2
78	3122	112	213	0	0	*	2
79	3162	101	213	0	0	*	2
80	3202	106	213	0	0	*	2
81	3242	103	213	0	0	*	2
82	3282	99	212	0	0	*	2
83	3322	97	212	0	0	*	2
84	3362	96	212	0	0	*	2
85	3402	93	211	0	0	*	2
86	3442	91	211	0	0	*	2
87	3482	89	211	0	0	*	2
88	3522	86	210	0	0	*	2
89	3562	84	209	0	0	*	2
90	3602	81	209	0	0	*	2
91	3642	77	207	0	0	*	2
92	3682	76	207	0	0	*	2
93	3722	75	206	0	0	*	2
94	3762	72	204	0	0	*	2
95	3802	71	203	0	0	*	2
96	3842	69	202	0	0	*	2
97	3882	67	200	0	0	*	2
98	3922	65	199	0	0	*	2
99	3962	62	197	0	0	*	2
100	4002	61	196	0	0	*	2
101	4042	59	194	0	0	*	2
102	4082	57	192	0	0	*	2
103	4122	55	191	0	0	*	2
104	4162	54	190	0	0	*	2
105	4202	52	188	0	0	*	2
106	4242	50	186	0	0	*	2
107	4282	49	185	0	0	*	2
108	4322	47	183	0	0	*	2
109	4362	45	182	0	0	*	2
110	4402	44	180	0	0	*	2
111	4442	42	178	0	0	*	2
112	4482	40	176	0	0	*	2
113	4522	38	174	0	0	*	2
114	4562	37	172	0	0	*	2
115	4602	36	170	0	0	*	2
116	4642	35	168	0	0	*	2
117	4682	33	166	0	0	*	2
118	4722	32	164	0	0	*	2
119	4762	30	162	0	0	*	2
120	4802	29	160	0	0	*	2
121	4842	28	158	0	0	*	2
122	4882	26	156	0	0	*	2
123	4922	25	154	0	0	*	2
124	4962	24	152	0	0	*	2
125	5002	24	150	0	0	*	2
126	5042	23	147	0	0	*	2
127	5082	22	145	0	0	*	2
128	5122	21	143	0	0	*	2
129	5162	21	141	0	0	*	2
130	5202	20	139	0	0	*	2
131	5242	20	137	0	0	*	2
132	5282	20	135	0	0	*	2
133	5322	20	133	0	0	*	2
134	5362	19	131	0	0	*	2
135	5402	19	129	0	0	*	2
136	5442	19	127	0	0	*	2
137	5482	19	125	0	0	*	2
138	5522	19	123	0	0	*	2
139	5562	19	120	0	0	*	2
140	5602	19	118	0	0	*	2
141	5642	20	116	0	0	*	2
142	5682	20	115	0	0	*	2
143	5722	20	112	0	0	*	2
144	5762	20	110	0	0	*	2
145	5802	20	108	0	0	*	2
146	5842	21	106	0	0	*	2
147	5882	21	104	0	0	*	2
148	5922	22	102	0	0	*	2
149	5962	22	99	0	0	*	2
150	6002	23	98	0	0	*	2
151	6042	24	95	0	0	*	2
152	6082	24	93	0	0	*	2
153	6122	24	92	0	0	*	2
154	6162	25	90	0	0	*	2
155	6202	26	88	0	0	*	2
156	6242	27	86	0	0	*	2
157	6282	27	84	0	0	*	2
158	6322	28	82	0	0	*	2
159	6362	29	80	0	0	*	2
160	6402	30	78	0	0	*	2
161	6442	31	76	0	0	*	2
162	6482	32	74	0	0	*	2
163	6522	33	73	0	0	*	2
164	6562	34	71	0	0	*	2
165	6602	35	69	0	0	*	2
166	6642	36	67	0	0	*	2
167	6682	37	65	0	0	*	2
168	6722	38	63	0	0	*	2
169	6762	39	62	0	0	*	2
170	6802	40	60	0	0	*	2
171	6842	41	58	0	0	*	2
172	6882	43	56	0	0	*	2
173	6922	44	54	0	0	*	2
174	6962	45	52	0	0	*	2
175	7002	47	50	0	0	*	2
176	7042	47	49	0	0	*	2
177	7082	49	47	0	0	*	2
178	7122	50	46	0	0	*	2
179	7162	51	44	0	0	*	2
180	7202	53	42	0	0	*	2
181	7242	54	41	0	0	*	2
182	7282	55	40	0	0	*	2
183	7322	57	38	0	0	*	2
184	7362	58	37	0	0	*	2
185	7402	59	36	0	0	*	2
186	7442	60	35	0	0	*	2
187	7482	61	34	0	0	*	2
188	7522	62	33	0	0	*	2
189	7562	65	32	0	0	*	2
190	7602	67	31	0	0	*	2
191	7642	69	30	0	0	*	2
192	7682	72	29	0	0	*	2
193	7722	73	29	0	0	*	2
194	7762	75	28	0	0	*	2
195	7802	78	28	0	0	*	2
196	7842	81	27	0	0	*	2
197	7882	83	27	0	0	*	2
198	7922	85	26	0	0	*	2
199	7962	87	26	0	0	*	2
200	8002	89	25	0	0	*	2
201	8042	93	25	0	0	*	2
202	8082	94	25	0	0	*	2
203	8122	96	24	0	0	*	2
204	8162	98	23	0	0	*	2
205	8202	101	23	0	0	*	2
206	8242	103	23	0	0	*	2
207	8282	106	23	0	0	*	2
208	8322	108	22	0	0	*	2
209	8362	109	22	0	0	*	2
210	8402	112	21	0	0	*	2
211	8442	114	21	0	0	*	2
212	8482	116	21	0	0	*	2
213	8522	119	21	0	0	*	2
214	8562	121	21	0	0	*	2
215	8602	122	21	0	0	*	2
216	8642	124	21	0	0	*	2
217	8682	127	22	0	0	*	2
218	8722	128	22	0	0	*	2
219	8762	131	23	0	0	*	2
220	8802	133	23	0	0	*	2
221	8842	135	24	0	0	*	2
222	8882	137	25	0	0	*	2
223	8922	139	26	0	0	*	2
224	8962	142	28	0	0	*	2
225	9002	143	28	0	0	*	2
226	9042	145	30	0	0	*	2
227	9082	146	31	0	0	*	2
228	9122	148	32	0	0	*	2
229	9162	150	33	0	0	*	2
230	9202	152	35	0	0	*	2
231	9242	154	36	0	0	*	2
232	9282	155	37	0	0	*	2
233	9322	158	39	0	0	*	2
234	9362	159	40	0	0	*	2
235	9402	161	42	0	0	*	2
236	9442	163	43	0	0	*	2
237	9482	164	45	0	0	*	2
238	9522	166	46	0	0	*	2
239	9562	168	47	0	0	*	2
240	9602	170	49	0	0	*	2
241	9642	172	51	0	0	*	2
242	9682	174	52	0	0	*	2
243	9722	176	54	0	0	*	2
244	9762	178	55	0	0	*	2
245	9802	180	57	0	0	*	2
246	9842	182	58	0	0	*	2
247	9882	184	60	0	0	*	2
248	9922	186	62	0	0	*	2
249	9962	189	63	0	0	*	2
250	10002	190	64	0	0	*	2
251	10042	191	65	0	0	*	2
252	10082	194	67	0	0	*	2
253	10122	196	68	0	0	*	2
254	10162	197	70	0	0	*	2
255	10202	200	71	0	0	*	2
256	10242	205	75	0	0	*	2
257	10282	202	73	0	0	*	2
258	10322	205	75	0	0	*	2
259	10362	206	77	0	0	*	2
260	10402	208	79	0	0	*	2
261	10442	211	84	0	0	*	2
262	10482	211	86	0	0	*	2
263	10522	212	88	0	0	*	2
264	10562	211	85	0	0	*	2
265	10602	212	87	0	0	*	2
266	10642	213	90	0	0	*	2
267	10682	215	94	0	0	*	2
268	10722	216	96	0	0	*	2
269	10762	216	99	0	0	*	2
270	10802	216	97	0	0	*	2
271	10842	216	100	0	0	*	2
272	10882	217	103	0	0	*	2
273	10922	217	104	0	0	*	2
274	10962	218	110	0	0	*	2
275	11002	218	112	0	0	*	2
276	11042	218	114	0	0	*	2
277	11082	218	112	0	0	*	2
278	11122	218	114	0	0	*	2
279	11162	218	116	0	0	*	2
280	11202	218	117	0	0	*	2
281	11242	219	119	0	0	*	2
282	11282	219	121	0	0	*	2
283	11322	219	123	0	0	*	2
284	11362	219	131	0	0	*	2
285	11402	219	133	0	0	*	2
286	11442	219	130	0	0	*	2
287	11482	219	132	0	0	*	2
288	11522	219	134	0	0	*	2
289	11562	219	136	0	0	*	2
290	11602	219	138	0	0	*	2
291	11642	220	140	0	0	*	2
292	11682	220	142	0	0	*	2
293	11722	220	145	0	0	*	2
294	11762	220	146	0	0	*	2
295	11802	220	149	0	0	*	2
296	11842	220	151	0	0	*	2
297	11882	220	153	0	0	*	2
298	11922	220	155	0	0	*	2
299	11962	220	156	0	0	*	2
300	12002	220	160	0	0	*	2
301	12042	220	162	0	0	*	2
302	12082	220	163	0	0	*	2
303	12122	220	165	0	0	*	2
304	12162	220	167	0	0	*	2
305	12202	220	170	0	0	*	2
306	12242	219	172	0	0	*	2
307	12282	219	174	0	0	*	2
308	12322	219	175	0	0	*	2
309	12362	219	177	0	0	*	2
310	12402	219	179	0	0	*	2
311	12442	218	181	0	0	*	2
312	12482	218	182	0	0	*	2
313	12522	217	184	0	0	*	2
314	12562	217	185	0	0	*	2
315	12602	216	187	0	0	*	2
316	12642	215	189	0	0	*	2
317	12682	214	190	0	0	*	2
318	12722	213	192	0	0	*	2
319	12762	211	194	0	0	*	2
320	12802	210	195	0	0	*	2
321	12842	209	197	0	0	*	2
322	12882	208	199	0	0	*	2
323	12922	206	201	0	0	*	2
324	12962	206	202	0	0	*	2
325	13002	204	204	0	0	*	2
326	13042	203	205	0	0	*	2
327	13082	202	206	0	0	*	2
328	13122	201	208	0	0	*	2
329	13162	199	209	0	0	*	2
330	13202	198	210	0	0	*	2
331	13242	196	212	0	0	*	2
332	13282	195	213	0	0	*	2
333	13322	194	214	0	0	*	2
334	13362	192	216	0	0	*	2
335	13402	190	217	0	0	*	2
336	13442	189	219	0	0	*	2
337	13482	187	220	0	0	*	2
338	13522	185	221	0	0	*	2
339	13562	183	222	0	0	*	2
340	13602	182	223	0	0	*	2
341	13642	180	224	0	0	*	2
342	13682	179	226	0	0	*	2
343	13722	177	226	0	0	*	2
344	13762	175	227	0	0	*	2
345	13802	173	228	0	0	*	2
346	13842	171	228	0	0	*	2
347	13882	169	229	0	0	*	2
348	13922	167	230	0	0	*	2
349	13962	165	230	0	0	*	2
350	14002	163	230	0	0	*	2
351	14042	161	231	0	0	*	2
352	14082	159	231	0	0	*	2
353	14122	157	231	0	0	*	2
354	14162	155	231	0	0	*	2
355	14202	153	231	0	0	*	2
356	14242	150	231	0	0	*	2
357	14282	149	231	0	0	*	2
358	14322	146	231	0	0	*	2
359	14362	144	231	0	0	*	2
360	14402	142	230	0	0	*	2
361	14442	139	230	0	0	*	2
362	14482	137	229	0	0	*	2
363	14522	135	229	0	0	*	2
364	14562	133	229	0	0	*	2
365	14602	130	228	0	0	*	2
366	14642	127	227	0	0	*	2
367	14682	125	227	0	0	*	2
368	14722	123	226	0	0	*	2
369	14762	121	225	0	0	*	2
370	14802	119	225	0	0	*	2
371	14842	116	224	0	0	*	2
372	14882	113	223	0	0	*	2
373	14922	111	222	0	0	*	2
374	14962	109	221	0	0	*	2
375	15002	106	220	0	0	*	2
376	15042	104	219	0	0	*	2
377	15082	102	218	0	0	*	2
378	15122	99	217	0	0	*	2
379	15162	97	216	0	0	*	2
380	15202	96	215	0	0	*	2
381	15242	93	213	0	0	*	2
382	15282	91	212	0	0	*	2
383	15322	89	211	0	0	*	2
384	15362	86	209	0	0	*	2
385	15402	85	209	0	0	*	2
386	15442	83	207	0	0	*	2
387	15482	81	206	0	0	*	2
388	15522	79	204	0	0	*	2
389	15562	78	204	0	0	*	2
390	15602	76	202	0	0	*	2
391	15642	74	201	0	0	*	2
392	15682	72	199	0	0	*	2
393	15722	71	198	0	0	*	2
394	15762	69	196	0	0	*	2
395	15802	68	195	0	0	*	2
396	15842	66	193	0	0	*	2
397	15882	64	191	0	0	*	2
398	15922	63	190	0	0	*	2
399	15962	61	188	0	0	*	2
400	16002	60	186	0	0	*	2
401	16042	58	185	0	0	*	2
402	16082	57	183	0	0	*	2
403	16122	55	181	0	0	*	2
404	16162	54	179	0	0	*	2
405	16202	52	177	0	0	*	2
406	16242	51	176	0	0	*	2
407	16282	49	174	0	0	*	2
408	16322	48	172	0	0	*	2
409	16362	46	170	0	0	*	2
410	16402	45	168	0	0	*	2
411	16442	43	167	0	0	*	2
412	16482	42	165	0	0	*	2
413	16522	40	163	0	0	*	2
414	16562	39	162	0	0	*	2
415	16602	38	160	0	0	*	2
416	16642	37	158	0	0	*	2
417	16682	36	156	0	0	*	2
418	16722	35	154	0	0	*	2
419	16762	34	153	0	0	*	2
420	16802	33	151	0	0	*	2
421	16842	32	149	0	0	*	2
422	16882	31	147	0	0	*	2
423	16922	31	145	0	0	*	2
424	16962	30	145	0	0	*	2
425	17002	30	143	0	0	*	2
426	17042	29	142	0	0	*	2
427	17082	30	140	0	0	*	2
428	17122	30	138	0	0	*	2
429	17162	31	137	0	0	*	2
430	17202	31	136	0	0	*	2
431	17242	31	135	0	0	*	2
432	17282	32	135	0	0	*	2
433	17322	32	134	0	1	*	2
434	17362	32	132	0	1	*	2
435	17402	34	130	0	1	*	2
436	17442	33	129	0	1	*	2
437	17482	32	128	0	1	*	2
438	17522	33	127	0	1	*	2
439	17562	33	126	0	1	*	2
440	17602	32	125	0	1	*	2
441	17642	32	123	0	1	*	2
442	17682	32	121	0	0	*	2
443	17722	32	120	0	0	*	2
444	17762	32	119	0	0	*	2
445	17802	32	119	0	0	*	2
446	17842	32	119	0	0	*	2
447	17882	32	118	0	0	*	2
448	17922	33	118	0	0	*	2
449	17962	33	117	0	0	*	2
450	18002	37	112	0	0	*	2
451	18042	38	112	0	0	*	2
452	18082	38	111	0	0	*	2
453	18122	38	111	0	0	*	2
454	18162	38	111	0	0	*	2
455	18202	38	110	0	0	*	2
456	18242	38	110	0	0	*	2
457	18282	38	109	0	0	*	2
458	18322	38	109	0	0	*	2
459	18362	34	114	0	0	*	2
460	18402	34	114	0	0	*	2
461	18442	34	113	0	0	*	2
462	18482	39	107	0	0	*	2
463	18522	39	107	0	0	*	2
464	18562	35	111	0	0	*	2
465	18602	35	110	0	0	*	2
466	18642	35	110	0	0	*	2
467	18682	35	110	0	0	*	2
468	18722	35	109	0	0	*	2
469	18762	35	109	0	0	*	2
470	18802	35	108	0	0	*	2
471	18842	35	107	0	0	*	2
472	18882	35	106	0	0	*	2
473	18922	36	105	0	0	*	2
474	18962	36	104	0	0	*	2
475	19002	36	103	0	0	*	2
476	19042	36	101	0	0	*	2
477	19082	36	101	0	0	*	2
478	19122	36	99	0	0	*	2
479	19162	36	97	0	0	*	2
480	19202	36	96	0	0	*	2
481	19242	37	95	0	0	*	2
482	19282	37	93	0	0	*	2
483	19322	37	91	0	0	*	2
484	19362	37	90	0	0	*	2
485	19402	38	88	0	0	*	2
486	19442	38	87	0	0	*	2
487	19482	38	85	0	0	*	2
488	19522	38	83	0	0	*	2
489	19562	38	81	0	0	*	2
490	19602	38	79	0	0	*	2
491	19642	38	77	0	0	*	2
492	19682	39	76	0	0	*	2
493	19722	39	74	0	0	*	2
494	19762	39	72	0	0	*	2
495	19802	39	70	0	0	*	2
496	19842	39	68	0	0	*	2
497	19882	40	68	0	0	*	2
498	19922	40	66	0	0	*	2
499	19962	40	65	0	0	*	2
500	20002	41	64	0	0	*	2
501	20042	41	63	0	0	*	2
502	20082	42	62	0	0	*	2
503	20122	43	61	0	0	*	2
504	20162	44	60	0	0	*	2
505	20202	44	59	0	0	*	2
506	20242	45	58	0	0	*	2
507	20282	47	57	0	0	*	2
508	20322	48	57	0	0	*	2
509	20362	49	56	0	0	*	2
510	20402	51	55	0	0	*	2
511	20442	53	55	0	0	*	2
512	20482	55	54	0	0	*	2
513	20522	57	53	0	0	*	2
514	20562	59	53	0	0	*	2
515	20602	61	52	0	0	*	2
516	20642	62	52	0	0	*	2
517	20682	64	51	0	0	*	2
518	20722	66	51	0	0	*	2
519	20762	68	50	0	0	*	2
520	20802	70	50	0	0	*	2
521	20842	72	49	0	0	*	2
522	20882	74	49	0	0	*	2
523	20922	76	48	0	0	*	2
524	20962	78	47	0	0	*	2
525	21002	80	47	0	0	*	2
526	21042	83	46	0	0	*	2
527	21082	85	46	0	0	*	2
528	21122	86	45	0	0	*	2
529	21162	88	45	0	0	*	2
530	21202	91	44	0	0	*	2
531	21242	93	43	0	0	*	2
532	21282	96	42	0	0	*	2
533	21322	98	42	0	0	*	2
534	21362	99	41	0	0	*	2
535	21402	102	41	0	0	*	2
536	21442	104	40	0	0	*	2
537	21482	107	39	0	0	*	2
538	21522	109	39	0	0	*	2
539	21562	111	39	0	0	*	2
540	21602	113	38	0	0	*	2
541	21642	116	38	0	0	*	2
542	21682	118	38	0	0	*	2
543	21722	120	38	0	0	*	2
544	21762	122	38	0	0	*	2
545	21802	124	38	0	0	*	2
546	21842	126	38	0	0	*	2
547	21882	128	38	0	0	*	2
548	21922	130	38	0	0	*	2
549	21962	133	39	0	0	*	2
550	22002	135	39	0	0	*	2
551	22042	138	40	0	0	*	2
552	22082	140	40	0	0	*	2
553	22122	142	41	0	0	*	2
554	22162	143	41	0	0	*	2
555	22202	146	42	0	0	*	2
556	22242	147	42	0	0	*	2
557	22282	149	43	0	0	*	2
558	22322	151	44	0	0	*	2
559	22362	153	45	0	0	*	2
560	22402	155	45	0	0	*	2
561	22442	157	46	0	0	*	2
562	22482	159	46	0	0	*	2
563	22522	161	47	0	0	*	2
564	22562	163	48	0	0	*	2
565	22602	166	49	0	0	*	2
566	22642	167	50	0	0	*	2
567	22682	169	50	0	0	*	2
568	22722	171	51	0	0	*	2
569	22762	173	52	0	0	*	2
570	22802	175	53	0	0	*	2
571	22842	177	54	0	0	*	2
572	22882	179	54	0	0	*	2
573	22922	181	55	0	0	*	2
574	22962	183	56	0	0	*	2
575	23002	184	57	0	0	*	2
576	23042	187	59	0	0	*	2
577	23082	189	60	0	0	*	2
578	23122	194	65	0	0	*	2
579	23162	191	62	0	0	*	2
580	23202	193	64	0	0	*	2
581	23242	195	67	0	0	*	2
582	23282	197	69	0	0	*	2
583	23322	200	74	0	0	*	2
584	23362	201	76	0	0	*	2
585	23402	202	77	0	0	*	2
586	23442	204	80	0	0	*	2
587	23482	204	81	0	0	*	2
588	23522	204	79	0	0	*	2
589	23562	206	85	0	0	*	2
590	23602	207	87	0	0	*	2
591	23642	208	89	0	0	*	2
592	23682	209	91	0	0	*	2
593	23722	210	93	0	0	*	2
594	23762	211	94	0	0	*	2
595	23802	210	93	0	0	*	2
596	23842	211	94	0	0	*	2
597	23882	212	95	0	0	*	2
598	23922	212	96	0	0	*	2
599	23962	214	99	0	0	*	2
600	24002	215	103	0	0	*	2
601	24042	215	104	0	0	*	2
602	24082	216	106	0	0	*	2
603	24122	217	111	0	0	*	2
604	24162	218	115	0	0	*	2
605	24202	218	113	0	0	*	2
606	24242	219	119	0	0	*	2
607	24282	219	117	0	0	*	2
608	24322	220	122	0	0	*	2
609	24362	219	120	0	0	*	2
610	24402	220	121	0	0	*	2
611	24442	220	124	0	0	*	2
612	24482	221	127	0	0	*	2
613	24522	221	128	0	0	*	2
614	24562	222	131	0	0	*	2
615	24602	222	133	0	0	*	2
616	24642	222	134	0	0	*	2
617	24682	222	136	0	0	*	2
618	24722	222	138	0	0	*	2
619	24762	222	140	0	0	*	2
620	24802	221	142	0	0	*	2
621	24842	221	145	0	0	*	2
622	24882	221	147	0	0	*	2
623	24922	220	149	0	0	*	2
624	24962	220	150	0	0	*	2
625	25002	220	152	0	0	*	2
626	25042	219	154	0	0	*	2
627	25082	219	156	0	0	*	2
628	25122	218	158	0	0	*	2
629	25162	217	160	0	0	*	2
630	25202	217	162	0	0	*	2
631	25242	216	163	0	0	*	2
632	25282	215	165	0	0	*	2
633	25322	214	167	0	0	*	2
634	25362	212	169	0	0	*	2
635	25402	211	171	0	0	*	2
636	25442	210	172	0	0	*	2
637	25482	208	174	0	0	*	2
638	25522	207	175	0	0	*	2
639	25562	206	177	0	0	*	2
640	25602	204	179	0	0	*	2
641	25642	202	180	0	0	*	2
642	25682	201	181	0	0	*	2
643	25722	199	183	0	0	*	2
644	25762	197	184	0	0	*	2
645	25802	195	185	0	0	*	2
646	25842	193	186	0	0	*	2
647	25882	191	188	0	0	*	2
648	25922	190	189	0	0	*	2
649	25962	187	190	0	0	*	2
650	26002	186	191	0	0	*	2
651	26042	183	193	0	0	*	2
652	26082	182	194	0	0	*	2
653	26122	180	194	0	0	*	2
654	26162	178	195	0	0	*	2
655	26202	176	196	0	0	*	2
656	26242	173	197	0	0	*	2
657	26282	171	198	0	0	*	2
658	26322	170	199	0	0	*	2
659	26362	167	199	0	0	*	2
660	26402	165	200	0	0	*	2
661	26442	162	201	0	0	*	2
662	26482	160	201	0	0	*	2
663	26522	158	201	0	0	*	2
664	26562	156	201	0	0	*	2
665	26602	154	202	0	0	*	2
666	26642	151	202	0	0	*	2
667	26682	149	202	0	0	*	2
668	26722	146	202	0	0	*	2
669	26762	144	202	0	0	*	2
670	26802	142	202	0	0	*	2
671	26842	140	202	0	0	*	2
672	26882	137	202	0	0	*	2
673	26922	135	202	0	0	*	2
674	26962	134	202	0	0	*	2
675	27002	131	202	0	0	*	2
676	27042	128	201	0	0	*	2
677	27082	125	201	0	0	*	2
678	27122	123	201	0	0	*	2
679	27162	120	201	0	0	*	2
680	27202	118	201	0	0	*	2
681	27242	116	200	0	0	*	2
682	27282	113	200	0	0	*	2
683	27322	111	199	0	0	*	2
684	27362	109	198	0	0	*	2
685	27402	106	197	0	0	*	2
686	27442	104	197	0	0	*	2
687	27482	101	196	0	0	*	2
688	27522	99	194	0	0	*	2
689	27562	97	193	0	0	*	2
690	27602	95	192	0	0	*	2
691	27642	92	190	0	0	*	2
692	27682	91	189	0	0	*	2
693	27722	89	188	0	0	*	2
694	27762	88	186	0	0	*	2
695	27802	86	185	0	0	*	2
696	27842	85	183	0	0	*	2
697	27882	82	181	0	0	*	2
698	27922	81	180	0	0	*	2
699	27962	79	178	0	0	*	2
700	28002	77	176	0	0	*	2
701	28042	75	174	0	0	*	2
702	28082	74	172	0	0	*	2
703	28122	73	170	0	0	*	2
704	28162	71	169	0	0	*	2
705	28202	69	167	0	0	*	2
706	28242	68	165	0	0	*	2
707	28282	66	163	0	0	*	2
708	28322	64	162	0	0	*	2
709	28362	62	160	0	0	*	2
710	28402	61	159	0	0	*	2
711	28442	59	157	0	0	*	2
712	28482	58	155	0	0	*	2
713	28522	56	153	0	0	*	2
714	28562	54	151	0	0	*	2
715	28602	52	149	0	0	*	2
716	28642	50	147	0	0	*	2
717	28682	49	145	0	0	*	2
718	28722	48	143	0	0	*	2
719	28762	47	142	0	0	*	2
720	28802	44	138	0	0	*	2
721	28842	43	137	0	0	*	2
722	28882	43	137	0	0	*	2
723	28922	42	136	0	0	*	2
724	28962	42	136	0	0	*	2
725	29002	42	137	0	0	*	2
726	29042	42	136	0	1	*	2
727	29082	41	135	0	1	*	2
728	29122	39	133	0	1	*	2
729	29162	38	133	0	1	*	2
730	29202	37	132	0	1	*	2
731	29242	36	132	0	1	*	2
732	29282	35	131	0	1	*	2
733	29322	34	131	0	1	*	2
734	29362	33	130	0	1	*	2
735	29402	31	131	0	1	*	2
736	29442	32	130	0	1	*	2
737	29482	31	129	0	1	*	2
738	29522	30	129	0	1	*	2
739	29562	30	129	0	1	*	2
740	29602	29	128	0	0	*	2
741	29642	29	128	0	0	*	2
742	29682	30	129	0	1	*	2
743	29722	31	129	0	1	*	2
744	29762	31	129	0	1	*	2
745	29802	32	129	0	1	*	2
746	29842	34	129	0	1	*	2
747	29882	32	123	0	1	*	2
748	29922	33	124	0	1	*	2
749	29962	36	137	0	1	*	2
750	30002	37	137	0	0	*	2
751	30042	31	122	0	0	*	2
752	30082	35	128	0	1	*	2
753	30122	36	127	0	1	*	2
754	30162	35	127	0	1	*	2
755	30202	35	127	0	1	*	2
756	30242	35	127	0	1	*	2
757	30282	35	127	0	1	*	2
758	30322	34	127	0	1	*	2
759	30362	34	127	0	1	*	2
760	30402	33	127	0	1	*	2
761	30442	33	127	0	1	*	2
762	30482	33	128	0	1	*	2
763	30522	33	128	0	1	*	2
764	30562	32	128	0	1	*	2
765	30602	32	128	0	1	*	2
766	30642	33	128	0	1	*	2
767	30682	33	128	0	1	*	2
768	30722	34	128	0	1	*	2
769	30762	34	128	0	1	*	2
770	30802	35	127	0	1	*	2
771	30842	35	127	0	1	*	2
772	30882	35	127	0	1	*	2
773	30922	34	127	0	1	*	2
774	30962	36	134	0	1	*	2
775	31002	35	119	0	0	*	2
776	31042	38	134	0	1	*	2
777	31082	36	119	0	0	*	2
778	31122	40	126	0	1	*	2
779	31162	40	126	0	1	*	2
780	31202	41	125	0	1	*	2
781	31242	41	125	0	1	*	2
782	31282	42	125	0	1	*	2
783	31322	42	124	0	1	*	2
784	31362	43	124	0	1	*	2
785	31402	43	124	0	1	*	2
786	31442	43	123	0	1	*	2
787	31482	44	122	0	1	*	2
788	31522	44	122	0	1	*	2
789	31562	44	121	0	1	*	2
790	31602	44	121	0	0	*	2
791	31642	44	120	0	0	*	2
792	31682	43	120	0	0	*	2
793	31722	43	119	0	0	*	2
794	31762	49	127	0	0	*	2
795	31802	48	125	0	0	*	2
796	31842	48	123	0	0	*	2
797	31882	40	118	0	0	*	2
798	31922	38	118	0	0	*	2
799	31962	36	118	0	0	*	2
800	32002	34	119	0	0	*	2
801	32042	33	119	0	0	*	2
802	32082	32	120	0	0	*	2
803	32122	27	120	0	0	*	2
804	32162	32	120	0	0	*	2
805	32202	31	120	0	0	*	2
806	32242	31	121	0	0	*	2
807	32282	30	121	0	0	*	2
808	32322	29	122	0	0	*	2
809	32362	29	122	0	0	*	2
810	32402	27	124	0	0	*	2
811	32442	26	126	0	0	*	2
812	32482	26	128	0	0	*	2
813	32522	25	131	0	0	*	2
814	32562	25	133	0	0	*	2
815	32602	25	134	0	0	*	2
816	32642	25	134	0	0	*	2
817	32682	25	135	0	0	*	2
818	32722	24	136	0	0	*	2
819	32762	24	137	0	0	*	2
820	32802	24	139	0	0	*	2
821	32842	24	140	0	0	*	2
822	32882	24	142	0	0	*	2
823	32922	25	144	0	0	*	2
824	32962	25	146	0	0	*	2
825	33002	26	147	0	0	*	2
826	33042	27	150	0	0	*	2
827	33082	28	151	0	0	*	2
828	33122	28	152	0	0	*	2
829	33162	29	154	0	0	*	2
830	33202	31	156	0	0	*	2
831	33242	31	157	0	0	*	2
832	33282	33	159	0	0	*	2
833	33322	34	161	0	0	*	2
834	33362	35	162	0	0	*	2
835	33402	36	163	0	0	*	2
836	33442	37	165	0	0	*	2
837	33482	39	167	0	0	*	2
838	33522	41	169	0	0	*	2
839	33562	42	171	0	0	*	2
840	33602	44	172	0	0	*	2
841	33642	46	173	0	0	*	2
842	33682	47	175	0	0	*	2
843	33722	49	176	0	0	*	2
844	33762	51	177	0	0	*	2
845	33802	52	179	0	0	*	2
846	33842	54	180	0	0	*	2
847	33882	57	181	0	0	*	2
848	33922	59	182	0	0	*	2
849	33962	61	182	0	0	*	2
850	34002	63	183	0	0	*	2
851	34042	65	184	0	0	*	2
852	34082	67	185	0	0	*	2
853	34122	70	185	0	0	*	2
854	34162	72	185	0	0	*	2
855	34202	74	185	0	0	*	2
856	34242	76	185	0	0	*	2
857	34282	78	185	0	0	*	2
858	34322	81	185	0	0	*	2
859	34362	83	185	0	0	*	2
860	34402	85	185	0	0	*	2
861	34442	86	184	0	0	*	2
862	34482	89	184	0	0	*	2
863	34522	91	183	0	0	*	2
864	34562	93	182	0	0	*	2
865	34602	95	181	0	0	*	2
866	34642	97	180	0	0	*	2
867	34682	98	179	0	0	*	2
868	34722	101	178	0	0	*	2
869	34762	103	176	0	0	*	2
870	34802	104	174	0	0	*	2
871	34842	105	173	0	0	*	2
872	34882	106	171	0	0	*	2
873	34922	108	169	0	0	*	2
874	34962	109	168	0	0	*	2
875	35002	110	165	0	0	*	2
876	35042	111	163	0	0	*	2
877	35082	112	161	0	0	*	2
878	35122	112	159	0	0	*	2
879	35162	113	158	0	0	*	2
880	35202	114	155	0	0	*	2
881	35242	114	153	0	0	*	2
882	35282	115	152	0	0	*	2
883	35322	115	149	0	0	*	2
884	35362	115	146	0	0	*	2
885	35402	116	144	0	0	*	2
886	35442	116	142	0	0	*	2
887	35482	116	139	0	0	*	2
888	35522	116	137	0	0	*	2
889	35562	116	135	0	0	*	2
890	35602	116	132	0	0	*	2
891	35642	116	130	0	0	*	2
892	35682	116	128	0	0	*	2
893	35722	115	125	0	0	*	2
894	35762	115	123	0	0	*	2
895	35802	115	121	0	0	*	2
896	35842	115	118	0	0	*	2
897	35882	114	116	0	0	*	2
898	35922	114	113	0	0	*	2
899	35962	114	110	0	0	*	2
900	36002	113	108	0	0	*	2
901	36042	113	106	0	0	*	2
902	36082	113	103	0	0	*	2
903	36122	113	101	0	0	*	2
904	36162	112	98	0	0	*	2
905	36202	112	95	0	0	*	2
906	36242	112	93	0	0	*	2
907	36282	112	91	0	0	*	2
908	36322	112	89	0	0	*	2
909	36362	112	86	0	0	*	2
910	36402	111	83	0	0	*	2
911	36442	111	80	0	0	*	2
912	36482	111	78	0	0	*	2
913	36522	111	75	0	0	*	2
914	36562	111	73	0	0	*	2
915	36602	111	70	0	0	*	2
916	36642	111	69	0	0	*	2
917	36682	111	66	0	0	*	2
918	36722	112	64	0	0	*	2
919	36762	112	61	0	0	*	2
920	36802	112	60	0	0	*	2
921	36842	113	57	0	0	*	2
922	36882	114	55	0	0	*	2
923	36922	114	53	0	0	*	2
924	36962	115	50	0	0	*	2
925	37002	116	48	0	0	*	2
926	37042	117	46	0	0	*	2
927	37082	118	45	0	0	*	2
928	37122	120	43	0	0	*	2
929	37162	121	42	0	0	*	2
930	37202	122	41	0	0	*	2
931	37242	124	39	0	0	*	2
932	37282	125	38	0	0	*	2
933	37322	127	37	0	0	*	2
934	37362	129	36	0	0	*	2
935	37402	131	36	0	0	*	2
936	37442	133	35	0	0	*	2
937	37482	134	35	0	0	*	2
938	37522	136	34	0	0	*	2
939	37562	138	34	0	0	*	2
940	37602	140	34	0	0	*	2
941	37642	142	34	0	0	*	2
942	37682	144	34	0	0	*	2
943	37722	146	34	0	0	*	2
944	37762	147	34	0	0	*	2
945	37802	149	35	0	0	*	2
946	37842	152	35	0	0	*	2
947	37882	154	35	0	0	*	2
948	37922	156	36	0	0	*	2
949	37962	159	37	0	0	*	2
950	38002	160	37	0	0	*	2
951	38042	162	37	0	0	*	2
952	38082	164	38	0	0	*	2
953	38122	166	38	0	0	*	2
954	38162	168	39	0	0	*	2
955	38202	170	39	0	0	*	2
956	38242	173	40	0	0	*	2
957	38282	175	40	0	0	*	2
958	38322	176	41	0	0	*	2
959	38362	179	42	0	0	*	2
960	38402	181	42	0	0	*	2
961	38442	182	43	0	0	*	2
962	38482	184	44	0	0	*	2
963	38522	187	45	0	0	*	2
964	38562	188	46	0	0	*	2
965	38603	189	46	0	0	*	2
966	38642	192	48	0	0	*	2
967	38683	193	49	0	0	*	2
968	38722	194	50	0	0	*	2
969	38762	196	51	0	0	*	2
970	38802	201	58	0	0	*	2
971	38842	199	55	0	0	*	2
972	38882	200	56	0	0	*	2
973	38922	201	58	0	0	*	2
974	38962	202	59	0	0	*	2
975	39002	204	61	0	0	*	2
976	39042	207	68	0	0	*	2
977	39083	207	70	0	0	*	2
978	39123	206	66	0	0	*	2
979	39163	208	69	0	0	*	2
980	39203	209	70	0	0	*	2
981	39243	209	72	0	0	*	2
982	39283	210	73	0	0	*	2
983	39323	210	74	0	0	*	2
984	39363	211	76	0	0	*	2
985	39403	211	77	0	0	*	2
986	39443	212	80	0	0	*	2
987	39483	212	83	0	0	*	2
988	39523	212	84	0	0	*	2
989	39563	213	87	0	0	*	2
990	39603	214	90	0	0	*	2
991	39643	214	91	0	0	*	2
992	39683	214	93	0	0	*	2
993	39723	214	95	0	0	*	2
994	39763	215	96	0	0	*	2
995	39803	215	100	0	0	*	2
996	39843	215	104	0	0	*	2
997	39883	215	103	0	0	*	2
998	39923	215	105	0	0	*	2
999	39963	215	107	0	0	*	2
1000	40003	215	109	0	0	*	2
1001	40043	215	111	0	0	*	2
1002	40083	216	114	0	0	*	2
1003	40123	215	114	0	0	*	2
1004	40163	215	116	0	0	*	2
1005	40203	215	118	0	0	*	2
1006	40243	215	121	0	0	*	2
1007	40283	215	123	0	0	*	2
1008	40323	214	125	0	0	*	2
1009	40363	214	126	0	0	*	2
1010	40403	214	129	0	0	*	2
1011	40443	213	132	0	0	*	2
1012	40483	213	134	0	0	*	2
1013	40523	212	137	0	0	*	2
1014	40563	211	138	0	0	*	2
1015	40603	211	140	0	0	*	2
1016	40643	210	141	0	0	*	2
1017	40683	210	143	0	0	*	2
1018	40723	209	145	0	0	*	2
1019	40763	208	147	0	0	*	2
1020	40803	207	150	0	0	*	2
1021	40843	206	151	0	0	*	2
1022	40883	206	153	0	0	*	2
1023	40923	205	154	0	0	*	2
1024	40963	204	156	0	0	*	2
1025	41003	202	158	0	0	*	2
1026	41043	201	160	0	0	*	2
1027	41083	199	162	0	0	*	2
1028	41123	198	163	0	0	*	2
1029	41163	197	165	0	0	*	2
1030	41203	195	166	0	0	*	2
1031	41243	194	168	0	0	*	2
1032	41283	193	170	0	0	*	2
1033	41323	191	171	0	0	*	2
1034	41363	189	173	0	0	*	2
1035	41403	188	174	0	0	*	2
1036	41443	187	176	0	0	*	2
1037	41483	185	177	0	0	*	2
1038	41523	183	179	0	0	*	2
1039	41563	182	180	0	0	*	2
1040	41603	180	181	0	0	*	2
1041	41643	179	182	0	0	*	2
1042	41683	177	183	0	0	*	2
1043	41723	175	185	0	0	*	2
1044	41763	173	185	0	0	*	2
1045	41803	171	186	0	0	*	2
1046	41843	169	187	0	0	*	2
1047	41883	168	188	0	0	*	2
1048	41923	165	189	0	0	*	2
1049	41963	163	190	0	0	*	2
1050	42003	161	190	0	0	*	2
1051	42043	159	191	0	0	*	2
1052	42083	157	192	0	0	*	2
1053	42123	155	192	0	0	*	2
1054	42163	153	193	0	0	*	2
1055	42203	151	193	0	0	*	2
1056	42243	149	194	0	0	*	2
1057	42283	147	195	0	0	*	2
1058	42323	145	195	0	0	*	2
1059	42363	143	196	0	0	*	2
1060	42403	141	196	0	0	*	2
1061	42443	139	197	0	0	*	2
1062	42483	137	197	0	0	*	2
1063	42523	135	198	0	0	*	2
1064	42563	133	199	0	0	*	2
1065	42603	130	199	0	0	*	2
1066	42643	128	200	0	0	*	2
1067	42683	126	200	0	0	*	2
1068	42723	123	201	0	0	*	2
1069	42763	121	201	0	0	*	2
1070	42803	119	202	0	0	*	2
1071	42843	108	202	0	0	*	2
1072	42883	114	202	0	0	*	2
1073	42923	111	202	0	0	*	2
1074	42963	109	202	0	0	*	2
1075	43003	105	202	0	0	*	2
1076	43043	104	202	0	0	*	2
1077	43083	102	201	0	0	*	2
1078	43123	100	201	0	0	*	2
1079	43163	97	200	0	0	*	2
1080	43203	95	200	0	0	*	2
1081	43243	93	199	0	0	*	2
1082	43283	91	198	0	0	*	2
1083	43323	89	198	0	0	*	2
1084	43363	87	196	0	0	*	2
1085	43403	85	195	0	0	*	2
1086	43443	84	195	0	0	*	2
1087	43483	82	193	0	0	*	2
1088	43523	80	192	0	0	*	2
1089	43563	78	191	0	0	*	2
1090	43603	76	189	0	0	*	2
1091	43643	74	188	0	0	*	2
1092	43683	73	186	0	0	*	2
1093	43723	72	185	0	0	*	2
1094	43763	70	184	0	0	*	2
1095	43803	68	183	0	0	*	2
1096	43843	66	181	0	0	*	2
1097	43883	65	179	0	0	*	2
1098	43923	63	177	0	0	*	2
1099	43963	62	176	0	0	*	2
1100	44003	61	174	0	0	*	2
1101	44043	60	172	0	0	*	2
1102	44083	59	170	0	0	*	2
1103	44123	57	168	0	0	*	2
1104	44163	56	166	0	0	*	2
1105	44203	54	164	0	0	*	2
1106	44243	53	162	0	0	*	2
1107	44283	52	161	0	0	*	2
1108	44323	50	159	0	0	*	2
1109	44363	49	157	0	0	*	2
1110	44403	48	155	0	0	*	2
1111	44443	47	153	0	0	*	2
1112	44483	45	150	0	0	*	2
1113	44523	44	148	0	0	*	2
1114	44563	43	147	0	0	*	2
1115	44603	42	145	0	0	*	2
1116	44643	40	144	0	0	*	2
1117	44683	39	142	0	0	*	2
1118	44723	38	140	0	0	*	2
1119	44763	38	138	0	0	*	2
1120	44803	37	138	0	0	*	2
1121	44843	36	138	0	0	*	2
1122	44883	35	138	0	0	*	2
1123	44923	35	136	0	1	*	2
1124	44963	34	134	0	1	*	2
1125	45003	32	133	0	1	*	2
1126	45043	31	131	0	1	*	2
1127	45083	30	130	0	1	*	2
1128	45123	29	130	0	0	*	2
1129	45163	27	130	0	0	*	2
1130	45203	26	129	0	0	*	2
1131	45243	25	128	0	0	*	2
1132	45283	25	128	0	0	*	2
1133	45323	25	128	0	0	*	2
1134	45363	24	128	0	0	*	2
1135	45403	24	128	0	0	*	2
1136	45443	24	127	0	0	*	2
1137	45483	24	127	0	0	*	2
1138	45523	25	125	0	0	*	2
1139	45563	24	123	0	0	*	2
1140	45603	24	123	0	0	*	2
1141	45643	24	122	0	0	*	2
1142	45683	24	121	0	0	*	2
1143	45723	23	120	0	0	*	2
1144	45763	22	119	0	0	*	2
1145	45803	22	118	0	0	*	2
1146	45843	21	116	0	0	*	2
1147	45883	21	115	0	0	*	2
1148	45923	20	114	0	0	*	2
1149	45963	20	119	0	0	*	2
1150	46003	20	119	0	0	*	2
1151	46043	19	118	0	0	*	2
1152	46083	19	117	0	0	*	2
1153	46123	18	116	0	0	*	2
1154	46163	16	113	0	0	*	2
1155	46203	17	112	0	0	*	2
1156	46243	16	110	0	0	*	2
1157	46283	15	108	0	0	*	2
1158	46323	14	106	0	0	*	2
1159	46363	12	105	0	0	*	2
1160	46403	12	105	0	0	*	2
1161	46443	12	103	0	0	*	2
1162	46483	12	102	0	0	*	2
1163	46523	11	101	0	0	*	2
1164	46563	11	100	0	0	*	2
1165	46603	11	99	0	0	*	2
1166	46643	12	99	0	0	*	2
1167	46683	12	98	0	0	*	2
1168	46723	12	97	0	0	*	2
1169	46763	12	96	0	0	*	2
1170	46803	13	95	0	0	*	2
1171	46843	14	95	0	0	*	2
1172	46883	14	94	0	0	*	2
1173	46923	13	94	0	0	*	2
1174	46963	13	93	0	0	*	2
1175	47003	13	93	0	0	*	2
1176	47043	14	91	0	0	*	2
1177	47083	14	90	0	0	*	2
1178	47123	14	89	0	0	*	2
1179	47163	15	88	0	0	*	2
1180	47203	16	86	0	0	*	2
1181	47243	16	85	0	0	*	2
1182	47283	17	85	0	0	*	2
1183	47323	18	82	0	0	*	2
1184	47363	19	79	0	0	*	2
1185	47403	20	77	0	0	*	2
1186	47443	21	77	0	0	*	2
1187	47483	21	76	0	0	*	2
1188	47523	22	74	0	0	*	2
1189	47563	23	72	0	0	*	2
1190	47603	24	71	0	0	*	2
1191	47643	24	70	0	0	*	2
1192	47683	25	69	0	0	*	2
1193	47723	26	68	0	0	*	2
1194	47763	27	67	0	0	*	2
1195	47803	28	65	0	0	*	2
1196	47843	29	64	0	0	*	2
1197	47883	31	62	0	0	*	2
1198	47923	33	60	0	0	*	2
1199	47963	34	59	0	0	*	2
1200	48003	36	57	0	0	*	2
1201	48043	39	55	0	0	*	2
1202	48083	41	54	0	0	*	2
1203	48123	44	52	0	0	*	2
1204	48163	46	51	0	0	*	2
1205	48203	47	50	0	0	*	2
1206	48243	49	49	0	0	*	2
1207	48283	51	47	0	0	*	2
1208	48323	53	46	0	0	*	2
1209	48363	55	46	0	0	*	2
1210	48403	56	45	0	0	*	2
1211	48443	57	44	0	0	*	2
1212	48483	59	43	0	0	*	2
1213	48523	61	42	0	0	*	2
1214	48563	63	42	0	0	*	2
1215	48603	64	41	0	0	*	2
1216	48643	66	40	0	0	*	2
1217	48683	68	40	0	0	*	2
1218	48723	69	39	0	0	*	2
1219	48763	71	39	0	0	*	2
1220	48803	74	39	0	0	*	2
1221	48843	76	39	0	0	*	2
1222	48883	78	39	0	0	*	2
1223	48923	81	39	0	0	*	2
1224	48963	83	39	0	0	*	2
1225	49003	85	40	0	0	*	2
1226	49043	93	41	0	0	*	2
1227	49083	89	40	0	0	*	2
1228	49123	90	40	0	0	*	2
1229	49163	92	40	0	0	*	2
1230	49203	94	40	0	0	*	2
1231	49243	96	41	0	0	*	2
1232	49283	97	41	0	0	*	2
1233	49323	99	42	0	0	*	2
1234	49363	101	43	0	0	*	2
1235	49403	103	43	0	0	*	2
1236	49443	105	44	0	0	*	2
1237	49483	107	45	0	0	*	2
1238	49523	109	46	0	0	*	2
1239	49563	110	46	0	0	*	2
1240	49603	112	48	0	0	*	2
1241	49643	113	48	0	0	*	2
1242	49683	116	50	0	0	*	2
1243	49723	117	52	0	0	*	2
1244	49763	119	53	0	0	*	2
1245	49803	120	55	0	0	*	2
1246	49843	121	56	0	0	*	2
1247	49883	123	57	0	0	*	2
1248	49923	124	59	0	0	*	2
1249	49963	125	61	0	0	*	2
1250	50003	127	63	0	0	*	2
1251	50043	128	65	0	0	*	2
1252	50083	129	66	0	0	*	2
1253	50123	130	68	0	0	*	2
1254	50163	131	70	0	0	*	2
1255	50203	132	71	0	0	*	2
1256	50243	133	73	0	0	*	2
1257	50283	134	76	0	0	*	2
1258	50323	134	77	0	0	*	2
1259	50363	135	79	0	0	*	2
1260	50403	136	81	0	0	*	2
1261	50443	137	83	0	0	*	2
1262	50483	138	85	0	0	*	2
1263	50523	139	88	0	0	*	2
1264	50563	140	90	0	0	*	2
1265	50603	141	92	0	0	*	2
1266	50643	142	94	0	0	*	2
1267	50683	142	96	0	0	*	2
1268	50723	144	98	0	0	*	2
1269	50763	145	101	0	0	*	2
1270	50803	145	102	0	0	*	2
1271	50843	146	104	0	0	*	2
1272	50883	147	106	0	0	*	2
1273	50923	149	108	0	0	*	2
1274	50963	150	110	0	0	*	2
1275	51003	151	112	0	0	*	2
1276	51043	152	114	0	0	*	2
1277	51083	154	116	0	0	*	2
1278	51123	155	117	0	0	*	2
1279	51163	156	118	0	0	*	2
1280	51203	157	120	0	0	*	2
1281	51243	162	125	0	0	*	2
1282	51283	159	122	0	0	*	2
1283	51323	160	124	0	0	*	2
1284	51363	161	125	0	0	*	2
1285	51403	163	127	0	0	*	2
1286	51443	164	128	0	0	*	2
1287	51483	165	131	0	0	*	2
1288	51523	166	135	0	0	*	2
1289	51563	166	136	0	0	*	2
1290	51603	166	137	0	0	*	2
1291	51643	166	139	0	0	*	2
1292	51683	166	138	0	0	*	2
1293	51723	166	138	0	0	*	2
1294	51763	167	139	0	0	*	2
1295	51803	167	139	0	0	*	2
1296	51843	167	140	0	0	*	2
1297	51883	166	142	0	0	*	2
1298	51923	165	144	0	0	*	2
1299	51963	165	145	0	0	*	2
1300	52003	165	146	0	0	*	2
1301	52043	164	147	0	0	*	2
1302	52083	164	148	0	0	*	2
1303	52123	164	148	0	0	*	2
1304	52163	163	150	0	0	*	2
1305	52203	162	151	0	0	*	2
1306	52243	161	152	0	0	*	2
1307	52283	160	153	0	0	*	2
1308	52323	159	155	0	0	*	2
1309	52363	158	156	0	0	*	2
1310	52403	156	157	0	0	*	2
1311	52443	155	158	0	0	*	2
1312	52483	153	159	0	0	*	2
1313	52523	152	160	0	0	*	2
1314	52563	150	162	0	0	*	2
1315	52603	148	162	0	0	*	2
1316	52643	147	163	0	0	*	2
1317	52683	145	164	0	0	*	2
1318	52723	143	166	0	0	*	2
1319	52763	142	167	0	0	*	2
1320	52803	139	168	0	0	*	2
1321	52843	137	169	0	0	*	2
1322	52883	136	170	0	0	*	2
1323	52923	134	171	0	0	*	2
1324	52963	132	172	0	0	*	2
1325	53003	130	173	0	0	*	2
1326	53043	128	174	0	0	*	2
1327	53083	125	176	0	0	*	2
1328	53123	124	176	0	0	*	2
1329	53163	122	177	0	0	*	2
1330	53203	120	178	0	0	*	2
1331	53243	118	179	0	0	*	2
1332	53283	116	179	0	0	*	2
1333	53323	113	180	0	0	*	2
1334	53363	111	180	0	0	*	2
1335	53403	109	181	0	0	*	2
1336	53443	107	181	0	0	*	2
1337	53483	105	181	0	0	*	2
1338	53523	102	181	0	0	*	2
1339	53563	99	181	0	0	*	2
1340	53603	97	181	0	0	*	2
1341	53643	96	181	0	0	*	2
1342	53683	94	180	0	0	*	2
1343	53723	91	180	0	0	*	2
1344	53763	89	180	0	0	*	2
1345	53803	86	179	0	0	*	2
1346	53843	85	179	0	0	*	2
1347	53883	83	178	0	0	*	2
1348	53923	80	178	0	0	*	2
1349	53963	78	177	0	0	*	2
1350	54003	76	176	0	0	*	2
1351	54043	74	175	0	0	*	2
1352	54083	72	174	0	0	*	2
1353	54123	70	174	0	0	*	2
1354	54163	68	173	0	0	*	2
1355	54203	66	172	0	0	*	2
1356	54243	64	171	0	0	*	2
1357	54283	62	170	0	0	*	2
1358	54323	60	169	0	0	*	2
1359	54363	58	168	0	0	*	2
1360	54403	56	167	0	0	*	2
1361	54443	54	165	0	0	*	2
1362	54483	53	164	0	0	*	2
1363	54523	51	163	0	0	*	2
1364	54563	49	162	0	0	*	2
1365	54603	48	161	0	0	*	2
1366	54643	46	160	0	0	*	2
1367	54683	44	158	0	0	*	2
1368	54723	43	157	0	0	*	2
1369	54763	41	155	0	0	*	2
1370	54803	40	153	0	0	*	2
1371	54843	39	152	0	0	*	2
1372	54883	37	150	0	0	*	2
1373	54923	36	148	0	0	*	2
1374	54963	36	147	0	0	*	2
1375	55003	35	146	0	0	*	2
1376	55043	34	144	0	0	*	2
1377	55083	33	143	0	0	*	2
1378	55123	32	141	0	0	*	2
1379	55163	31	139	0	0	*	2
1380	55203	32	136	0	0	*	2
1381	55243	32	134	0	1	*	2
1382	55283	31	133	0	0	*	2
1383	55323	30	132	0	0	*	2
1384	55363	30	130	0	1	*	2
1385	55403	30	129	0	1	*	2
1386	55443	30	127	0	1	*	2
1387	55483	30	126	0	1	*	2
1388	55523	29	124	0	0	*	2
1389	55563	29	122	0	0	*	2
1390	55603	28	120	0	0	*	2
1391	55643	28	119	0	0	*	2
1392	55683	29	118	0	0	*	2
1393	55723	29	118	0	0	*	2
1394	55763	29	118	0	0	*	2
1395	55803	29	117	0	0	*	2
1396	55843	32	112	0	0	*	2
1397	55883	32	110	0	0	*	2
1398	55923	32	108	0	0	*	2
1399	55963	29	112	0	0	*	2
1400	56003	29	111	0	0	*	2
1401	56043	29	110	0	0	*	2
1402	56083	30	108	0	0	*	2
1403	56123	30	107	0	0	*	2
1404	56163	30	105	0	0	*	2
1405	56203	30	104	0	0	*	2
1406	56243	31	103	0	0	*	2
1407	56283	31	101	0	0	*	2
1408	56323	31	99	0	0	*	2
1409	56363	31	97	0	0	*	2
1410	56403	31	95	0	0	*	2
1411	56443	31	94	0	0	*	2
1412	56483	31	93	0	0	*	2
1413	56523	32	91	0	0	*	2
1414	56563	32	89	0	0	*	2
1415	56603	32	87	0	0	*	2
1416	56643	32	86	0	0	*	2
1417	56683	32	84	0	0	*	2
1418	56723	32	83	0	0	*	2
1419	56763	33	82	0	0	*	2
1420	56803	33	80	0	0	*	2
1421	56843	34	79	0	0	*	2
1422	56883	34	78	0	0	*	2
1423	56923	34	76	0	0	*	2
1424	56963	35	75	0	0	*	2
1425	57003	35	74	0	0	*	2
1426	57043	36	73	0	0	*	2
1427	57083	36	71	0	0	*	2
1428	57123	36	70	0	0	*	2
1429	57163	37	68	0	0	*	2
1430	57203	38	67	0	0	*	2
1431	57243	39	66	0	0	*	2
1432	57283	40	65	0	0	*	2
1433	57323	41	63	0	0	*	2
1434	57363	43	62	0	0	*	2
1435	57403	43	61	0	0	*	2
1436	57443	44	60	0	0	*	2
1437	57483	46	59	0	0	*	2
1438	57523	46	58	0	0	*	2
1439	57563	47	57	0	0	*	2
1440	57603	49	56	0	0	*	2
1441	57643	50	55	0	0	*	2
1442	57683	52	54	0	0	*	2
1443	57723	53	53	0	0	*	2
1444	57763	55	52	0	0	*	2
1445	57803	57	51	0	0	*	2
1446	57843	59	51	0	0	*	2
1447	57883	60	50	0	0	*	2
1448	57923	61	49	0	0	*	2
1449	57963	63	49	0	0	*	2
1450	58003	65	48	0	0	*	2
1451	58043	68	48	0	0	*	2
1452	58083	70	47	0	0	*	2
1453	58123	72	47	0	0	*	2
1454	58163	73	47	0	0	*	2
1455	58203	76	46	0	0	*	2
1456	58243	78	46	0	0	*	2
1457	58283	80	46	0	0	*	2
1458	58323	82	46	0	0	*	2
1459	58363	84	45	0	0	*	2
1460	58403	86	45	0	0	*	2
1461	58443	88	44	0	0	*	2
1462	58483	90	44	0	0	*	2
1463	58523	91	43	0	0	*	2
1464	58563	93	43	0	0	*	2
1465	58603	96	43	0	0	*	2
1466	58643	97	42	0	0	*	2
1467	58683	99	42	0	0	*	2
1468	58723	101	42	0	0	*	2
1469	58763	103	41	0	0	*	2
1470	58803	105	41	0	0	*	2
1471	58843	107	41	0	0	*	2
1472	58883	109	41	0	0	*	2
1473	58923	110	40	0	0	*	2
1474	58963	113	40	0	0	*	2
1475	59003	116	40	0	0	*	2
1476	59043	117	40	0	0	*	2
1477	59083	119	40	0	0	*	2
1478	59123	121	40	0	0	*	2
1479	59163	123	40	0	0	*	2
1480	59203	125	40	0	0	*	2
1481	59243	127	40	0	0	*	2
1482	59283	130	39	0	0	*	2
1483	59323	132	39	0	0	*	2
1484	59363	134	39	0	0	*	2
1485	59403	136	39	0	0	*	2
1486	59443	138	39	0	0	*	2
1487	59483	140	38	0	0	*	2
1488	59523	142	38	0	0	*	2
1489	59563	145	38	0	0	*	2
1490	59603	146	38	0	0	*	2
1491	59643	148	38	0	0	*	2
1492	59683	150	38	0	0	*	2
1493	59723	152	37	0	0	*	2
1494	59763	154	38	0	0	*	2
1495	59803	156	38	0	0	*	2
1496	59843	157	38	0	0	*	2
1497	59883	158	39	0	0	*	2
1498	59923	160	39	0	0	*	2
1499	59963	161	40	0	0	*	2
1500	60003	163	40	0	0	*	2
1501	60043	164	41	0	0	*	2
1502	60083	165	42	0	0	*	2
1503	60123	167	44	0	0	*	2
1504	60163	168	45	0	0	*	2
1505	60203	169	46	0	0	*	2
1506	60243	169	47	0	0	*	2
1507	60283	170	49	0	0	*	2
1508	60323	171	52	0	0	*	2
1509	60363	171	54	0	0	*	2
1510	60403	171	56	0	0	*	2
1511	60443	171	56	0	0	*	2
1512	60483	171	57	0	0	*	2
1513	60523	171	63	0	0	*	2
1514	60563	171	61	0	0	*	2
1515	60603	170	62	0	0	*	2
1516	60643	170	63	0	0	*	2
1517	60683	170	63	0	0	*	2
1518	60723	170	65	0	0	*	2
1519	60763	170	67	0	0	*	2
1520	60803	170	69	0	0	*	2
1521	60843	169	71	0	0	*	2
1522	60883	169	72	0	0	*	2
1523	60923	168	73	0	0	*	2
1524	60963	168	75	0	0	*	2
1525	61003	167	77	0	0	*	2
1526	61043	166	79	0	0	*	2
1527	61083	165	81	0	0	*	2
1528	61123	165	83	0	0	*	2
1529	61163	164	85	0	0	*	2
1530	61203	163	88	0	0	*	2
1531	61243	162	90	0	0	*	2
1532	61283	162	92	0	0	*	2
1533	61323	161	93	0	0	*	2
1534	61363	160	95	0	0	*	2
1535	61403	159	98	0	0	*	2
1536	61443	159	100	0	0	*	2
1537	61483	158	101	0	0	*	2
1538	61523	158	103	0	0	*	2
1539	61563	157	106	0	0	*	2
1540	61603	156	108	0	0	*	2
1541	61643	156	109	0	0	*	2
1542	61683	155	112	0	0	*	2
1543	61723	154	114	0	0	*	2
1544	61763	154	116	0	0	*	2
1545	61803	153	117	0	0	*	2
1546	61843	152	119	0	0	*	2
1547	61883	152	121	0	0	*	2
1548	61923	151	124	0	0	*	2
1549	61963	151	126	0	0	*	2
1550	62003	150	128	0	0	*	2
1551	62043	149	131	0	0	*	2
1552	62083	149	132	0	0	*	2
1553	62123	148	134	0	0	*	2
1554	62163	148	137	0	0	*	2
1555	62203	147	139	0	0	*	2
1556	62243	146	141	0	0	*	2
1557	62283	146	143	0	0	*	2
1558	62323	145	144	0	0	*	2
1559	62363	145	147	0	0	*	2
1560	62403	144	149	0	0	*	2
1561	62443	143	151	0	0	*	2
1562	62483	143	153	0	0	*	2
1563	62523	142	155	0	0	*	2
1564	62563	141	158	0	0	*	2
1565	62603	140	160	0	0	*	2
1566	62643	139	162	0	0	*	2
1567	62683	138	163	0	0	*	2
1568	62723	138	165	0	0	*	2
1569	62763	137	167	0	0	*	2
1570	62803	136	170	0	0	*	2
1571	62843	135	172	0	0	*	2
1572	62883	134	174	0	0	*	2
1573	62923	134	175	0	0	*	2
1574	62963	134	177	0	0	*	2
1575	63003	133	179	0	0	*	2
1576	63043	132	182	0	0	*	2
1577	63083	131	184	0	0	*	2
1578	63123	127	189	0	0	*	2
1579	63163	129	187	0	0	*	2
1580	63203	128	188	0	0	*	2
1581	63243	127	190	0	0	*	2
1582	63283	126	191	0	0	*	2
1583	63323	125	193	0	0	*	2
1584	63363	124	194	0	0	*	2
