%%BEGIN_HEADER
	%%BEGIN DATABASE_INFORMATION
		%Date.0 ( 13.9.2019 )
		%Time.0 ( 17:32 )
	%%END DATABASE_INFORMATION
	%%BEGIN SETUP_INFORMATION
		%TrackerVersion.0 ( Tracker version 2.38 release 12.8.2012 )
		%ElapsedTime_ms.0 ( 60687 )
		%Paradigm.0 ( PlacePreference )
		%FeederParameters.0 ( 1500 0 )
			// %FeederParameters.0 ( ENTRANCE_LATENCY EXIT_LATENCY )
		%ElapsedPath_m.0 ( 0.00 )
		%ArenaDiameter_m.0 ( 1.80 )
		%TrackerResolution_PixPerCM.0 ( 1.4222 )
		%ArenaCenterXY.0 ( 127.5 127.5 )
		%Frame.0 ( RoomFrame )
		%ReinforcedSector.0 ( 216.7500 127.5000 7 )
			//%ReinforcedSector.0 ( CENTER_X CENTER_Y RADIUS )
		%RoomTrackReinforcedSector.0 ( 216.7500 127.5000 7 )
			//%RoomTrackReinforcedSector.0 ( CENTER_X CENTER_Y RADIUS )
	%%END SETUP_INFORMATION
	%%BEGIN RECORD_FORMAT
		%Sample.0 ( FrameCount 1msTimeStamp RoomX RoomY Sectors State Flags FrameInfo )
			//Sectors indicate if the object is in a target. Number is binary coded. Sectors = 0: no target, Sectors = 1: room target, Sectors: = 2 arena target, Sectors: = 3 room and arena target
			////State indicates the Watermaze State: OutsideTarget = 0, EntranceLatency = 1, InsideTarget = 3, OutsideRefractory = 4, BadSpot = 5
			//FrameInfo indicates succesfuly tracked spots: ReferencePoint * 2^0 + Spot0 * 2^(1+0) + Spot1 * 2^(1+1) + Spot2 * 2^(1+2) .... 
	%%END RECORD_FORMAT
%%END_HEADER
1	46	117	245	0	0	*	2
2	86	116	245	0	0	*	2
3	126	115	244	0	0	*	2
4	166	114	244	0	0	*	2
5	206	112	244	0	0	*	2
6	246	112	244	0	0	*	2
7	286	113	242	0	0	*	2
8	326	114	241	0	0	*	2
9	366	114	241	0	0	*	2
10	406	113	242	0	0	*	2
11	446	113	241	0	0	*	2
12	486	113	241	0	0	*	2
13	526	115	241	0	0	*	2
14	566	115	242	0	0	*	2
15	606	114	243	0	0	*	2
16	646	115	244	0	0	*	2
17	686	116	245	0	0	*	2
18	726	117	245	0	0	*	2
19	766	116	245	0	0	*	2
20	806	116	245	0	0	*	2
21	846	117	245	0	0	*	2
22	886	120	245	0	0	*	2
23	926	120	245	0	0	*	2
24	966	122	245	0	0	*	2
25	1006	121	244	0	0	*	2
26	1046	122	243	0	0	*	2
27	1086	122	243	0	0	*	2
28	1126	123	242	0	0	*	2
29	1166	124	242	0	0	*	2
30	1206	125	242	0	0	*	2
31	1246	127	241	0	0	*	2
32	1286	127	241	0	0	*	2
33	1326	128	240	0	0	*	2
34	1366	129	239	0	0	*	2
35	1406	129	239	0	0	*	2
36	1446	130	238	0	0	*	2
37	1486	130	238	0	0	*	2
38	1526	131	236	0	0	*	2
39	1566	132	235	0	0	*	2
40	1606	132	235	0	0	*	2
41	1646	132	234	0	0	*	2
42	1686	133	233	0	0	*	2
43	1726	133	232	0	0	*	2
44	1766	134	231	0	0	*	2
45	1806	134	230	0	0	*	2
46	1846	134	230	0	0	*	2
47	1886	134	228	0	0	*	2
48	1926	135	227	0	0	*	2
49	1966	135	226	0	0	*	2
50	2006	134	225	0	0	*	2
51	2046	134	223	0	0	*	2
52	2086	134	222	0	0	*	2
53	2126	134	221	0	0	*	2
54	2166	134	220	0	0	*	2
55	2206	133	219	0	0	*	2
56	2246	133	218	0	0	*	2
57	2286	132	217	0	0	*	2
58	2326	132	216	0	0	*	2
59	2366	131	214	0	0	*	2
60	2406	131	214	0	0	*	2
61	2446	130	213	0	0	*	2
62	2486	129	213	0	0	*	2
63	2526	128	211	0	0	*	2
64	2566	128	210	0	0	*	2
65	2606	127	210	0	0	*	2
66	2646	126	209	0	0	*	2
67	2686	125	209	0	0	*	2
68	2726	124	209	0	0	*	2
69	2766	122	208	0	0	*	2
70	2806	118	208	0	0	*	2
71	2846	121	207	0	0	*	2
72	2886	120	207	0	0	*	2
73	2926	118	207	0	0	*	2
74	2966	117	206	0	0	*	2
75	3006	116	206	0	0	*	2
76	3046	115	206	0	0	*	2
77	3086	113	206	0	0	*	2
78	3126	111	206	0	0	*	2
79	3166	110	206	0	0	*	2
80	3206	109	206	0	0	*	2
81	3246	109	205	0	0	*	2
82	3286	109	205	0	0	*	2
83	3326	108	206	0	0	*	2
84	3366	106	207	0	0	*	2
85	3406	102	209	0	0	*	2
86	3446	104	207	0	0	*	2
87	3486	102	208	0	0	*	2
88	3526	100	209	0	0	*	2
89	3566	100	209	0	0	*	2
90	3606	100	208	0	0	*	2
91	3646	99	208	0	0	*	2
92	3686	97	209	0	0	*	2
93	3726	97	209	0	0	*	2
94	3766	95	209	0	0	*	2
95	3806	94	208	0	0	*	2
96	3846	93	208	0	0	*	2
97	3886	92	207	0	0	*	2
98	3926	90	206	0	0	*	2
99	3966	90	205	0	0	*	2
100	4006	90	205	0	0	*	2
101	4046	89	204	0	0	*	2
102	4086	89	203	0	0	*	2
103	4126	88	202	0	0	*	2
104	4166	88	201	0	0	*	2
105	4206	87	200	0	0	*	2
106	4246	87	200	0	0	*	2
107	4286	87	200	0	0	*	2
108	4326	87	200	0	0	*	2
109	4366	86	199	0	0	*	2
110	4406	85	199	0	0	*	2
111	4446	83	198	0	0	*	2
112	4486	84	198	0	0	*	2
113	4526	83	198	0	0	*	2
114	4566	82	197	0	0	*	2
115	4606	82	197	0	0	*	2
116	4646	81	196	0	0	*	2
117	4686	80	195	0	0	*	2
118	4726	79	194	0	0	*	2
119	4766	78	193	0	0	*	2
120	4806	78	193	0	0	*	2
121	4846	77	192	0	0	*	2
122	4886	75	191	0	0	*	2
123	4926	74	190	0	0	*	2
124	4966	74	189	0	0	*	2
125	5006	73	189	0	0	*	2
126	5046	73	188	0	0	*	2
127	5086	73	187	0	0	*	2
128	5126	71	186	0	0	*	2
129	5166	70	185	0	0	*	2
130	5206	70	184	0	0	*	2
131	5246	69	183	0	0	*	2
132	5286	69	183	0	0	*	2
133	5326	68	181	0	0	*	2
134	5366	65	179	0	0	*	2
135	5406	64	178	0	0	*	2
136	5446	64	178	0	0	*	2
137	5486	64	177	0	0	*	2
138	5526	63	176	0	0	*	2
139	5566	62	174	0	0	*	2
140	5606	61	173	0	0	*	2
141	5646	61	172	0	0	*	2
142	5686	60	171	0	0	*	2
143	5726	60	170	0	0	*	2
144	5766	59	170	0	0	*	2
145	5806	58	168	0	0	*	2
146	5846	57	167	0	0	*	2
147	5886	56	166	0	0	*	2
148	5926	55	165	0	0	*	2
149	5966	54	165	0	0	*	2
150	6006	54	164	0	0	*	2
151	6046	53	163	0	0	*	2
152	6086	51	162	0	0	*	2
153	6126	51	161	0	0	*	2
154	6166	50	160	0	0	*	2
155	6206	49	160	0	0	*	2
156	6246	49	159	0	0	*	2
157	6286	47	159	0	0	*	2
158	6326	46	159	0	0	*	2
159	6366	45	158	0	0	*	2
160	6406	45	158	0	0	*	2
161	6446	43	158	0	0	*	2
162	6486	43	158	0	0	*	2
163	6526	42	158	0	0	*	2
164	6566	41	158	0	0	*	2
165	6606	40	157	0	0	*	2
166	6646	40	157	0	0	*	2
167	6686	39	157	0	0	*	2
168	6726	39	158	0	0	*	2
169	6766	37	159	0	0	*	2
170	6806	37	159	0	0	*	2
171	6846	36	160	0	0	*	2
172	6886	36	160	0	0	*	2
173	6926	36	160	0	0	*	2
174	6966	36	160	0	0	*	2
175	7006	36	161	0	0	*	2
176	7046	35	162	0	0	*	2
177	7086	35	162	0	0	*	2
178	7126	35	163	0	0	*	2
179	7166	35	164	0	0	*	2
180	7206	35	165	0	0	*	2
181	7246	35	165	0	0	*	2
182	7286	35	165	0	0	*	2
183	7326	35	166	0	0	*	2
184	7366	35	167	0	0	*	2
185	7406	35	169	0	0	*	2
186	7446	35	170	0	0	*	2
187	7486	35	170	0	0	*	2
188	7526	35	171	0	0	*	2
189	7566	35	172	0	0	*	2
190	7606	36	173	0	0	*	2
191	7646	36	174	0	0	*	2
192	7686	36	175	0	0	*	2
193	7726	36	176	0	0	*	2
194	7766	36	177	0	0	*	2
195	7806	36	178	0	0	*	2
196	7846	36	178	0	0	*	2
197	7886	36	181	0	0	*	2
198	7926	36	181	0	0	*	2
199	7966	36	182	0	0	*	2
200	8006	36	183	0	0	*	2
201	8046	36	185	0	0	*	2
202	8086	37	185	0	0	*	2
203	8126	37	186	0	0	*	2
204	8166	37	187	0	0	*	2
205	8206	37	188	0	0	*	2
206	8246	38	189	0	0	*	2
207	8286	40	194	0	0	*	2
208	8326	39	192	0	0	*	2
209	8366	39	193	0	0	*	2
210	8406	40	194	0	0	*	2
211	8446	40	195	0	0	*	2
212	8486	40	196	0	0	*	2
213	8526	41	198	0	0	*	2
214	8566	41	198	0	0	*	2
215	8606	42	200	0	0	*	2
216	8646	42	200	0	0	*	2
217	8686	42	200	0	0	*	2
218	8726	43	201	0	0	*	2
219	8766	43	203	0	0	*	2
220	8806	44	203	0	0	*	2
221	8846	44	203	0	0	*	2
222	8886	44	204	0	0	*	2
223	8926	44	205	0	0	*	2
224	8966	44	206	0	0	*	2
225	9006	45	206	0	0	*	2
226	9046	45	207	0	0	*	2
227	9086	45	207	0	0	*	2
228	9126	45	208	0	0	*	2
229	9166	46	209	0	0	*	2
230	9206	46	209	0	0	*	2
231	9246	46	209	0	0	*	2
232	9286	46	210	0	0	*	2
233	9326	47	211	0	0	*	2
234	9366	47	211	0	0	*	2
235	9406	48	212	0	0	*	2
236	9446	48	212	0	0	*	2
237	9486	48	213	0	0	*	2
238	9526	48	213	0	0	*	2
239	9566	49	213	0	0	*	2
240	9606	49	214	0	0	*	2
241	9646	49	215	0	0	*	2
242	9686	49	216	0	0	*	2
243	9726	49	216	0	0	*	2
244	9766	49	217	0	0	*	2
245	9806	50	217	0	0	*	2
246	9846	50	218	0	0	*	2
247	9886	50	218	0	0	*	2
248	9926	51	219	0	0	*	2
249	9966	51	220	0	0	*	2
250	10006	52	220	0	0	*	2
251	10046	53	220	0	0	*	2
252	10086	53	221	0	0	*	2
253	10126	54	221	0	0	*	2
254	10166	55	222	0	0	*	2
255	10206	55	223	0	0	*	2
256	10246	56	223	0	0	*	2
257	10286	56	223	0	0	*	2
258	10326	57	224	0	0	*	2
259	10366	58	225	0	0	*	2
260	10406	59	226	0	0	*	2
261	10446	60	226	0	0	*	2
262	10486	61	226	0	0	*	2
263	10526	61	226	0	0	*	2
264	10566	61	227	0	0	*	2
265	10606	63	228	0	0	*	2
266	10646	64	228	0	0	*	2
267	10686	64	229	0	0	*	2
268	10726	65	229	0	0	*	2
269	10766	66	229	0	0	*	2
270	10806	67	230	0	0	*	2
271	10846	68	230	0	0	*	2
272	10886	69	231	0	0	*	2
273	10926	70	232	0	0	*	2
274	10966	71	232	0	0	*	2
275	11006	71	232	0	0	*	2
276	11046	72	232	0	0	*	2
277	11086	73	233	0	0	*	2
278	11126	74	233	0	0	*	2
279	11166	75	234	0	0	*	2
280	11206	77	234	0	0	*	2
281	11246	77	235	0	0	*	2
282	11286	78	235	0	0	*	2
283	11326	80	236	0	0	*	2
284	11366	81	236	0	0	*	2
285	11406	82	237	0	0	*	2
286	11446	83	237	0	0	*	2
287	11486	84	237	0	0	*	2
288	11526	85	238	0	0	*	2
289	11566	85	238	0	0	*	2
290	11606	87	239	0	0	*	2
291	11646	88	239	0	0	*	2
292	11686	89	239	0	0	*	2
293	11726	90	239	0	0	*	2
294	11766	91	239	0	0	*	2
295	11806	92	239	0	0	*	2
296	11846	94	239	0	0	*	2
297	11886	95	240	0	0	*	2
298	11926	97	240	0	0	*	2
299	11966	97	240	0	0	*	2
300	12006	98	240	0	0	*	2
301	12046	100	240	0	0	*	2
302	12086	101	240	0	0	*	2
303	12126	102	240	0	0	*	2
304	12166	105	240	0	0	*	2
305	12206	106	240	0	0	*	2
306	12246	106	240	0	0	*	2
307	12286	107	241	0	0	*	2
308	12326	109	241	0	0	*	2
309	12366	111	241	0	0	*	2
310	12406	113	241	0	0	*	2
311	12446	115	241	0	0	*	2
312	12486	116	241	0	0	*	2
313	12526	117	241	0	0	*	2
314	12566	118	242	0	0	*	2
315	12606	121	242	0	0	*	2
316	12646	122	242	0	0	*	2
317	12686	124	242	0	0	*	2
318	12726	125	242	0	0	*	2
319	12766	126	242	0	0	*	2
320	12806	128	243	0	0	*	2
321	12846	131	243	0	0	*	2
322	12886	132	243	0	0	*	2
323	12926	133	243	0	0	*	2
324	12966	134	243	0	0	*	2
325	13006	135	243	0	0	*	2
326	13046	137	244	0	0	*	2
327	13086	139	244	0	0	*	2
328	13126	140	244	0	0	*	2
329	13166	141	244	0	0	*	2
330	13206	142	244	0	0	*	2
331	13246	143	244	0	0	*	2
332	13286	145	244	0	0	*	2
333	13326	146	243	0	0	*	2
334	13366	146	243	0	0	*	2
335	13406	147	243	0	0	*	2
336	13446	148	243	0	0	*	2
337	13486	150	242	0	0	*	2
338	13526	150	242	0	0	*	2
339	13566	151	242	0	0	*	2
340	13606	153	241	0	0	*	2
341	13646	154	241	0	0	*	2
342	13686	155	240	0	0	*	2
343	13726	156	239	0	0	*	2
344	13766	157	239	0	0	*	2
345	13806	158	238	0	0	*	2
346	13846	158	238	0	0	*	2
347	13886	159	237	0	0	*	2
348	13926	160	236	0	0	*	2
349	13966	161	234	0	0	*	2
350	14006	161	234	0	0	*	2
351	14046	161	233	0	0	*	2
352	14086	162	232	0	0	*	2
353	14126	163	231	0	0	*	2
354	14166	163	230	0	0	*	2
355	14206	163	229	0	0	*	2
356	14246	163	227	0	0	*	2
357	14286	164	226	0	0	*	2
358	14326	164	225	0	0	*	2
359	14366	164	224	0	0	*	2
360	14406	164	222	0	0	*	2
361	14446	164	221	0	0	*	2
362	14486	164	220	0	0	*	2
363	14526	164	219	0	0	*	2
364	14566	164	217	0	0	*	2
365	14606	163	216	0	0	*	2
366	14646	163	214	0	0	*	2
367	14686	162	212	0	0	*	2
368	14726	162	211	0	0	*	2
369	14766	162	210	0	0	*	2
370	14806	161	209	0	0	*	2
371	14846	161	207	0	0	*	2
372	14886	161	206	0	0	*	2
373	14926	160	204	0	0	*	2
374	14966	160	203	0	0	*	2
375	15006	159	201	0	0	*	2
376	15046	159	200	0	0	*	2
377	15086	158	198	0	0	*	2
378	15126	158	197	0	0	*	2
379	15166	158	194	0	0	*	2
380	15206	157	193	0	0	*	2
381	15246	157	192	0	0	*	2
382	15286	156	191	0	0	*	2
383	15326	156	189	0	0	*	2
384	15366	155	187	0	0	*	2
385	15406	154	186	0	0	*	2
386	15446	153	184	0	0	*	2
387	15486	153	183	0	0	*	2
388	15526	152	182	0	0	*	2
389	15566	152	180	0	0	*	2
390	15606	151	178	0	0	*	2
391	15646	150	177	0	0	*	2
392	15686	149	175	0	0	*	2
393	15726	148	174	0	0	*	2
394	15766	148	172	0	0	*	2
395	15806	147	171	0	0	*	2
396	15846	146	169	0	0	*	2
397	15886	146	168	0	0	*	2
398	15926	144	167	0	0	*	2
399	15966	143	165	0	0	*	2
400	16006	142	164	0	0	*	2
401	16046	142	163	0	0	*	2
402	16086	141	162	0	0	*	2
403	16126	140	161	0	0	*	2
404	16166	139	160	0	0	*	2
405	16206	137	159	0	0	*	2
406	16246	136	158	0	0	*	2
407	16286	135	157	0	0	*	2
408	16326	134	156	0	0	*	2
409	16366	133	155	0	0	*	2
410	16406	131	154	0	0	*	2
411	16446	131	153	0	0	*	2
412	16486	128	152	0	0	*	2
413	16526	124	150	0	0	*	2
414	16566	122	149	0	0	*	2
415	16606	125	150	0	0	*	2
416	16646	124	149	0	0	*	2
417	16686	122	148	0	0	*	2
418	16726	121	147	0	0	*	2
419	16766	120	147	0	0	*	2
420	16806	117	145	0	0	*	2
421	16846	117	145	0	0	*	2
422	16886	116	144	0	0	*	2
423	16926	114	143	0	0	*	2
424	16966	113	142	0	0	*	2
425	17006	109	140	0	0	*	2
426	17046	107	139	0	0	*	2
427	17086	105	139	0	0	*	2
428	17126	105	138	0	0	*	2
429	17166	106	138	0	0	*	2
430	17206	105	137	0	0	*	2
431	17246	103	136	0	0	*	2
432	17286	101	135	0	0	*	2
433	17326	97	133	0	0	*	2
434	17366	97	132	0	0	*	2
435	17406	98	133	0	0	*	2
436	17446	97	132	0	0	*	2
437	17486	95	131	0	0	*	2
438	17526	94	130	0	0	*	2
439	17566	92	128	0	0	*	2
440	17606	91	128	0	0	*	2
441	17646	90	127	0	0	*	2
442	17686	89	127	0	0	*	2
443	17726	87	125	0	0	*	2
444	17766	86	125	0	0	*	2
445	17806	84	124	0	0	*	2
446	17846	83	123	0	0	*	2
447	17886	82	122	0	0	*	2
448	17926	81	122	0	0	*	2
449	17966	79	121	0	0	*	2
450	18006	78	120	0	0	*	2
451	18046	76	119	0	0	*	2
452	18086	74	119	0	0	*	2
453	18126	73	118	0	0	*	2
454	18166	72	118	0	0	*	2
455	18206	71	117	0	0	*	2
456	18246	69	117	0	0	*	2
457	18286	67	116	0	0	*	2
458	18326	66	116	0	0	*	2
459	18366	64	116	0	0	*	2
460	18406	62	116	0	0	*	2
461	18446	61	115	0	0	*	2
462	18486	60	115	0	0	*	2
463	18526	59	114	0	0	*	2
464	18566	57	114	0	0	*	2
465	18606	55	114	0	0	*	2
466	18646	53	113	0	0	*	2
467	18686	52	113	0	0	*	2
468	18726	51	113	0	0	*	2
469	18766	50	112	0	0	*	2
470	18806	49	112	0	0	*	2
471	18846	47	112	0	0	*	2
472	18886	45	112	0	0	*	2
473	18926	44	111	0	0	*	2
474	18966	43	111	0	0	*	2
475	19006	42	110	0	0	*	2
476	19046	40	110	0	0	*	2
477	19086	38	109	0	0	*	2
478	19126	37	109	0	0	*	2
479	19166	35	108	0	0	*	2
480	19206	34	108	0	0	*	2
481	19246	33	107	0	0	*	2
482	19286	32	107	0	0	*	2
483	19326	31	107	0	0	*	2
484	19366	29	106	0	0	*	2
485	19406	28	106	0	0	*	2
486	19446	26	105	0	0	*	2
487	19486	25	105	0	0	*	2
488	19526	25	105	0	0	*	2
489	19566	24	105	0	0	*	2
490	19606	23	105	0	0	*	2
491	19646	21	105	0	0	*	2
492	19686	21	106	0	0	*	2
493	19726	21	105	0	0	*	2
494	19766	20	106	0	0	*	2
495	19806	20	106	0	0	*	2
496	19846	20	106	0	0	*	2
497	19886	20	107	0	0	*	2
498	19926	20	107	0	0	*	2
499	19966	20	107	0	0	*	2
500	20006	19	107	0	0	*	2
501	20046	19	108	0	0	*	2
502	20086	20	110	0	0	*	2
503	20126	20	110	0	0	*	2
504	20166	20	110	0	0	*	2
505	20206	20	110	0	0	*	2
506	20246	20	110	0	0	*	2
507	20286	20	111	0	0	*	2
508	20326	21	112	0	0	*	2
509	20366	22	113	0	0	*	2
510	20406	21	113	0	0	*	2
511	20446	22	114	0	0	*	2
512	20486	22	115	0	0	*	2
513	20526	23	115	0	0	*	2
514	20566	24	116	0	0	*	2
515	20606	24	117	0	0	*	2
516	20646	25	118	0	0	*	2
517	20686	25	119	0	0	*	2
518	20726	26	120	0	0	*	2
519	20766	27	121	0	0	*	2
520	20806	28	122	0	0	*	2
521	20846	29	123	0	0	*	2
522	20886	29	124	0	0	*	2
523	20926	30	125	0	0	*	2
524	20966	31	127	0	0	*	2
525	21006	32	128	0	0	*	2
526	21046	33	130	0	0	*	2
527	21086	34	131	0	0	*	2
528	21126	34	132	0	0	*	2
529	21166	35	133	0	0	*	2
530	21206	36	134	0	0	*	2
531	21246	36	136	0	0	*	2
532	21286	38	137	0	0	*	2
533	21326	38	138	0	0	*	2
534	21366	39	139	0	0	*	2
535	21406	40	140	0	0	*	2
536	21446	41	142	0	0	*	2
537	21486	42	143	0	0	*	2
538	21526	43	145	0	0	*	2
539	21566	44	146	0	0	*	2
540	21606	45	147	0	0	*	2
541	21646	45	148	0	0	*	2
542	21686	46	150	0	0	*	2
543	21726	47	151	0	0	*	2
544	21766	48	153	0	0	*	2
545	21806	49	155	0	0	*	2
546	21846	49	156	0	0	*	2
547	21886	50	157	0	0	*	2
548	21926	51	159	0	0	*	2
549	21966	51	160	0	0	*	2
550	22006	52	162	0	0	*	2
551	22046	54	164	0	0	*	2
552	22086	55	165	0	0	*	2
553	22126	55	167	0	0	*	2
554	22166	56	168	0	0	*	2
555	22206	57	169	0	0	*	2
556	22246	58	171	0	0	*	2
557	22286	59	173	0	0	*	2
558	22326	60	175	0	0	*	2
559	22366	60	176	0	0	*	2
560	22406	60	177	0	0	*	2
561	22446	61	179	0	0	*	2
562	22486	61	181	0	0	*	2
563	22526	62	183	0	0	*	2
564	22566	62	185	0	0	*	2
565	22606	63	187	0	0	*	2
566	22646	64	191	0	0	*	2
567	22686	63	188	0	0	*	2
568	22726	63	190	0	0	*	2
569	22766	64	192	0	0	*	2
570	22806	64	194	0	0	*	2
571	22846	64	196	0	0	*	2
572	22886	65	197	0	0	*	2
573	22926	65	199	0	0	*	2
574	22966	65	200	0	0	*	2
575	23006	65	201	0	0	*	2
576	23046	65	202	0	0	*	2
577	23086	66	204	0	0	*	2
578	23126	66	206	0	0	*	2
579	23166	66	208	0	0	*	2
580	23206	67	209	0	0	*	2
581	23246	68	212	0	0	*	2
582	23286	67	210	0	0	*	2
583	23326	68	212	0	0	*	2
584	23366	69	214	0	0	*	2
585	23406	69	215	0	0	*	2
586	23446	69	216	0	0	*	2
587	23486	69	217	0	0	*	2
588	23526	70	218	0	0	*	2
589	23566	70	218	0	0	*	2
590	23606	70	219	0	0	*	2
591	23646	72	221	0	0	*	2
592	23686	72	222	0	0	*	2
593	23726	73	222	0	0	*	2
594	23766	73	223	0	0	*	2
595	23806	73	223	0	0	*	2
596	23846	74	224	0	0	*	2
597	23886	75	225	0	0	*	2
598	23926	76	226	0	0	*	2
599	23966	77	226	0	0	*	2
600	24006	77	227	0	0	*	2
601	24046	78	227	0	0	*	2
602	24086	79	228	0	0	*	2
603	24126	80	228	0	0	*	2
604	24166	81	229	0	0	*	2
605	24206	82	229	0	0	*	2
606	24246	83	229	0	0	*	2
607	24286	83	230	0	0	*	2
608	24326	85	230	0	0	*	2
609	24366	86	231	0	0	*	2
610	24406	87	231	0	0	*	2
611	24446	88	231	0	0	*	2
612	24486	89	232	0	0	*	2
613	24526	90	232	0	0	*	2
614	24566	92	232	0	0	*	2
615	24606	93	232	0	0	*	2
616	24646	95	232	0	0	*	2
617	24686	97	232	0	0	*	2
618	24726	97	232	0	0	*	2
619	24766	98	232	0	0	*	2
620	24806	99	232	0	0	*	2
621	24846	102	233	0	0	*	2
622	24886	104	233	0	0	*	2
623	24926	105	233	0	0	*	2
624	24966	106	233	0	0	*	2
625	25006	107	233	0	0	*	2
626	25046	108	233	0	0	*	2
627	25086	110	233	0	0	*	2
628	25126	111	233	0	0	*	2
629	25166	113	233	0	0	*	2
630	25206	115	233	0	0	*	2
631	25246	116	233	0	0	*	2
632	25286	118	233	0	0	*	2
633	25326	119	233	0	0	*	2
634	25366	121	233	0	0	*	2
635	25406	122	233	0	0	*	2
636	25446	123	232	0	0	*	2
637	25486	125	232	0	0	*	2
638	25526	126	232	0	0	*	2
639	25566	127	232	0	0	*	2
640	25606	129	232	0	0	*	2
641	25646	131	232	0	0	*	2
642	25686	133	231	0	0	*	2
643	25726	134	231	0	0	*	2
644	25766	135	230	0	0	*	2
645	25806	136	230	0	0	*	2
646	25846	137	230	0	0	*	2
647	25886	139	229	0	0	*	2
648	25926	141	229	0	0	*	2
649	25966	143	228	0	0	*	2
650	26006	145	227	0	0	*	2
651	26046	146	227	0	0	*	2
652	26086	147	226	0	0	*	2
653	26126	148	226	0	0	*	2
654	26166	150	225	0	0	*	2
655	26206	151	224	0	0	*	2
656	26246	153	224	0	0	*	2
657	26286	154	223	0	0	*	2
658	26326	156	222	0	0	*	2
659	26366	157	221	0	0	*	2
660	26406	158	221	0	0	*	2
661	26446	159	220	0	0	*	2
662	26486	161	219	0	0	*	2
663	26526	162	218	0	0	*	2
664	26566	164	217	0	0	*	2
665	26606	165	216	0	0	*	2
666	26646	166	215	0	0	*	2
667	26686	167	215	0	0	*	2
668	26726	169	214	0	0	*	2
669	26766	170	213	0	0	*	2
670	26806	171	211	0	0	*	2
671	26846	173	211	0	0	*	2
672	26886	174	210	0	0	*	2
673	26926	175	209	0	0	*	2
674	26966	176	209	0	0	*	2
675	27006	178	208	0	0	*	2
676	27046	179	207	0	0	*	2
677	27086	181	206	0	0	*	2
678	27126	181	205	0	0	*	2
679	27166	182	204	0	0	*	2
680	27206	184	203	0	0	*	2
681	27246	185	203	0	0	*	2
682	27286	187	202	0	0	*	2
683	27326	188	201	0	0	*	2
684	27366	189	200	0	0	*	2
685	27406	190	199	0	0	*	2
686	27446	191	198	0	0	*	2
687	27486	193	197	0	0	*	2
688	27526	194	196	0	0	*	2
689	27566	195	195	0	0	*	2
690	27606	197	194	0	0	*	2
691	27646	197	194	0	0	*	2
692	27686	199	193	0	0	*	2
693	27726	200	193	0	0	*	2
694	27766	202	191	0	0	*	2
695	27806	204	190	0	0	*	2
696	27846	205	189	0	0	*	2
697	27886	205	189	0	0	*	2
698	27926	206	188	0	0	*	2
699	27966	210	185	0	0	*	2
700	28006	208	186	0	0	*	2
701	28046	209	186	0	0	*	2
702	28086	210	185	0	0	*	2
703	28126	211	184	0	0	*	2
704	28166	210	184	0	0	*	2
705	28206	212	182	0	0	*	2
706	28246	212	181	0	0	*	2
707	28286	212	181	0	0	*	2
708	28326	213	180	0	0	*	2
709	28366	213	179	0	0	*	2
710	28406	213	178	0	0	*	2
711	28446	213	177	0	0	*	2
712	28486	213	175	0	0	*	2
713	28526	213	175	0	0	*	2
714	28566	213	174	0	0	*	2
715	28606	213	173	0	0	*	2
716	28646	213	172	0	0	*	2
717	28686	213	171	0	0	*	2
718	28726	212	170	0	0	*	2
719	28766	212	169	0	0	*	2
720	28806	212	168	0	0	*	2
721	28846	210	166	0	0	*	2
722	28886	210	165	0	0	*	2
723	28926	210	164	0	0	*	2
724	28966	210	164	0	0	*	2
725	29006	209	164	0	0	*	2
726	29046	208	162	0	0	*	2
727	29086	206	161	0	0	*	2
728	29126	206	160	0	0	*	2
729	29166	206	159	0	0	*	2
730	29206	205	159	0	0	*	2
731	29246	205	158	0	0	*	2
732	29286	204	157	0	0	*	2
733	29326	202	156	0	0	*	2
734	29366	200	154	0	0	*	2
735	29406	200	154	0	0	*	2
736	29446	199	152	0	0	*	2
737	29486	199	152	0	0	*	2
738	29526	198	152	0	0	*	2
739	29566	197	151	0	0	*	2
740	29606	195	150	0	0	*	2
741	29646	193	149	0	0	*	2
742	29686	192	148	0	0	*	2
743	29726	191	147	0	0	*	2
744	29766	191	147	0	0	*	2
745	29806	190	146	0	0	*	2
746	29846	188	146	0	0	*	2
747	29886	186	145	0	0	*	2
748	29926	185	144	0	0	*	2
749	29966	184	144	0	0	*	2
750	30006	183	143	0	0	*	2
751	30046	182	143	0	0	*	2
752	30086	181	142	0	0	*	2
753	30126	179	142	0	0	*	2
754	30166	177	141	0	0	*	2
755	30206	176	141	0	0	*	2
756	30246	175	140	0	0	*	2
757	30286	174	140	0	0	*	2
758	30326	173	140	0	0	*	2
759	30366	171	139	0	0	*	2
760	30406	170	139	0	0	*	2
761	30446	168	139	0	0	*	2
762	30486	167	138	0	0	*	2
763	30526	166	138	0	0	*	2
764	30566	165	137	0	0	*	2
765	30606	163	137	0	0	*	2
766	30646	162	137	0	0	*	2
767	30686	160	136	0	0	*	2
768	30726	158	136	0	0	*	2
769	30766	158	135	0	0	*	2
770	30806	157	135	0	0	*	2
771	30846	157	135	0	0	*	2
772	30886	155	135	0	0	*	2
773	30926	153	135	0	0	*	2
774	30966	151	135	0	0	*	2
775	31006	150	135	0	0	*	2
776	31046	148	134	0	0	*	2
777	31086	147	134	0	0	*	2
778	31126	146	134	0	0	*	2
779	31166	145	134	0	0	*	2
780	31206	143	134	0	0	*	2
781	31246	141	134	0	0	*	2
782	31286	140	133	0	0	*	2
783	31326	139	133	0	0	*	2
784	31366	137	133	0	0	*	2
785	31406	136	133	0	0	*	2
786	31446	134	133	0	0	*	2
787	31486	133	132	0	0	*	2
788	31526	130	132	0	0	*	2
789	31566	129	132	0	0	*	2
790	31606	128	132	0	0	*	2
791	31646	127	131	0	0	*	2
792	31686	125	131	0	0	*	2
793	31726	123	131	0	0	*	2
794	31766	122	130	0	0	*	2
795	31806	121	130	0	0	*	2
796	31846	120	130	0	0	*	2
797	31886	119	129	0	0	*	2
798	31926	117	129	0	0	*	2
799	31966	114	129	0	0	*	2
800	32006	112	128	0	0	*	2
801	32046	109	128	0	0	*	2
802	32086	111	128	0	0	*	2
803	32126	110	127	0	0	*	2
804	32166	109	126	0	0	*	2
805	32206	107	126	0	0	*	2
806	32246	105	125	0	0	*	2
807	32286	103	124	0	0	*	2
808	32326	102	124	0	0	*	2
809	32366	101	123	0	0	*	2
810	32406	101	123	0	0	*	2
811	32446	97	121	0	0	*	2
812	32486	97	121	0	0	*	2
813	32526	95	120	0	0	*	2
814	32566	95	119	0	0	*	2
815	32606	94	119	0	0	*	2
816	32646	94	118	0	0	*	2
817	32686	93	117	0	0	*	2
818	32726	88	114	0	0	*	2
819	32766	90	115	0	0	*	2
820	32806	86	111	0	0	*	2
821	32846	87	112	0	0	*	2
822	32886	87	111	0	0	*	2
823	32926	86	111	0	0	*	2
824	32966	85	109	0	0	*	2
825	33006	82	105	0	0	*	2
826	33046	83	106	0	0	*	2
827	33086	80	102	0	0	*	2
828	33126	82	104	0	0	*	2
829	33166	81	103	0	0	*	2
830	33206	80	102	0	0	*	2
831	33246	79	100	0	0	*	2
832	33286	78	99	0	0	*	2
833	33326	78	97	0	0	*	2
834	33366	77	95	0	0	*	2
835	33406	76	94	0	0	*	2
836	33446	76	93	0	0	*	2
837	33486	75	92	0	0	*	2
838	33526	74	91	0	0	*	2
839	33566	74	90	0	0	*	2
840	33606	73	88	0	0	*	2
841	33646	73	87	0	0	*	2
842	33686	72	85	0	0	*	2
843	33726	71	84	0	0	*	2
844	33766	70	82	0	0	*	2
845	33806	69	81	0	0	*	2
846	33846	69	80	0	0	*	2
847	33886	68	79	0	0	*	2
848	33926	67	77	0	0	*	2
849	33966	66	76	0	0	*	2
850	34006	65	74	0	0	*	2
851	34046	64	73	0	0	*	2
852	34086	64	72	0	0	*	2
853	34126	64	71	0	0	*	2
854	34166	63	70	0	0	*	2
855	34206	62	69	0	0	*	2
856	34246	60	67	0	0	*	2
857	34286	59	67	0	0	*	2
858	34326	58	65	0	0	*	2
859	34366	57	64	0	0	*	2
860	34406	56	64	0	0	*	2
861	34446	56	63	0	0	*	2
862	34486	54	62	0	0	*	2
863	34526	53	61	0	0	*	2
864	34566	52	60	0	0	*	2
865	34606	49	58	0	0	*	2
866	34646	49	58	0	0	*	2
867	34686	48	57	0	0	*	2
868	34726	47	57	0	0	*	2
869	34766	46	56	0	0	*	2
870	34806	44	55	0	0	*	2
871	34846	43	55	0	0	*	2
872	34886	42	54	0	0	*	2
873	34926	41	54	0	0	*	2
874	34966	40	54	0	0	*	2
875	35006	36	54	0	0	*	2
876	35046	35	54	0	0	*	2
877	35086	35	54	0	0	*	2
878	35126	34	55	0	0	*	2
879	35166	34	55	0	0	*	2
880	35206	33	56	0	0	*	2
881	35246	32	56	0	0	*	2
882	35286	31	57	0	0	*	2
883	35326	31	57	0	0	*	2
884	35366	30	57	0	0	*	2
885	35406	30	58	0	0	*	2
886	35446	30	58	0	0	*	2
887	35486	29	59	0	0	*	2
888	35526	29	60	0	0	*	2
889	35566	28	60	0	0	*	2
890	35606	27	61	0	0	*	2
891	35646	27	62	0	0	*	2
892	35686	26	63	0	0	*	2
893	35726	26	64	0	0	*	2
894	35766	26	65	0	0	*	2
895	35806	25	66	0	0	*	2
896	35846	25	68	0	0	*	2
897	35886	24	69	0	0	*	2
898	35926	24	69	0	0	*	2
899	35966	24	70	0	0	*	2
900	36006	25	71	0	0	*	2
901	36046	24	73	0	0	*	2
902	36086	24	75	0	0	*	2
903	36126	24	77	0	0	*	2
904	36166	24	78	0	0	*	2
905	36206	25	80	0	0	*	2
906	36246	25	83	0	0	*	2
907	36286	26	85	0	0	*	2
908	36326	25	87	0	0	*	2
909	36366	26	89	0	0	*	2
910	36406	26	90	0	0	*	2
911	36446	26	92	0	0	*	2
912	36486	26	94	0	0	*	2
913	36526	26	95	0	0	*	2
914	36566	26	97	0	0	*	2
915	36606	26	98	0	0	*	2
916	36646	26	100	0	0	*	2
917	36686	26	101	0	0	*	2
918	36726	26	103	0	0	*	2
919	36766	26	105	0	0	*	2
920	36806	26	106	0	0	*	2
921	36846	26	108	0	0	*	2
922	36886	26	110	0	0	*	2
923	36926	26	111	0	0	*	2
924	36966	26	113	0	0	*	2
925	37006	26	115	0	0	*	2
926	37046	26	116	0	0	*	2
927	37086	26	118	0	0	*	2
928	37126	26	119	0	0	*	2
929	37166	26	121	0	0	*	2
930	37206	25	122	0	0	*	2
931	37246	25	124	0	0	*	2
932	37286	26	126	0	0	*	2
933	37326	26	127	0	0	*	2
934	37366	25	129	0	0	*	2
935	37406	25	131	0	0	*	2
936	37446	25	133	0	0	*	2
937	37486	25	135	0	0	*	2
938	37526	25	136	0	0	*	2
939	37566	25	137	0	0	*	2
940	37606	25	139	0	0	*	2
941	37646	25	140	0	0	*	2
942	37686	25	142	0	0	*	2
943	37726	25	144	0	0	*	2
944	37766	24	145	0	0	*	2
945	37806	24	147	0	0	*	2
946	37846	24	149	0	0	*	2
947	37886	24	151	0	0	*	2
948	37926	24	152	0	0	*	2
949	37966	24	154	0	0	*	2
950	38006	24	156	0	0	*	2
951	38046	24	157	0	0	*	2
952	38086	24	159	0	0	*	2
953	38126	24	161	0	0	*	2
954	38166	24	162	0	0	*	2
955	38206	24	163	0	0	*	2
956	38246	25	164	0	0	*	2
957	38286	25	166	0	0	*	2
958	38326	25	168	0	0	*	2
959	38366	26	169	0	0	*	2
960	38406	26	171	0	0	*	2
961	38446	26	172	0	0	*	2
962	38486	27	173	0	0	*	2
963	38526	27	174	0	0	*	2
964	38566	28	176	0	0	*	2
965	38606	28	177	0	0	*	2
966	38646	29	178	0	0	*	2
967	38686	29	179	0	0	*	2
968	38726	30	181	0	0	*	2
969	38766	30	182	0	0	*	2
970	38806	31	183	0	0	*	2
971	38846	33	185	0	0	*	2
972	38886	33	186	0	0	*	2
973	38926	34	187	0	0	*	2
974	38966	35	188	0	0	*	2
975	39006	35	189	0	0	*	2
976	39046	36	191	0	0	*	2
977	39086	37	192	0	0	*	2
978	39126	38	193	0	0	*	2
979	39166	39	194	0	0	*	2
980	39206	39	195	0	0	*	2
981	39246	40	197	0	0	*	2
982	39286	41	198	0	0	*	2
983	39326	42	199	0	0	*	2
984	39366	44	201	0	0	*	2
985	39406	45	202	0	0	*	2
986	39446	46	203	0	0	*	2
987	39486	46	203	0	0	*	2
988	39526	47	204	0	0	*	2
989	39566	49	205	0	0	*	2
990	39606	50	207	0	0	*	2
991	39646	51	209	0	0	*	2
992	39686	52	209	0	0	*	2
993	39726	53	210	0	0	*	2
994	39766	54	211	0	0	*	2
995	39806	55	212	0	0	*	2
996	39846	57	213	0	0	*	2
997	39886	58	215	0	0	*	2
998	39926	60	216	0	0	*	2
999	39966	61	217	0	0	*	2
1000	40006	61	217	0	0	*	2
1001	40046	62	218	0	0	*	2
1002	40086	63	219	0	0	*	2
1003	40126	64	221	0	0	*	2
1004	40166	66	222	0	0	*	2
1005	40206	67	223	0	0	*	2
1006	40246	69	224	0	0	*	2
1007	40286	70	225	0	0	*	2
1008	40326	70	225	0	0	*	2
1009	40366	71	226	0	0	*	2
1010	40406	72	227	0	0	*	2
1011	40446	73	228	0	0	*	2
1012	40486	74	229	0	0	*	2
1013	40526	76	230	0	0	*	2
1014	40566	77	231	0	0	*	2
1015	40606	77	232	0	0	*	2
1016	40646	79	232	0	0	*	2
1017	40686	80	233	0	0	*	2
1018	40726	81	234	0	0	*	2
1019	40766	83	235	0	0	*	2
1020	40806	84	235	0	0	*	2
1021	40846	84	236	0	0	*	2
1022	40886	85	237	0	0	*	2
1023	40926	86	237	0	0	*	2
1024	40966	87	238	0	0	*	2
1025	41006	89	239	0	0	*	2
1026	41046	90	239	0	0	*	2
1027	41086	91	240	0	0	*	2
1028	41126	92	240	0	0	*	2
1029	41166	93	241	0	0	*	2
1030	41206	94	241	0	0	*	2
1031	41246	96	242	0	0	*	2
1032	41286	97	242	0	0	*	2
1033	41326	98	242	0	0	*	2
1034	41366	99	243	0	0	*	2
1035	41406	100	243	0	0	*	2
1036	41446	101	243	0	0	*	2
1037	41486	103	244	0	0	*	2
1038	41526	105	244	0	0	*	2
1039	41566	106	244	0	0	*	2
1040	41606	107	244	0	0	*	2
1041	41646	108	245	0	0	*	2
1042	41686	109	245	0	0	*	2
1043	41726	111	245	0	0	*	2
1044	41766	112	245	0	0	*	2
1045	41806	113	245	0	0	*	2
1046	41846	115	245	0	0	*	2
1047	41886	117	245	0	0	*	2
1048	41927	118	245	0	0	*	2
1049	41966	120	245	0	0	*	2
1050	42006	121	245	0	0	*	2
1051	42046	124	245	0	0	*	2
1052	42086	125	245	0	0	*	2
1053	42126	126	244	0	0	*	2
1054	42167	127	244	0	0	*	2
1055	42206	129	244	0	0	*	2
1056	42246	131	244	0	0	*	2
1057	42286	133	244	0	0	*	2
1058	42326	134	244	0	0	*	2
1059	42366	135	244	0	0	*	2
1060	42407	137	243	0	0	*	2
1061	42446	139	243	0	0	*	2
1062	42486	140	243	0	0	*	2
1063	42526	142	243	0	0	*	2
1064	42566	143	243	0	0	*	2
1065	42606	144	243	0	0	*	2
1066	42646	146	243	0	0	*	2
1067	42687	147	242	0	0	*	2
1068	42726	148	242	0	0	*	2
1069	42766	150	242	0	0	*	2
1070	42807	151	242	0	0	*	2
1071	42846	153	242	0	0	*	2
1072	42886	154	242	0	0	*	2
1073	42927	156	242	0	0	*	2
1074	42966	158	242	0	0	*	2
1075	43007	158	241	0	0	*	2
1076	43047	159	241	0	0	*	2
1077	43087	161	241	0	0	*	2
1078	43127	162	241	0	0	*	2
1079	43167	163	241	0	0	*	2
1080	43207	164	241	0	0	*	2
1081	43247	166	240	0	0	*	2
1082	43287	167	240	0	0	*	2
1083	43327	168	239	0	0	*	2
1084	43367	169	239	0	0	*	2
1085	43407	170	239	0	0	*	2
1086	43447	171	238	0	0	*	2
1087	43487	172	237	0	0	*	2
1088	43527	173	237	0	0	*	2
1089	43567	175	236	0	0	*	2
1090	43607	176	236	0	0	*	2
1091	43647	177	235	0	0	*	2
1092	43687	178	234	0	0	*	2
1093	43727	179	234	0	0	*	2
1094	43767	180	233	0	0	*	2
1095	43807	180	232	0	0	*	2
1096	43847	181	232	0	0	*	2
1097	43887	182	231	0	0	*	2
1098	43927	183	230	0	0	*	2
1099	43967	184	229	0	0	*	2
1100	44007	184	228	0	0	*	2
1101	44047	185	227	0	0	*	2
1102	44087	186	226	0	0	*	2
1103	44127	187	224	0	0	*	2
1104	44167	187	223	0	0	*	2
1105	44207	188	221	0	0	*	2
1106	44247	189	220	0	0	*	2
1107	44287	190	219	0	0	*	2
1108	44327	190	218	0	0	*	2
1109	44367	191	217	0	0	*	2
1110	44407	192	215	0	0	*	2
1111	44447	193	213	0	0	*	2
1112	44487	193	212	0	0	*	2
1113	44527	194	211	0	0	*	2
1114	44567	194	210	0	0	*	2
1115	44607	195	209	0	0	*	2
1116	44647	196	207	0	0	*	2
1117	44687	197	205	0	0	*	2
1118	44727	197	204	0	0	*	2
1119	44767	197	204	0	0	*	2
1120	44807	198	202	0	0	*	2
1121	44847	199	200	0	0	*	2
1122	44887	200	199	0	0	*	2
1123	44927	200	197	0	0	*	2
1124	44967	201	195	0	0	*	2
1125	45007	201	195	0	0	*	2
1126	45047	202	194	0	0	*	2
1127	45087	203	191	0	0	*	2
1128	45127	204	191	0	0	*	2
1129	45167	204	189	0	0	*	2
1130	45207	205	187	0	0	*	2
1131	45247	205	186	0	0	*	2
1132	45287	205	186	0	0	*	2
1133	45327	206	184	0	0	*	2
1134	45367	207	182	0	0	*	2
1135	45407	207	181	0	0	*	2
1136	45447	208	180	0	0	*	2
1137	45487	208	178	0	0	*	2
1138	45527	209	177	0	0	*	2
1139	45567	210	176	0	0	*	2
1140	45607	211	173	0	0	*	2
1141	45647	212	171	0	0	*	2
1142	45687	212	170	0	0	*	2
1143	45727	213	170	0	0	*	2
1144	45767	213	168	0	0	*	2
1145	45807	214	167	0	0	*	2
1146	45847	215	164	0	0	*	2
1147	45887	216	163	0	0	*	2
1148	45927	217	162	0	0	*	2
1149	45967	216	162	0	0	*	2
1150	46007	217	160	0	0	*	2
1151	46047	218	160	0	0	*	2
1152	46087	219	158	0	0	*	2
1153	46127	219	156	0	0	*	2
1154	46167	220	154	0	0	*	2
1155	46207	221	152	0	0	*	2
1156	46247	221	152	0	0	*	2
1157	46287	222	151	0	0	*	2
1158	46327	222	150	0	0	*	2
1159	46367	223	148	0	0	*	2
1160	46407	224	146	0	0	*	2
1161	46447	225	144	0	0	*	2
1162	46487	226	142	0	0	*	2
1163	46527	227	139	0	0	*	2
1164	46567	226	141	0	0	*	2
1165	46607	226	139	0	0	*	2
1166	46647	227	138	0	0	*	2
1167	46687	227	137	0	0	*	2
1168	46727	227	136	0	0	*	2
1169	46767	228	135	0	0	*	2
1170	46807	228	135	0	0	*	2
1171	46847	229	135	0	0	*	2
1172	46887	229	134	0	0	*	2
1173	46927	229	134	0	0	*	2
1174	46967	228	133	0	0	*	2
1175	47007	228	133	0	0	*	2
1176	47047	228	133	0	0	*	2
1177	47087	228	133	0	0	*	2
1178	47127	227	133	0	0	*	2
1179	47167	226	133	0	0	*	2
1180	47207	226	133	0	0	*	2
1181	47247	225	132	0	0	*	2
1182	47287	224	132	0	1	*	2
1183	47327	224	132	0	1	*	2
1184	47367	223	132	0	1	*	2
1185	47407	222	132	0	1	*	2
1186	47447	221	132	0	1	*	2
1187	47487	220	132	0	1	*	2
1188	47527	219	132	0	1	*	2
1189	47567	216	133	0	1	*	2
1190	47607	214	134	0	1	*	2
1191	47647	212	135	0	1	*	2
1192	47687	210	136	0	0	*	2
1193	47727	208	137	0	0	*	2
1194	47767	206	138	0	0	*	2
1195	47807	203	138	0	0	*	2
1196	47847	200	138	0	0	*	2
1197	47887	194	139	0	0	*	2
1198	47927	193	139	0	0	*	2
1199	47967	193	139	0	0	*	2
1200	48007	192	139	0	0	*	2
1201	48047	190	139	0	0	*	2
1202	48087	188	139	0	0	*	2
1203	48127	186	139	0	0	*	2
1204	48167	184	139	0	0	*	2
1205	48207	183	139	0	0	*	2
1206	48247	181	139	0	0	*	2
1207	48287	180	139	0	0	*	2
1208	48327	179	138	0	0	*	2
1209	48367	178	138	0	0	*	2
1210	48407	176	138	0	0	*	2
1211	48447	175	138	0	0	*	2
1212	48487	174	137	0	0	*	2
1213	48527	172	137	0	0	*	2
1214	48567	171	136	0	0	*	2
1215	48607	170	136	0	0	*	2
1216	48647	169	136	0	0	*	2
1217	48687	167	135	0	0	*	2
1218	48727	166	135	0	0	*	2
1219	48767	165	134	0	0	*	2
1220	48807	164	134	0	0	*	2
1221	48847	163	133	0	0	*	2
1222	48887	161	133	0	0	*	2
1223	48927	160	132	0	0	*	2
1224	48967	158	132	0	0	*	2
1225	49007	158	131	0	0	*	2
1226	49047	156	130	0	0	*	2
1227	49087	155	130	0	0	*	2
1228	49127	153	129	0	0	*	2
1229	49167	153	129	0	0	*	2
1230	49207	151	128	0	0	*	2
1231	49247	149	127	0	0	*	2
1232	49287	147	127	0	0	*	2
1233	49327	146	126	0	0	*	2
1234	49367	141	124	0	0	*	2
1235	49407	144	125	0	0	*	2
1236	49447	143	124	0	0	*	2
1237	49487	141	123	0	0	*	2
1238	49527	139	123	0	0	*	2
1239	49567	138	122	0	0	*	2
1240	49607	137	122	0	0	*	2
1241	49647	134	120	0	0	*	2
1242	49687	134	120	0	0	*	2
1243	49727	133	119	0	0	*	2
1244	49767	131	119	0	0	*	2
1245	49807	129	118	0	0	*	2
1246	49847	128	117	0	0	*	2
1247	49887	126	116	0	0	*	2
1248	49927	125	116	0	0	*	2
1249	49967	123	115	0	0	*	2
1250	50007	120	114	0	0	*	2
1251	50047	121	114	0	0	*	2
1252	50087	119	113	0	0	*	2
1253	50127	118	112	0	0	*	2
1254	50167	118	112	0	0	*	2
1255	50207	116	110	0	0	*	2
1256	50247	115	109	0	0	*	2
1257	50287	113	108	0	0	*	2
1258	50327	109	106	0	0	*	2
1259	50367	111	106	0	0	*	2
1260	50407	110	105	0	0	*	2
1261	50447	109	105	0	0	*	2
1262	50487	109	104	0	0	*	2
1263	50527	108	103	0	0	*	2
1264	50567	105	99	0	0	*	2
1265	50607	105	99	0	0	*	2
1266	50647	104	98	0	0	*	2
1267	50687	104	97	0	0	*	2
1268	50727	104	96	0	0	*	2
1269	50767	103	95	0	0	*	2
1270	50807	103	94	0	0	*	2
1271	50847	100	89	0	0	*	2
1272	50887	100	88	0	0	*	2
1273	50927	101	90	0	0	*	2
1274	50967	101	89	0	0	*	2
1275	51007	100	88	0	0	*	2
1276	51047	100	87	0	0	*	2
1277	51087	100	85	0	0	*	2
1278	51127	100	84	0	0	*	2
1279	51167	99	82	0	0	*	2
1280	51207	99	80	0	0	*	2
1281	51247	99	79	0	0	*	2
1282	51287	99	78	0	0	*	2
1283	51327	99	77	0	0	*	2
1284	51367	99	76	0	0	*	2
1285	51407	99	74	0	0	*	2
1286	51447	99	72	0	0	*	2
1287	51487	99	70	0	0	*	2
1288	51527	99	70	0	0	*	2
1289	51567	99	69	0	0	*	2
1290	51607	99	68	0	0	*	2
1291	51647	99	67	0	0	*	2
1292	51687	98	66	0	0	*	2
1293	51727	98	64	0	0	*	2
1294	51767	98	62	0	0	*	2
1295	51807	98	61	0	0	*	2
1296	51847	98	61	0	0	*	2
1297	51887	98	60	0	0	*	2
1298	51927	98	59	0	0	*	2
1299	51967	98	57	0	0	*	2
1300	52007	97	56	0	0	*	2
1301	52047	97	55	0	0	*	2
1302	52087	97	53	0	0	*	2
1303	52127	95	49	0	0	*	2
1304	52167	97	53	0	0	*	2
1305	52207	96	51	0	0	*	2
1306	52247	96	50	0	0	*	2
1307	52287	95	48	0	0	*	2
1308	52327	92	45	0	0	*	2
1309	52367	92	45	0	0	*	2
1310	52407	94	47	0	0	*	2
1311	52447	93	46	0	0	*	2
1312	52487	93	46	0	0	*	2
1313	52527	91	44	0	0	*	2
1314	52567	90	43	0	0	*	2
1315	52607	89	42	0	0	*	2
1316	52647	88	42	0	0	*	2
1317	52687	87	42	0	0	*	2
1318	52727	88	42	0	0	*	2
1319	52767	87	42	0	0	*	2
1320	52807	85	41	0	0	*	2
1321	52847	83	40	0	0	*	2
1322	52887	83	40	0	0	*	2
1323	52927	82	40	0	0	*	2
1324	52967	81	40	0	0	*	2
1325	53007	77	40	0	0	*	2
1326	53047	80	40	0	0	*	2
1327	53087	79	40	0	0	*	2
1328	53127	77	39	0	0	*	2
1329	53167	77	40	0	0	*	2
1330	53207	73	41	0	0	*	2
1331	53247	72	41	0	0	*	2
1332	53287	74	40	0	0	*	2
1333	53327	73	40	0	0	*	2
1334	53367	72	41	0	0	*	2
1335	53407	72	41	0	0	*	2
1336	53447	70	41	0	0	*	2
1337	53487	68	42	0	0	*	2
1338	53527	68	42	0	0	*	2
1339	53567	67	42	0	0	*	2
1340	53607	66	42	0	0	*	2
1341	53647	64	43	0	0	*	2
1342	53687	63	44	0	0	*	2
1343	53727	62	44	0	0	*	2
1344	53767	59	46	0	0	*	2
1345	53807	61	45	0	0	*	2
1346	53847	60	45	0	0	*	2
1347	53887	59	46	0	0	*	2
1348	53927	58	46	0	0	*	2
1349	53967	57	47	0	0	*	2
1350	54007	55	48	0	0	*	2
1351	54047	51	51	0	0	*	2
1352	54087	50	52	0	0	*	2
1353	54127	51	50	0	0	*	2
1354	54167	51	50	0	0	*	2
1355	54207	51	51	0	0	*	2
1356	54247	50	52	0	0	*	2
1357	54287	49	52	0	0	*	2
1358	54327	48	53	0	0	*	2
1359	54367	46	55	0	0	*	2
1360	54407	45	55	0	0	*	2
1361	54447	44	57	0	0	*	2
1362	54487	43	57	0	0	*	2
1363	54527	43	58	0	0	*	2
1364	54567	42	59	0	0	*	2
1365	54607	40	60	0	0	*	2
1366	54647	39	62	0	0	*	2
1367	54687	38	63	0	0	*	2
1368	54727	37	63	0	0	*	2
1369	54767	37	64	0	0	*	2
1370	54807	36	65	0	0	*	2
1371	54847	35	66	0	0	*	2
1372	54887	34	68	0	0	*	2
1373	54927	33	69	0	0	*	2
1374	54967	32	70	0	0	*	2
1375	55007	31	71	0	0	*	2
1376	55047	30	72	0	0	*	2
1377	55087	30	73	0	0	*	2
1378	55127	29	74	0	0	*	2
1379	55167	27	76	0	0	*	2
1380	55207	27	77	0	0	*	2
1381	55247	26	78	0	0	*	2
1382	55287	26	79	0	0	*	2
1383	55327	25	80	0	0	*	2
1384	55367	25	81	0	0	*	2
1385	55407	24	83	0	0	*	2
1386	55447	24	85	0	0	*	2
1387	55487	24	85	0	0	*	2
1388	55527	24	87	0	0	*	2
1389	55567	24	88	0	0	*	2
1390	55607	23	89	0	0	*	2
1391	55647	23	90	0	0	*	2
1392	55687	23	92	0	0	*	2
1393	55727	23	93	0	0	*	2
1394	55767	23	94	0	0	*	2
1395	55807	23	95	0	0	*	2
1396	55847	23	97	0	0	*	2
1397	55887	23	98	0	0	*	2
1398	55927	23	99	0	0	*	2
1399	55967	23	101	0	0	*	2
1400	56007	23	103	0	0	*	2
1401	56047	23	105	0	0	*	2
1402	56087	24	106	0	0	*	2
1403	56127	24	108	0	0	*	2
1404	56167	24	109	0	0	*	2
1405	56207	24	111	0	0	*	2
1406	56247	24	112	0	0	*	2
1407	56287	24	114	0	0	*	2
1408	56327	25	116	0	0	*	2
1409	56367	25	117	0	0	*	2
1410	56407	25	119	0	0	*	2
1411	56447	26	119	0	0	*	2
1412	56487	26	121	0	0	*	2
1413	56527	26	122	0	0	*	2
1414	56567	27	124	0	0	*	2
1415	56607	27	126	0	0	*	2
1416	56647	27	127	0	0	*	2
1417	56687	27	128	0	0	*	2
1418	56727	28	130	0	0	*	2
1419	56767	28	131	0	0	*	2
1420	56807	28	133	0	0	*	2
1421	56847	28	135	0	0	*	2
1422	56887	28	136	0	0	*	2
1423	56927	29	137	0	0	*	2
1424	56967	29	139	0	0	*	2
1425	57007	29	139	0	0	*	2
1426	57047	29	141	0	0	*	2
1427	57087	29	143	0	0	*	2
1428	57127	29	144	0	0	*	2
1429	57167	29	146	0	0	*	2
1430	57207	29	147	0	0	*	2
1431	57247	29	149	0	0	*	2
1432	57287	29	150	0	0	*	2
1433	57327	29	152	0	0	*	2
1434	57367	29	153	0	0	*	2
1435	57407	29	154	0	0	*	2
1436	57447	29	156	0	0	*	2
1437	57487	29	158	0	0	*	2
1438	57527	29	159	0	0	*	2
1439	57567	29	160	0	0	*	2
1440	57607	28	162	0	0	*	2
1441	57647	28	163	0	0	*	2
1442	57687	28	165	0	0	*	2
1443	57727	28	166	0	0	*	2
1444	57767	28	168	0	0	*	2
1445	57807	28	169	0	0	*	2
1446	57847	28	170	0	0	*	2
1447	57887	27	172	0	0	*	2
1448	57927	27	175	0	0	*	2
1449	57967	27	176	0	0	*	2
1450	58007	26	177	0	0	*	2
1451	58047	27	179	0	0	*	2
1452	58087	27	180	0	0	*	2
1453	58127	26	182	0	0	*	2
1454	58167	25	183	0	0	*	2
1455	58207	25	185	0	0	*	2
1456	58247	26	186	0	0	*	2
1457	58287	26	187	0	0	*	2
1458	58327	26	188	0	0	*	2
1459	58367	26	188	0	0	*	2
1460	58407	26	189	0	0	*	2
1461	58447	26	190	0	0	*	2
1462	58487	27	191	0	0	*	2
1463	58527	27	192	0	0	*	2
1464	58567	27	192	0	0	*	2
1465	58607	28	193	0	0	*	2
1466	58647	28	194	0	0	*	2
1467	58687	28	194	0	0	*	2
1468	58727	29	195	0	0	*	2
1469	58767	29	196	0	0	*	2
1470	58807	30	197	0	0	*	2
1471	58847	31	198	0	0	*	2
1472	58887	31	199	0	0	*	2
1473	58927	32	200	0	0	*	2
1474	58967	33	200	0	0	*	2
1475	59007	33	201	0	0	*	2
1476	59047	34	202	0	0	*	2
1477	59087	35	202	0	0	*	2
1478	59127	36	203	0	0	*	2
1479	59167	36	203	0	0	*	2
1480	59207	37	204	0	0	*	2
1481	59247	38	205	0	0	*	2
1482	59287	38	205	0	0	*	2
1483	59327	39	206	0	0	*	2
1484	59367	40	206	0	0	*	2
1485	59407	42	207	0	0	*	2
1486	59447	43	208	0	0	*	2
1487	59487	44	208	0	0	*	2
1488	59527	45	209	0	0	*	2
1489	59567	46	210	0	0	*	2
1490	59607	48	210	0	0	*	2
1491	59647	49	211	0	0	*	2
1492	59687	50	212	0	0	*	2
1493	59727	52	213	0	0	*	2
1494	59767	53	213	0	0	*	2
1495	59807	55	214	0	0	*	2
1496	59847	56	214	0	0	*	2
1497	59887	57	215	0	0	*	2
1498	59927	58	216	0	0	*	2
1499	59967	59	216	0	0	*	2
1500	60007	61	217	0	0	*	2
1501	60047	62	217	0	0	*	2
1502	60087	64	218	0	0	*	2
1503	60127	65	218	0	0	*	2
1504	60167	66	219	0	0	*	2
1505	60207	68	219	0	0	*	2
1506	60247	70	220	0	0	*	2
1507	60287	71	220	0	0	*	2
1508	60327	73	221	0	0	*	2
1509	60367	74	221	0	0	*	2
1510	60407	75	221	0	0	*	2
1511	60447	76	222	0	0	*	2
1512	60487	78	222	0	0	*	2
1513	60527	80	223	0	0	*	2
1514	60567	81	223	0	0	*	2
1515	60607	83	224	0	0	*	2
1516	60647	85	224	0	0	*	2
1517	60687	86	224	0	0	*	2
