%%BEGIN_HEADER
	%%BEGIN DATABASE_INFORMATION
		%Date.0 ( 30.9.2019 )
		%Time.0 ( 12:57 )
	%%END DATABASE_INFORMATION
	%%BEGIN SETUP_INFORMATION
		%TrackerVersion.0 ( Tracker version 2.38 release 12.8.2012 )
		%ElapsedTime_ms.0 ( 61013 )
		%Paradigm.0 ( PlacePreference )
		%FeederParameters.0 ( 1500 0 )
			// %FeederParameters.0 ( ENTRANCE_LATENCY EXIT_LATENCY )
		%ElapsedPath_m.0 ( 0.00 )
		%ArenaDiameter_m.0 ( 1.80 )
		%TrackerResolution_PixPerCM.0 ( 1.4222 )
		%ArenaCenterXY.0 ( 127.5 127.5 )
		%Frame.0 ( RoomFrame )
		%ReinforcedSector.0 ( 127.5000 38.2500 7 )
			//%ReinforcedSector.0 ( CENTER_X CENTER_Y RADIUS )
		%RoomTrackReinforcedSector.0 ( 127.5000 38.2500 7 )
			//%RoomTrackReinforcedSector.0 ( CENTER_X CENTER_Y RADIUS )
	%%END SETUP_INFORMATION
	%%BEGIN RECORD_FORMAT
		%Sample.0 ( FrameCount 1msTimeStamp RoomX RoomY Sectors State Flags FrameInfo )
			//Sectors indicate if the object is in a target. Number is binary coded. Sectors = 0: no target, Sectors = 1: room target, Sectors: = 2 arena target, Sectors: = 3 room and arena target
			////State indicates the Watermaze State: OutsideTarget = 0, EntranceLatency = 1, InsideTarget = 3, OutsideRefractory = 4, BadSpot = 5
			//FrameInfo indicates succesfuly tracked spots: ReferencePoint * 2^0 + Spot0 * 2^(1+0) + Spot1 * 2^(1+1) + Spot2 * 2^(1+2) .... 
	%%END RECORD_FORMAT
%%END_HEADER
1	52	243	153	0	0	*	2
2	92	243	154	0	0	*	2
3	132	240	155	0	0	*	2
4	172	238	156	0	0	*	2
5	212	237	156	0	0	*	2
6	252	236	156	0	0	*	2
7	292	235	156	0	0	*	2
8	332	233	159	0	0	*	2
9	372	232	159	0	0	*	2
10	412	231	159	0	0	*	2
11	452	230	160	0	0	*	2
12	492	228	161	0	0	*	2
13	532	227	161	0	0	*	2
14	572	225	162	0	0	*	2
15	612	223	162	0	0	*	2
16	652	221	163	0	0	*	2
17	692	219	164	0	0	*	2
18	732	217	164	0	0	*	2
19	772	214	165	0	0	*	2
20	812	211	165	0	0	*	2
21	852	208	165	0	0	*	2
22	892	206	166	0	0	*	2
23	932	203	166	0	0	*	2
24	972	201	166	0	0	*	2
25	1012	198	166	0	0	*	2
26	1052	196	167	0	0	*	2
27	1092	194	167	0	0	*	2
28	1132	191	167	0	0	*	2
29	1172	189	167	0	0	*	2
30	1212	186	167	0	0	*	2
31	1252	183	167	0	0	*	2
32	1292	181	167	0	0	*	2
33	1332	178	167	0	0	*	2
34	1372	176	167	0	0	*	2
35	1412	173	167	0	0	*	2
36	1452	171	167	0	0	*	2
37	1492	169	167	0	0	*	2
38	1532	166	167	0	0	*	2
39	1572	163	167	0	0	*	2
40	1612	160	167	0	0	*	2
41	1652	158	167	0	0	*	2
42	1692	156	167	0	0	*	2
43	1732	153	166	0	0	*	2
44	1772	150	166	0	0	*	2
45	1812	147	166	0	0	*	2
46	1852	145	166	0	0	*	2
47	1892	142	166	0	0	*	2
48	1932	140	165	0	0	*	2
49	1972	137	165	0	0	*	2
50	2012	134	165	0	0	*	2
51	2052	132	165	0	0	*	2
52	2092	129	165	0	0	*	2
53	2132	127	165	0	0	*	2
54	2172	124	164	0	0	*	2
55	2212	121	164	0	0	*	2
56	2252	119	164	0	0	*	2
57	2292	116	164	0	0	*	2
58	2332	114	164	0	0	*	2
59	2372	111	164	0	0	*	2
60	2412	109	163	0	0	*	2
61	2452	106	163	0	0	*	2
62	2492	103	163	0	0	*	2
63	2532	100	163	0	0	*	2
64	2572	97	163	0	0	*	2
65	2612	95	163	0	0	*	2
66	2652	93	163	0	0	*	2
67	2692	90	162	0	0	*	2
68	2732	88	162	0	0	*	2
69	2772	85	162	0	0	*	2
70	2812	83	162	0	0	*	2
71	2852	80	162	0	0	*	2
72	2892	78	162	0	0	*	2
73	2932	75	161	0	0	*	2
74	2972	73	161	0	0	*	2
75	3012	71	161	0	0	*	2
76	3052	68	161	0	0	*	2
77	3092	66	160	0	0	*	2
78	3132	63	160	0	0	*	2
79	3172	61	160	0	0	*	2
80	3212	59	159	0	0	*	2
81	3252	56	159	0	0	*	2
82	3292	54	159	0	0	*	2
83	3332	51	158	0	0	*	2
84	3372	49	158	0	0	*	2
85	3412	47	158	0	0	*	2
86	3452	44	157	0	0	*	2
87	3492	42	157	0	0	*	2
88	3532	40	156	0	0	*	2
89	3572	37	156	0	0	*	2
90	3612	35	156	0	0	*	2
91	3652	33	155	0	0	*	2
92	3692	31	155	0	0	*	2
93	3732	28	155	0	0	*	2
94	3772	26	154	0	0	*	2
95	3812	22	155	0	0	*	2
96	3852	19	155	0	0	*	2
97	3892	17	155	0	0	*	2
98	3932	16	155	0	0	*	2
99	3972	15	155	0	0	*	2
100	4012	14	155	0	0	*	2
101	4052	14	155	0	0	*	2
102	4092	13	156	0	0	*	2
103	4132	13	156	0	0	*	2
104	4172	12	157	0	0	*	2
105	4212	12	158	0	0	*	2
106	4252	13	159	0	0	*	2
107	4292	13	159	0	0	*	2
108	4332	13	160	0	0	*	2
109	4372	14	160	0	0	*	2
110	4412	14	161	0	0	*	2
111	4452	15	161	0	0	*	2
112	4492	15	161	0	0	*	2
113	4532	15	159	0	0	*	2
114	4572	15	159	0	0	*	2
115	4612	16	159	0	0	*	2
116	4652	16	160	0	0	*	2
117	4692	17	161	0	0	*	2
118	4732	18	161	0	0	*	2
119	4772	19	161	0	0	*	2
120	4812	19	161	0	0	*	2
121	4852	20	162	0	0	*	2
122	4892	23	162	0	0	*	2
123	4932	24	163	0	0	*	2
124	4972	26	164	0	0	*	2
125	5012	30	164	0	0	*	2
126	5052	31	164	0	0	*	2
127	5092	34	164	0	0	*	2
128	5132	36	165	0	0	*	2
129	5172	38	165	0	0	*	2
130	5212	40	165	0	0	*	2
131	5252	42	165	0	0	*	2
132	5292	44	165	0	0	*	2
133	5332	46	165	0	0	*	2
134	5372	48	165	0	0	*	2
135	5412	50	165	0	0	*	2
136	5452	52	165	0	0	*	2
137	5492	55	166	0	0	*	2
138	5532	57	166	0	0	*	2
139	5572	59	166	0	0	*	2
140	5612	61	166	0	0	*	2
141	5652	63	166	0	0	*	2
142	5692	65	166	0	0	*	2
143	5732	67	166	0	0	*	2
144	5772	69	166	0	0	*	2
145	5812	72	166	0	0	*	2
146	5852	73	166	0	0	*	2
147	5892	76	166	0	0	*	2
148	5932	78	166	0	0	*	2
149	5972	80	166	0	0	*	2
150	6012	82	167	0	0	*	2
151	6052	85	167	0	0	*	2
152	6092	87	167	0	0	*	2
153	6132	89	167	0	0	*	2
154	6172	92	167	0	0	*	2
155	6212	95	168	0	0	*	2
156	6252	97	168	0	0	*	2
157	6292	99	168	0	0	*	2
158	6332	102	169	0	0	*	2
159	6372	104	169	0	0	*	2
160	6412	106	169	0	0	*	2
161	6452	108	169	0	0	*	2
162	6492	110	169	0	0	*	2
163	6532	113	170	0	0	*	2
164	6572	116	171	0	0	*	2
165	6612	118	171	0	0	*	2
166	6652	120	171	0	0	*	2
167	6692	122	172	0	0	*	2
168	6732	124	172	0	0	*	2
169	6772	127	173	0	0	*	2
170	6812	129	173	0	0	*	2
171	6852	131	174	0	0	*	2
172	6892	133	174	0	0	*	2
173	6932	135	175	0	0	*	2
174	6972	137	175	0	0	*	2
175	7012	139	176	0	0	*	2
176	7052	142	176	0	0	*	2
177	7092	144	177	0	0	*	2
178	7132	146	177	0	0	*	2
179	7172	148	178	0	0	*	2
180	7212	150	178	0	0	*	2
181	7252	153	179	0	0	*	2
182	7292	155	179	0	0	*	2
183	7332	157	180	0	0	*	2
184	7372	159	180	0	0	*	2
185	7412	161	181	0	0	*	2
186	7452	163	181	0	0	*	2
187	7492	166	182	0	0	*	2
188	7532	168	182	0	0	*	2
189	7572	170	183	0	0	*	2
190	7612	172	183	0	0	*	2
191	7652	174	184	0	0	*	2
192	7692	177	184	0	0	*	2
193	7732	179	184	0	0	*	2
194	7772	181	185	0	0	*	2
195	7812	183	185	0	0	*	2
196	7852	186	185	0	0	*	2
197	7892	188	186	0	0	*	2
198	7932	190	186	0	0	*	2
199	7972	192	187	0	0	*	2
200	8012	194	187	0	0	*	2
201	8052	196	188	0	0	*	2
202	8092	199	188	0	0	*	2
203	8132	201	189	0	0	*	2
204	8172	203	189	0	0	*	2
205	8212	205	189	0	0	*	2
206	8252	207	190	0	0	*	2
207	8292	209	190	0	0	*	2
208	8332	211	190	0	0	*	2
209	8372	213	191	0	0	*	2
210	8412	215	191	0	0	*	2
211	8452	216	190	0	0	*	2
212	8492	218	190	0	0	*	2
213	8532	219	190	0	0	*	2
214	8572	220	189	0	0	*	2
215	8612	221	189	0	0	*	2
216	8652	223	188	0	0	*	2
217	8692	223	188	0	0	*	2
218	8732	225	187	0	0	*	2
219	8772	226	186	0	0	*	2
220	8812	227	186	0	0	*	2
221	8852	228	185	0	0	*	2
222	8892	229	184	0	0	*	2
223	8932	230	184	0	0	*	2
224	8972	231	183	0	0	*	2
225	9012	232	182	0	0	*	2
226	9052	231	180	0	0	*	2
227	9092	234	179	0	0	*	2
228	9132	235	177	0	0	*	2
229	9172	235	176	0	0	*	2
230	9212	236	174	0	0	*	2
231	9252	237	172	0	0	*	2
232	9292	238	171	0	0	*	2
233	9332	239	170	0	0	*	2
234	9372	240	167	0	0	*	2
235	9412	240	166	0	0	*	2
236	9452	241	165	0	0	*	2
237	9492	242	163	0	0	*	2
238	9532	242	162	0	0	*	2
239	9572	243	161	0	0	*	2
240	9612	243	159	0	0	*	2
241	9652	244	158	0	0	*	2
242	9692	245	156	0	0	*	2
243	9732	245	153	0	0	*	2
244	9772	246	152	0	0	*	2
245	9812	246	150	0	0	*	2
246	9852	247	148	0	0	*	2
247	9892	247	146	0	0	*	2
248	9932	247	144	0	0	*	2
249	9972	247	143	0	0	*	2
250	10012	248	140	0	0	*	2
251	10052	248	139	0	0	*	2
252	10092	248	137	0	0	*	2
253	10132	248	135	0	0	*	2
254	10172	248	133	0	0	*	2
255	10212	248	132	0	0	*	2
256	10252	248	129	0	0	*	2
257	10292	248	127	0	0	*	2
258	10332	248	126	0	0	*	2
259	10372	247	123	0	0	*	2
260	10412	247	122	0	0	*	2
261	10452	247	120	0	0	*	2
262	10492	246	118	0	0	*	2
263	10532	246	116	0	0	*	2
264	10572	245	115	0	0	*	2
265	10612	244	113	0	0	*	2
266	10652	243	111	0	0	*	2
267	10692	243	109	0	0	*	2
268	10732	243	107	0	0	*	2
269	10772	241	105	0	0	*	2
270	10812	240	103	0	0	*	2
271	10852	238	101	0	0	*	2
272	10892	237	99	0	0	*	2
273	10932	235	97	0	0	*	2
274	10972	234	95	0	0	*	2
275	11012	232	94	0	0	*	2
276	11052	231	92	0	0	*	2
277	11092	230	91	0	0	*	2
278	11132	229	89	0	0	*	2
279	11172	228	88	0	0	*	2
280	11212	226	87	0	0	*	2
281	11252	224	85	0	0	*	2
282	11292	223	83	0	0	*	2
283	11332	221	82	0	0	*	2
284	11372	220	81	0	0	*	2
285	11412	219	79	0	0	*	2
286	11452	217	78	0	0	*	2
287	11492	215	76	0	0	*	2
288	11532	214	75	0	0	*	2
289	11572	212	74	0	0	*	2
290	11612	211	72	0	0	*	2
291	11652	210	71	0	0	*	2
292	11692	207	70	0	0	*	2
293	11732	206	69	0	0	*	2
294	11772	205	68	0	0	*	2
295	11812	203	67	0	0	*	2
296	11852	201	66	0	0	*	2
297	11892	200	65	0	0	*	2
298	11932	198	64	0	0	*	2
299	11972	195	62	0	0	*	2
300	12012	194	61	0	0	*	2
301	12052	193	61	0	0	*	2
302	12092	190	59	0	0	*	2
303	12132	189	59	0	0	*	2
304	12172	188	58	0	0	*	2
305	12212	186	57	0	0	*	2
306	12252	184	57	0	0	*	2
307	12292	182	56	0	0	*	2
308	12332	180	56	0	0	*	2
309	12372	178	55	0	0	*	2
310	12412	176	55	0	0	*	2
311	12452	174	54	0	0	*	2
312	12492	172	54	0	0	*	2
313	12532	170	54	0	0	*	2
314	12572	168	54	0	0	*	2
315	12612	165	54	0	0	*	2
316	12652	164	53	0	0	*	2
317	12692	162	53	0	0	*	2
318	12732	160	53	0	0	*	2
319	12772	158	53	0	0	*	2
320	12812	155	53	0	0	*	2
321	12852	154	53	0	0	*	2
322	12892	152	52	0	0	*	2
323	12932	150	52	0	0	*	2
324	12972	147	52	0	0	*	2
325	13012	146	52	0	0	*	2
326	13052	144	52	0	0	*	2
327	13092	142	52	0	0	*	2
328	13132	140	52	0	0	*	2
329	13172	138	52	0	0	*	2
330	13212	135	52	0	0	*	2
331	13252	134	52	0	0	*	2
332	13292	131	53	0	0	*	2
333	13332	129	53	0	0	*	2
334	13372	127	53	0	0	*	2
335	13412	125	54	0	0	*	2
336	13452	123	54	0	0	*	2
337	13492	121	54	0	0	*	2
338	13532	119	55	0	0	*	2
339	13572	117	56	0	0	*	2
340	13612	115	56	0	0	*	2
341	13652	113	57	0	0	*	2
342	13692	111	57	0	0	*	2
343	13732	109	58	0	0	*	2
344	13772	107	59	0	0	*	2
345	13812	105	60	0	0	*	2
346	13852	103	61	0	0	*	2
347	13892	101	62	0	0	*	2
348	13932	99	62	0	0	*	2
349	13972	97	63	0	0	*	2
350	14012	95	64	0	0	*	2
351	14052	93	65	0	0	*	2
352	14092	91	66	0	0	*	2
353	14132	88	67	0	0	*	2
354	14172	87	68	0	0	*	2
355	14212	85	68	0	0	*	2
356	14252	83	69	0	0	*	2
357	14292	81	70	0	0	*	2
358	14332	79	70	0	0	*	2
359	14372	77	71	0	0	*	2
360	14412	74	72	0	0	*	2
361	14452	73	73	0	0	*	2
362	14492	71	74	0	0	*	2
363	14532	69	75	0	0	*	2
364	14572	67	76	0	0	*	2
365	14612	64	77	0	0	*	2
366	14652	62	78	0	0	*	2
367	14692	60	79	0	0	*	2
368	14732	58	79	0	0	*	2
369	14772	56	80	0	0	*	2
370	14812	54	81	0	0	*	2
371	14852	52	82	0	0	*	2
372	14892	49	84	0	0	*	2
373	14932	47	85	0	0	*	2
374	14972	46	86	0	0	*	2
375	15012	43	87	0	0	*	2
376	15052	41	88	0	0	*	2
377	15092	39	89	0	0	*	2
378	15132	37	90	0	0	*	2
379	15172	36	91	0	0	*	2
380	15212	34	93	0	0	*	2
381	15252	32	93	0	0	*	2
382	15292	30	95	0	0	*	2
383	15332	28	96	0	0	*	2
384	15372	27	98	0	0	*	2
385	15412	25	99	0	0	*	2
386	15452	24	100	0	0	*	2
387	15492	23	101	0	0	*	2
388	15532	21	103	0	0	*	2
389	15572	19	104	0	0	*	2
390	15612	16	106	0	0	*	2
391	15652	14	108	0	0	*	2
392	15692	12	110	0	0	*	2
393	15732	11	111	0	0	*	2
394	15772	10	113	0	0	*	2
395	15812	10	114	0	0	*	2
396	15852	9	116	0	0	*	2
397	15892	9	116	0	0	*	2
398	15932	8	118	0	0	*	2
399	15972	8	120	0	0	*	2
400	16012	7	121	0	0	*	2
401	16052	7	124	0	0	*	2
402	16092	7	125	0	0	*	2
403	16132	7	127	0	0	*	2
404	16172	7	130	0	0	*	2
405	16212	7	132	0	0	*	2
406	16252	7	134	0	0	*	2
407	16292	7	136	0	0	*	2
408	16332	7	138	0	0	*	2
409	16372	7	139	0	0	*	2
410	16412	7	141	0	0	*	2
411	16452	8	143	0	0	*	2
412	16492	8	145	0	0	*	2
413	16532	9	147	0	0	*	2
414	16572	9	149	0	0	*	2
415	16612	10	150	0	0	*	2
416	16652	10	152	0	0	*	2
417	16692	11	154	0	0	*	2
418	16732	11	156	0	0	*	2
419	16772	12	158	0	0	*	2
420	16812	12	160	0	0	*	2
421	16852	13	161	0	0	*	2
422	16892	14	163	0	0	*	2
423	16932	15	165	0	0	*	2
424	16972	16	166	0	0	*	2
425	17012	17	169	0	0	*	2
426	17052	18	171	0	0	*	2
427	17092	19	172	0	0	*	2
428	17132	20	174	0	0	*	2
429	17172	21	176	0	0	*	2
430	17212	22	177	0	0	*	2
431	17252	23	179	0	0	*	2
432	17292	24	181	0	0	*	2
433	17332	25	183	0	0	*	2
434	17372	27	185	0	0	*	2
435	17412	29	186	0	0	*	2
436	17452	31	188	0	0	*	2
437	17492	34	190	0	0	*	2
438	17532	35	192	0	0	*	2
439	17572	36	193	0	0	*	2
440	17612	38	195	0	0	*	2
441	17652	39	196	0	0	*	2
442	17692	41	198	0	0	*	2
443	17732	43	200	0	0	*	2
444	17772	45	202	0	0	*	2
445	17812	47	203	0	0	*	2
446	17852	48	205	0	0	*	2
447	17892	50	207	0	0	*	2
448	17932	52	208	0	0	*	2
449	17972	54	209	0	0	*	2
450	18012	55	211	0	0	*	2
451	18052	57	212	0	0	*	2
452	18092	59	214	0	0	*	2
453	18132	61	215	0	0	*	2
454	18172	62	217	0	0	*	2
455	18212	64	218	0	0	*	2
456	18252	65	219	0	0	*	2
457	18292	67	221	0	0	*	2
458	18332	69	222	0	0	*	2
459	18372	70	223	0	0	*	2
460	18412	72	225	0	0	*	2
461	18452	74	226	0	0	*	2
462	18492	75	227	0	0	*	2
463	18532	77	229	0	0	*	2
464	18572	79	230	0	0	*	2
465	18612	80	232	0	0	*	2
466	18652	82	232	0	0	*	2
467	18692	84	234	0	0	*	2
468	18732	85	235	0	0	*	2
469	18772	87	236	0	0	*	2
470	18812	89	237	0	0	*	2
471	18852	91	238	0	0	*	2
472	18892	93	239	0	0	*	2
473	18932	95	240	0	0	*	2
474	18972	97	240	0	0	*	2
475	19012	98	241	0	0	*	2
476	19052	100	242	0	0	*	2
477	19092	102	242	0	0	*	2
478	19132	103	242	0	0	*	2
479	19172	106	242	0	0	*	2
480	19212	108	242	0	0	*	2
481	19252	110	242	0	0	*	2
482	19292	112	243	0	0	*	2
483	19332	114	243	0	0	*	2
484	19372	117	242	0	0	*	2
485	19412	119	242	0	0	*	2
486	19452	121	242	0	0	*	2
487	19492	122	241	0	0	*	2
488	19532	125	241	0	0	*	2
489	19572	127	241	0	0	*	2
490	19612	129	240	0	0	*	2
491	19652	132	240	0	0	*	2
492	19692	134	240	0	0	*	2
493	19732	135	239	0	0	*	2
494	19772	137	239	0	0	*	2
495	19812	139	239	0	0	*	2
496	19852	141	239	0	0	*	2
497	19892	143	238	0	0	*	2
498	19932	145	238	0	0	*	2
499	19972	146	237	0	0	*	2
500	20012	148	237	0	0	*	2
501	20052	151	237	0	0	*	2
502	20092	153	237	0	0	*	2
503	20132	155	237	0	0	*	2
504	20172	157	236	0	0	*	2
505	20212	159	236	0	0	*	2
506	20252	160	236	0	0	*	2
507	20292	163	236	0	0	*	2
508	20332	165	236	0	0	*	2
509	20372	168	236	0	0	*	2
510	20412	170	236	0	0	*	2
511	20452	172	236	0	0	*	2
512	20492	173	236	0	0	*	2
513	20532	175	235	0	0	*	2
514	20572	177	235	0	0	*	2
515	20612	178	235	0	0	*	2
516	20652	180	235	0	0	*	2
517	20692	182	234	0	0	*	2
518	20732	183	233	0	0	*	2
519	20772	184	233	0	0	*	2
520	20812	186	232	0	0	*	2
521	20852	188	231	0	0	*	2
522	20892	189	230	0	0	*	2
523	20932	190	229	0	0	*	2
524	20972	192	228	0	0	*	2
525	21012	193	227	0	0	*	2
526	21052	194	226	0	0	*	2
527	21092	197	225	0	0	*	2
528	21132	198	224	0	0	*	2
529	21173	199	223	0	0	*	2
530	21212	201	222	0	0	*	2
531	21252	202	221	0	0	*	2
532	21292	203	220	0	0	*	2
533	21332	205	219	0	0	*	2
534	21372	206	217	0	0	*	2
535	21413	208	216	0	0	*	2
536	21452	209	215	0	0	*	2
537	21492	211	213	0	0	*	2
538	21532	212	212	0	0	*	2
539	21572	214	211	0	0	*	2
540	21612	215	209	0	0	*	2
541	21653	217	209	0	0	*	2
542	21692	218	207	0	0	*	2
543	21732	219	206	0	0	*	2
544	21773	220	204	0	0	*	2
545	21812	222	203	0	0	*	2
546	21853	223	202	0	0	*	2
547	21893	224	200	0	0	*	2
548	21932	225	199	0	0	*	2
549	21972	226	197	0	0	*	2
550	22013	227	195	0	0	*	2
551	22053	229	194	0	0	*	2
552	22092	230	192	0	0	*	2
553	22133	231	191	0	0	*	2
554	22173	231	189	0	0	*	2
555	22213	232	188	0	0	*	2
556	22253	233	186	0	0	*	2
557	22293	234	185	0	0	*	2
558	22333	235	184	0	0	*	2
559	22373	236	181	0	0	*	2
560	22413	237	179	0	0	*	2
561	22453	238	178	0	0	*	2
562	22493	238	176	0	0	*	2
563	22533	239	174	0	0	*	2
564	22573	240	173	0	0	*	2
565	22613	241	170	0	0	*	2
566	22653	242	168	0	0	*	2
567	22693	243	167	0	0	*	2
568	22733	243	165	0	0	*	2
569	22773	243	163	0	0	*	2
570	22813	244	162	0	0	*	2
571	22853	245	160	0	0	*	2
572	22893	245	158	0	0	*	2
573	22933	246	156	0	0	*	2
574	22973	246	154	0	0	*	2
575	23013	247	152	0	0	*	2
576	23053	247	150	0	0	*	2
577	23093	247	148	0	0	*	2
578	23133	248	146	0	0	*	2
579	23173	248	144	0	0	*	2
580	23213	248	142	0	0	*	2
581	23253	248	140	0	0	*	2
582	23293	249	138	0	0	*	2
583	23333	249	136	0	0	*	2
584	23373	249	134	0	0	*	2
585	23413	249	131	0	0	*	2
586	23453	249	130	0	0	*	2
587	23493	249	128	0	0	*	2
588	23533	249	126	0	0	*	2
589	23573	249	124	0	0	*	2
590	23613	249	121	0	0	*	2
591	23653	249	119	0	0	*	2
592	23693	249	117	0	0	*	2
593	23733	249	116	0	0	*	2
594	23773	249	114	0	0	*	2
595	23813	248	112	0	0	*	2
596	23853	248	110	0	0	*	2
597	23893	248	107	0	0	*	2
598	23933	248	105	0	0	*	2
599	23973	247	103	0	0	*	2
600	24013	247	101	0	0	*	2
601	24053	246	99	0	0	*	2
602	24093	246	97	0	0	*	2
603	24133	246	96	0	0	*	2
604	24173	245	94	0	0	*	2
605	24213	244	92	0	0	*	2
606	24253	243	90	0	0	*	2
607	24293	243	89	0	0	*	2
608	24333	242	87	0	0	*	2
609	24373	241	85	0	0	*	2
610	24413	240	84	0	0	*	2
611	24453	239	82	0	0	*	2
612	24493	238	80	0	0	*	2
613	24533	237	79	0	0	*	2
614	24573	236	77	0	0	*	2
615	24613	235	75	0	0	*	2
616	24653	233	73	0	0	*	2
617	24693	232	70	0	0	*	2
618	24733	231	69	0	0	*	2
619	24773	230	68	0	0	*	2
620	24813	229	66	0	0	*	2
621	24853	227	64	0	0	*	2
622	24893	226	62	0	0	*	2
623	24933	225	61	0	0	*	2
624	24973	223	59	0	0	*	2
625	25013	222	58	0	0	*	2
626	25053	221	56	0	0	*	2
627	25093	220	54	0	0	*	2
628	25133	219	52	0	0	*	2
629	25173	218	51	0	0	*	2
630	25213	217	49	0	0	*	2
631	25253	215	47	0	0	*	2
632	25293	214	46	0	0	*	2
633	25333	213	45	0	0	*	2
634	25373	211	43	0	0	*	2
635	25413	210	41	0	0	*	2
636	25453	209	40	0	0	*	2
637	25493	207	38	0	0	*	2
638	25533	206	37	0	0	*	2
639	25573	205	35	0	0	*	2
640	25613	203	34	0	0	*	2
641	25653	202	32	0	0	*	2
642	25693	200	31	0	0	*	2
643	25733	199	30	0	0	*	2
644	25773	198	28	0	0	*	2
645	25813	196	27	0	0	*	2
646	25853	195	26	0	0	*	2
647	25893	194	25	0	0	*	2
648	25933	193	24	0	0	*	2
649	25973	192	23	0	0	*	2
650	26013	190	22	0	0	*	2
651	26053	188	22	0	0	*	2
652	26093	186	20	0	0	*	2
653	26133	184	20	0	0	*	2
654	26173	183	19	0	0	*	2
655	26213	182	18	0	0	*	2
656	26253	179	17	0	0	*	2
657	26293	177	16	0	0	*	2
658	26333	176	15	0	0	*	2
659	26373	173	14	0	0	*	2
660	26413	171	14	0	0	*	2
661	26453	170	13	0	0	*	2
662	26493	168	12	0	0	*	2
663	26533	165	12	0	0	*	2
664	26573	163	11	0	0	*	2
665	26613	161	10	0	0	*	2
666	26653	159	10	0	0	*	2
667	26693	157	9	0	0	*	2
668	26733	154	9	0	0	*	2
669	26773	152	8	0	0	*	2
670	26813	150	8	0	0	*	2
671	26853	149	7	0	0	*	2
672	26893	146	7	0	0	*	2
673	26933	145	6	0	0	*	2
674	26973	143	6	0	0	*	2
675	27013	140	6	0	0	*	2
676	27053	137	6	0	0	*	2
677	27093	136	5	0	0	*	2
678	27133	134	5	0	0	*	2
679	27173	132	5	0	0	*	2
680	27213	130	5	0	0	*	2
681	27253	128	4	0	0	*	2
682	27293	125	4	0	0	*	2
683	27333	123	4	0	0	*	2
684	27373	121	4	0	0	*	2
685	27413	120	4	0	0	*	2
686	27453	118	4	0	0	*	2
687	27493	116	5	0	0	*	2
688	27533	113	5	0	0	*	2
689	27573	111	5	0	0	*	2
690	27613	109	5	0	0	*	2
691	27653	108	6	0	0	*	2
692	27693	106	6	0	0	*	2
693	27733	104	6	0	0	*	2
694	27773	102	7	0	0	*	2
695	27813	99	8	0	0	*	2
696	27853	97	8	0	0	*	2
697	27893	96	8	0	0	*	2
698	27933	94	9	0	0	*	2
699	27973	92	10	0	0	*	2
700	28013	90	10	0	0	*	2
701	28053	87	11	0	0	*	2
702	28093	85	12	0	0	*	2
703	28133	83	13	0	0	*	2
704	28173	81	13	0	0	*	2
705	28213	79	14	0	0	*	2
706	28253	77	15	0	0	*	2
707	28293	75	16	0	0	*	2
708	28333	73	17	0	0	*	2
709	28373	72	18	0	0	*	2
710	28413	70	19	0	0	*	2
711	28453	68	20	0	0	*	2
712	28493	66	21	0	0	*	2
713	28533	64	22	0	0	*	2
714	28573	62	23	0	0	*	2
715	28613	60	24	0	0	*	2
716	28653	59	25	0	0	*	2
717	28693	57	26	0	0	*	2
718	28733	55	27	0	0	*	2
719	28773	53	28	0	0	*	2
720	28813	51	30	0	0	*	2
721	28853	50	31	0	0	*	2
722	28893	49	32	0	0	*	2
723	28933	47	34	0	0	*	2
724	28973	45	35	0	0	*	2
725	29013	44	36	0	0	*	2
726	29053	42	38	0	0	*	2
727	29093	41	40	0	0	*	2
728	29133	39	41	0	0	*	2
729	29173	38	43	0	0	*	2
730	29213	36	44	0	0	*	2
731	29253	36	46	0	0	*	2
732	29293	34	47	0	0	*	2
733	29333	33	48	0	0	*	2
734	29373	31	50	0	0	*	2
735	29413	30	51	0	0	*	2
736	29453	29	53	0	0	*	2
737	29493	28	55	0	0	*	2
738	29533	26	57	0	0	*	2
739	29573	25	58	0	0	*	2
740	29613	24	60	0	0	*	2
741	29653	24	62	0	0	*	2
742	29693	23	63	0	0	*	2
743	29733	22	65	0	0	*	2
744	29773	21	67	0	0	*	2
745	29813	20	69	0	0	*	2
746	29853	19	70	0	0	*	2
747	29893	18	72	0	0	*	2
748	29933	17	74	0	0	*	2
749	29973	16	76	0	0	*	2
750	30013	15	78	0	0	*	2
751	30053	14	80	0	0	*	2
752	30093	14	81	0	0	*	2
753	30133	13	83	0	0	*	2
754	30173	12	85	0	0	*	2
755	30213	12	88	0	0	*	2
756	30253	11	90	0	0	*	2
757	30293	11	91	0	0	*	2
758	30333	10	93	0	0	*	2
759	30373	9	95	0	0	*	2
760	30413	9	98	0	0	*	2
761	30453	8	99	0	0	*	2
762	30493	8	102	0	0	*	2
763	30533	7	103	0	0	*	2
764	30573	7	106	0	0	*	2
765	30613	7	107	0	0	*	2
766	30653	6	110	0	0	*	2
767	30693	6	112	0	0	*	2
768	30733	6	114	0	0	*	2
769	30773	6	116	0	0	*	2
770	30813	6	117	0	0	*	2
771	30853	5	120	0	0	*	2
772	30893	5	122	0	0	*	2
773	30933	5	125	0	0	*	2
774	30973	5	127	0	0	*	2
775	31013	6	129	0	0	*	2
776	31053	6	131	0	0	*	2
777	31093	6	133	0	0	*	2
778	31133	6	135	0	0	*	2
779	31173	6	137	0	0	*	2
780	31213	7	139	0	0	*	2
781	31253	7	140	0	0	*	2
782	31293	7	142	0	0	*	2
783	31333	8	144	0	0	*	2
784	31373	8	146	0	0	*	2
785	31413	8	148	0	0	*	2
786	31453	9	151	0	0	*	2
787	31493	9	153	0	0	*	2
788	31533	10	155	0	0	*	2
789	31573	11	157	0	0	*	2
790	31613	11	159	0	0	*	2
791	31653	12	161	0	0	*	2
792	31693	12	163	0	0	*	2
793	31733	13	165	0	0	*	2
794	31773	13	167	0	0	*	2
795	31813	14	168	0	0	*	2
796	31853	15	170	0	0	*	2
797	31893	16	173	0	0	*	2
798	31933	17	175	0	0	*	2
799	31973	18	177	0	0	*	2
800	32013	19	179	0	0	*	2
801	32053	20	181	0	0	*	2
802	32093	21	183	0	0	*	2
803	32133	21	184	0	0	*	2
804	32173	23	186	0	0	*	2
805	32213	24	188	0	0	*	2
806	32253	24	190	0	0	*	2
807	32293	26	192	0	0	*	2
808	32333	27	193	0	0	*	2
809	32373	28	195	0	0	*	2
810	32413	29	197	0	0	*	2
811	32453	31	198	0	0	*	2
812	32493	32	200	0	0	*	2
813	32533	34	201	0	0	*	2
814	32573	35	203	0	0	*	2
815	32613	36	204	0	0	*	2
816	32653	37	206	0	0	*	2
817	32693	39	208	0	0	*	2
818	32733	40	209	0	0	*	2
819	32773	42	210	0	0	*	2
820	32813	44	211	0	0	*	2
821	32853	45	213	0	0	*	2
822	32893	47	214	0	0	*	2
823	32933	49	216	0	0	*	2
824	32973	50	217	0	0	*	2
825	33013	51	219	0	0	*	2
826	33053	53	220	0	0	*	2
827	33093	55	221	0	0	*	2
828	33133	57	223	0	0	*	2
829	33173	59	224	0	0	*	2
830	33213	61	225	0	0	*	2
831	33253	62	226	0	0	*	2
832	33293	64	227	0	0	*	2
833	33333	66	229	0	0	*	2
834	33373	68	230	0	0	*	2
835	33413	70	231	0	0	*	2
836	33453	71	232	0	0	*	2
837	33493	73	233	0	0	*	2
838	33533	74	234	0	0	*	2
839	33573	76	235	0	0	*	2
840	33613	78	236	0	0	*	2
841	33653	80	237	0	0	*	2
842	33693	82	238	0	0	*	2
843	33733	84	238	0	0	*	2
844	33773	85	239	0	0	*	2
845	33813	87	240	0	0	*	2
846	33853	89	240	0	0	*	2
847	33893	91	241	0	0	*	2
848	33933	93	241	0	0	*	2
849	33973	95	242	0	0	*	2
850	34013	97	243	0	0	*	2
851	34053	98	243	0	0	*	2
852	34093	100	243	0	0	*	2
853	34133	102	244	0	0	*	2
854	34173	104	244	0	0	*	2
855	34213	106	244	0	0	*	2
856	34253	108	245	0	0	*	2
857	34293	110	245	0	0	*	2
858	34333	112	245	0	0	*	2
859	34373	114	245	0	0	*	2
860	34413	116	246	0	0	*	2
861	34453	119	246	0	0	*	2
862	34493	120	246	0	0	*	2
863	34533	122	246	0	0	*	2
864	34573	125	246	0	0	*	2
865	34613	127	246	0	0	*	2
866	34653	129	246	0	0	*	2
867	34693	131	247	0	0	*	2
868	34733	134	247	0	0	*	2
869	34773	135	247	0	0	*	2
870	34813	138	246	0	0	*	2
871	34853	140	246	0	0	*	2
872	34893	142	246	0	0	*	2
873	34933	144	246	0	0	*	2
874	34973	146	246	0	0	*	2
875	35013	148	246	0	0	*	2
876	35053	149	245	0	0	*	2
877	35093	151	245	0	0	*	2
878	35133	153	244	0	0	*	2
879	35173	156	244	0	0	*	2
880	35213	157	244	0	0	*	2
881	35253	159	243	0	0	*	2
882	35293	161	242	0	0	*	2
883	35333	163	242	0	0	*	2
884	35373	165	241	0	0	*	2
885	35413	167	241	0	0	*	2
886	35453	169	240	0	0	*	2
887	35493	171	239	0	0	*	2
888	35533	173	239	0	0	*	2
889	35573	174	238	0	0	*	2
890	35613	176	237	0	0	*	2
891	35653	178	236	0	0	*	2
892	35693	180	235	0	0	*	2
893	35733	182	235	0	0	*	2
894	35773	183	234	0	0	*	2
895	35813	185	233	0	0	*	2
896	35853	187	232	0	0	*	2
897	35893	188	231	0	0	*	2
898	35933	190	230	0	0	*	2
899	35973	192	229	0	0	*	2
900	36013	194	228	0	0	*	2
901	36053	195	227	0	0	*	2
902	36093	197	226	0	0	*	2
903	36133	198	225	0	0	*	2
904	36173	200	223	0	0	*	2
905	36213	201	222	0	0	*	2
906	36253	203	221	0	0	*	2
907	36293	205	220	0	0	*	2
908	36333	206	219	0	0	*	2
909	36373	207	217	0	0	*	2
910	36413	209	216	0	0	*	2
911	36453	210	214	0	0	*	2
912	36493	212	213	0	0	*	2
913	36533	214	211	0	0	*	2
914	36573	215	210	0	0	*	2
915	36613	217	209	0	0	*	2
916	36653	218	207	0	0	*	2
917	36693	219	206	0	0	*	2
918	36733	220	205	0	0	*	2
919	36773	222	203	0	0	*	2
920	36813	223	201	0	0	*	2
921	36853	224	199	0	0	*	2
922	36893	226	198	0	0	*	2
923	36933	227	196	0	0	*	2
924	36973	228	194	0	0	*	2
925	37013	229	193	0	0	*	2
926	37053	231	191	0	0	*	2
927	37093	232	189	0	0	*	2
928	37133	233	187	0	0	*	2
929	37173	234	186	0	0	*	2
930	37213	235	184	0	0	*	2
931	37253	236	183	0	0	*	2
932	37293	237	181	0	0	*	2
933	37333	238	179	0	0	*	2
934	37373	239	177	0	0	*	2
935	37413	240	175	0	0	*	2
936	37453	241	173	0	0	*	2
937	37493	241	171	0	0	*	2
938	37533	242	169	0	0	*	2
939	37573	243	167	0	0	*	2
940	37613	243	165	0	0	*	2
941	37653	244	163	0	0	*	2
942	37693	244	162	0	0	*	2
943	37733	245	160	0	0	*	2
944	37773	246	158	0	0	*	2
945	37813	246	156	0	0	*	2
946	37853	247	154	0	0	*	2
947	37893	247	152	0	0	*	2
948	37933	247	150	0	0	*	2
949	37973	248	148	0	0	*	2
950	38013	248	146	0	0	*	2
951	38053	249	144	0	0	*	2
952	38093	249	142	0	0	*	2
953	38133	249	140	0	0	*	2
954	38173	249	138	0	0	*	2
955	38213	250	137	0	0	*	2
956	38253	250	135	0	0	*	2
957	38293	250	133	0	0	*	2
958	38333	250	131	0	0	*	2
959	38373	250	128	0	0	*	2
960	38413	250	126	0	0	*	2
961	38453	250	124	0	0	*	2
962	38493	250	122	0	0	*	2
963	38533	250	120	0	0	*	2
964	38573	250	118	0	0	*	2
965	38613	250	116	0	0	*	2
966	38653	250	115	0	0	*	2
967	38693	249	112	0	0	*	2
968	38733	249	110	0	0	*	2
969	38773	249	108	0	0	*	2
970	38813	249	106	0	0	*	2
971	38853	248	104	0	0	*	2
972	38893	248	102	0	0	*	2
973	38933	248	100	0	0	*	2
974	38973	247	98	0	0	*	2
975	39013	247	96	0	0	*	2
976	39053	246	95	0	0	*	2
977	39093	246	93	0	0	*	2
978	39133	245	91	0	0	*	2
979	39173	245	89	0	0	*	2
980	39213	244	87	0	0	*	2
981	39253	243	85	0	0	*	2
982	39293	243	83	0	0	*	2
983	39333	242	81	0	0	*	2
984	39373	242	79	0	0	*	2
985	39413	241	77	0	0	*	2
986	39453	240	75	0	0	*	2
987	39493	239	74	0	0	*	2
988	39533	238	72	0	0	*	2
989	39573	237	70	0	0	*	2
990	39613	236	69	0	0	*	2
991	39653	235	67	0	0	*	2
992	39693	233	65	0	0	*	2
993	39733	232	63	0	0	*	2
994	39773	231	61	0	0	*	2
995	39813	230	60	0	0	*	2
996	39853	229	58	0	0	*	2
997	39893	227	56	0	0	*	2
998	39933	226	54	0	0	*	2
999	39973	225	52	0	0	*	2
1000	40013	223	51	0	0	*	2
1001	40053	222	49	0	0	*	2
1002	40093	220	48	0	0	*	2
1003	40133	219	46	0	0	*	2
1004	40173	218	45	0	0	*	2
1005	40213	216	43	0	0	*	2
1006	40253	215	41	0	0	*	2
1007	40293	213	40	0	0	*	2
1008	40333	212	38	0	0	*	2
1009	40373	210	37	0	0	*	2
1010	40413	209	35	0	0	*	2
1011	40453	207	34	0	0	*	2
1012	40493	206	33	0	0	*	2
1013	40533	205	31	0	0	*	2
1014	40573	203	30	0	0	*	2
1015	40613	201	28	0	0	*	2
1016	40653	200	27	0	0	*	2
1017	40693	199	26	0	0	*	2
1018	40733	196	25	0	0	*	2
1019	40773	195	23	0	0	*	2
1020	40813	193	23	0	0	*	2
1021	40853	192	22	0	0	*	2
1022	40893	190	21	0	0	*	2
1023	40933	188	20	0	0	*	2
1024	40973	186	18	0	0	*	2
1025	41013	184	17	0	0	*	2
1026	41053	182	16	0	0	*	2
1027	41093	181	16	0	0	*	2
1028	41133	179	15	0	0	*	2
1029	41173	177	14	0	0	*	2
1030	41213	175	13	0	0	*	2
1031	41253	173	12	0	0	*	2
1032	41293	171	11	0	0	*	2
1033	41333	169	11	0	0	*	2
1034	41373	167	10	0	0	*	2
1035	41413	165	9	0	0	*	2
1036	41453	164	9	0	0	*	2
1037	41493	161	8	0	0	*	2
1038	41533	159	8	0	0	*	2
1039	41573	158	7	0	0	*	2
1040	41613	156	7	0	0	*	2
1041	41653	154	6	0	0	*	2
1042	41693	152	6	0	0	*	2
1043	41733	150	5	0	0	*	2
1044	41773	148	5	0	0	*	2
1045	41813	146	5	0	0	*	2
1046	41853	144	5	0	0	*	2
1047	41893	142	5	0	0	*	2
1048	41933	140	4	0	0	*	2
1049	41973	138	4	0	0	*	2
1050	42013	135	4	0	0	*	2
1051	42053	133	4	0	0	*	2
1052	42093	132	4	0	0	*	2
1053	42133	130	4	0	0	*	2
1054	42173	127	4	0	0	*	2
1055	42213	125	4	0	0	*	2
1056	42253	123	4	0	0	*	2
1057	42293	121	4	0	0	*	2
1058	42333	119	4	0	0	*	2
1059	42373	117	4	0	0	*	2
1060	42413	114	4	0	0	*	2
1061	42453	112	5	0	0	*	2
1062	42493	110	5	0	0	*	2
1063	42533	108	5	0	0	*	2
1064	42573	106	6	0	0	*	2
1065	42613	104	6	0	0	*	2
1066	42653	102	6	0	0	*	2
1067	42693	100	7	0	0	*	2
1068	42733	98	7	0	0	*	2
1069	42773	97	8	0	0	*	2
1070	42813	95	8	0	0	*	2
1071	42853	93	9	0	0	*	2
1072	42893	91	10	0	0	*	2
1073	42933	89	10	0	0	*	2
1074	42973	87	11	0	0	*	2
1075	43013	85	12	0	0	*	2
1076	43053	83	12	0	0	*	2
1077	43093	80	13	0	0	*	2
1078	43133	79	14	0	0	*	2
1079	43173	77	14	0	0	*	2
1080	43213	75	16	0	0	*	2
1081	43253	73	16	0	0	*	2
1082	43293	72	17	0	0	*	2
1083	43333	70	18	0	0	*	2
1084	43373	68	19	0	0	*	2
1085	43413	66	20	0	0	*	2
1086	43453	65	21	0	0	*	2
1087	43493	63	22	0	0	*	2
1088	43533	61	23	0	0	*	2
1089	43573	60	24	0	0	*	2
1090	43613	58	25	0	0	*	2
1091	43653	56	26	0	0	*	2
1092	43693	55	27	0	0	*	2
1093	43733	53	28	0	0	*	2
1094	43773	51	29	0	0	*	2
1095	43813	50	31	0	0	*	2
1096	43853	48	32	0	0	*	2
1097	43893	47	33	0	0	*	2
1098	43933	45	35	0	0	*	2
1099	43973	44	36	0	0	*	2
1100	44013	42	37	0	0	*	2
1101	44053	41	39	0	0	*	2
1102	44093	39	40	0	0	*	2
1103	44133	38	42	0	0	*	2
1104	44173	36	43	0	0	*	2
1105	44213	35	45	0	0	*	2
1106	44253	34	46	0	0	*	2
1107	44293	33	47	0	0	*	2
1108	44333	31	49	0	0	*	2
1109	44373	30	51	0	0	*	2
1110	44413	29	52	0	0	*	2
1111	44453	28	54	0	0	*	2
1112	44493	27	56	0	0	*	2
1113	44533	25	57	0	0	*	2
1114	44573	25	59	0	0	*	2
1115	44613	24	61	0	0	*	2
1116	44653	23	63	0	0	*	2
1117	44693	22	64	0	0	*	2
1118	44733	21	66	0	0	*	2
1119	44773	20	68	0	0	*	2
1120	44813	19	70	0	0	*	2
1121	44853	18	71	0	0	*	2
1122	44893	17	73	0	0	*	2
1123	44933	16	75	0	0	*	2
1124	44973	15	76	0	0	*	2
1125	45013	14	78	0	0	*	2
1126	45053	14	80	0	0	*	2
1127	45093	13	82	0	0	*	2
1128	45133	12	84	0	0	*	2
1129	45173	12	86	0	0	*	2
1130	45213	11	88	0	0	*	2
1131	45253	11	89	0	0	*	2
1132	45293	10	91	0	0	*	2
1133	45333	10	93	0	0	*	2
1134	45373	9	94	0	0	*	2
1135	45413	9	97	0	0	*	2
1136	45453	8	99	0	0	*	2
1137	45493	8	101	0	0	*	2
1138	45533	7	102	0	0	*	2
1139	45573	7	105	0	0	*	2
1140	45613	7	107	0	0	*	2
1141	45653	6	109	0	0	*	2
1142	45693	6	112	0	0	*	2
1143	45733	6	113	0	0	*	2
1144	45773	5	115	0	0	*	2
1145	45813	5	117	0	0	*	2
1146	45853	5	119	0	0	*	2
1147	45893	5	122	0	0	*	2
1148	45933	5	124	0	0	*	2
1149	45973	5	126	0	0	*	2
1150	46013	5	128	0	0	*	2
1151	46053	5	130	0	0	*	2
1152	46093	5	133	0	0	*	2
1153	46133	5	135	0	0	*	2
1154	46173	5	137	0	0	*	2
1155	46213	6	139	0	0	*	2
1156	46253	6	141	0	0	*	2
1157	46293	6	143	0	0	*	2
1158	46333	7	144	0	0	*	2
1159	46373	7	146	0	0	*	2
1160	46413	7	149	0	0	*	2
1161	46453	8	151	0	0	*	2
1162	46493	8	153	0	0	*	2
1163	46533	9	155	0	0	*	2
1164	46573	9	157	0	0	*	2
1165	46613	10	158	0	0	*	2
1166	46653	10	161	0	0	*	2
1167	46693	11	162	0	0	*	2
1168	46733	12	164	0	0	*	2
1169	46773	12	166	0	0	*	2
1170	46813	12	168	0	0	*	2
1171	46853	13	170	0	0	*	2
1172	46893	14	171	0	0	*	2
1173	46933	15	174	0	0	*	2
1174	46973	16	176	0	0	*	2
1175	47013	17	178	0	0	*	2
1176	47053	18	179	0	0	*	2
1177	47093	19	181	0	0	*	2
1178	47133	20	183	0	0	*	2
1179	47173	21	185	0	0	*	2
1180	47213	22	187	0	0	*	2
1181	47253	23	188	0	0	*	2
1182	47293	24	190	0	0	*	2
1183	47333	25	192	0	0	*	2
1184	47373	26	194	0	0	*	2
1185	47413	27	196	0	0	*	2
1186	47453	29	197	0	0	*	2
1187	47493	30	199	0	0	*	2
1188	47533	31	200	0	0	*	2
1189	47573	33	202	0	0	*	2
1190	47613	34	204	0	0	*	2
1191	47653	35	205	0	0	*	2
1192	47693	36	207	0	0	*	2
1193	47733	38	208	0	0	*	2
1194	47773	40	209	0	0	*	2
1195	47813	41	211	0	0	*	2
1196	47853	43	213	0	0	*	2
1197	47893	44	214	0	0	*	2
1198	47933	46	216	0	0	*	2
1199	47973	48	217	0	0	*	2
1200	48013	49	219	0	0	*	2
1201	48053	51	220	0	0	*	2
1202	48093	53	221	0	0	*	2
1203	48133	54	222	0	0	*	2
1204	48173	56	223	0	0	*	2
1205	48213	58	225	0	0	*	2
1206	48253	59	226	0	0	*	2
1207	48293	61	227	0	0	*	2
1208	48333	63	228	0	0	*	2
1209	48373	64	229	0	0	*	2
1210	48413	66	230	0	0	*	2
1211	48453	68	231	0	0	*	2
1212	48493	70	232	0	0	*	2
1213	48533	71	233	0	0	*	2
1214	48573	73	234	0	0	*	2
1215	48613	74	235	0	0	*	2
1216	48653	76	236	0	0	*	2
1217	48693	78	237	0	0	*	2
1218	48733	80	238	0	0	*	2
1219	48773	82	239	0	0	*	2
1220	48813	84	239	0	0	*	2
1221	48853	86	240	0	0	*	2
1222	48893	88	241	0	0	*	2
1223	48933	90	241	0	0	*	2
1224	48973	92	242	0	0	*	2
1225	49013	94	242	0	0	*	2
1226	49053	96	243	0	0	*	2
1227	49093	97	243	0	0	*	2
1228	49133	100	244	0	0	*	2
1229	49173	102	244	0	0	*	2
1230	49213	104	244	0	0	*	2
1231	49253	106	245	0	0	*	2
1232	49293	109	245	0	0	*	2
1233	49333	110	245	0	0	*	2
1234	49373	112	245	0	0	*	2
1235	49413	114	246	0	0	*	2
1236	49453	117	246	0	0	*	2
1237	49493	119	246	0	0	*	2
1238	49533	121	247	0	0	*	2
1239	49573	123	247	0	0	*	2
1240	49613	125	247	0	0	*	2
1241	49653	128	247	0	0	*	2
1242	49693	130	247	0	0	*	2
1243	49733	132	247	0	0	*	2
1244	49773	134	247	0	0	*	2
1245	49813	136	247	0	0	*	2
1246	49853	138	247	0	0	*	2
1247	49893	140	247	0	0	*	2
1248	49933	142	246	0	0	*	2
1249	49973	144	246	0	0	*	2
1250	50013	146	246	0	0	*	2
1251	50053	147	246	0	0	*	2
1252	50093	149	245	0	0	*	2
1253	50133	151	245	0	0	*	2
1254	50173	153	245	0	0	*	2
1255	50213	155	244	0	0	*	2
1256	50253	156	244	0	0	*	2
1257	50293	158	244	0	0	*	2
1258	50333	160	243	0	0	*	2
1259	50373	162	243	0	0	*	2
1260	50413	163	242	0	0	*	2
1261	50453	165	241	0	0	*	2
1262	50493	167	241	0	0	*	2
1263	50533	168	240	0	0	*	2
1264	50573	170	240	0	0	*	2
1265	50613	172	239	0	0	*	2
1266	50653	174	238	0	0	*	2
1267	50693	176	237	0	0	*	2
1268	50733	178	236	0	0	*	2
1269	50773	180	236	0	0	*	2
1270	50813	182	235	0	0	*	2
1271	50853	183	234	0	0	*	2
1272	50893	185	233	0	0	*	2
1273	50933	187	232	0	0	*	2
1274	50973	189	231	0	0	*	2
1275	51013	190	230	0	0	*	2
1276	51053	192	229	0	0	*	2
1277	51093	194	228	0	0	*	2
1278	51133	195	227	0	0	*	2
1279	51173	197	226	0	0	*	2
1280	51213	198	225	0	0	*	2
1281	51253	200	224	0	0	*	2
1282	51293	201	223	0	0	*	2
1283	51333	203	221	0	0	*	2
1284	51373	205	220	0	0	*	2
1285	51413	206	218	0	0	*	2
1286	51453	208	217	0	0	*	2
1287	51493	209	216	0	0	*	2
1288	51533	211	214	0	0	*	2
1289	51573	213	213	0	0	*	2
1290	51613	214	211	0	0	*	2
1291	51653	215	210	0	0	*	2
1292	51693	217	209	0	0	*	2
1293	51733	218	207	0	0	*	2
1294	51773	219	206	0	0	*	2
1295	51813	221	205	0	0	*	2
1296	51853	222	203	0	0	*	2
1297	51893	223	201	0	0	*	2
1298	51933	225	200	0	0	*	2
1299	51973	226	198	0	0	*	2
1300	52013	227	197	0	0	*	2
1301	52053	228	195	0	0	*	2
1302	52093	229	194	0	0	*	2
1303	52133	231	192	0	0	*	2
1304	52173	231	190	0	0	*	2
1305	52213	232	189	0	0	*	2
1306	52253	233	187	0	0	*	2
1307	52293	234	185	0	0	*	2
1308	52333	235	184	0	0	*	2
1309	52373	236	183	0	0	*	2
1310	52413	237	181	0	0	*	2
1311	52453	238	179	0	0	*	2
1312	52493	239	177	0	0	*	2
1313	52533	239	175	0	0	*	2
1314	52573	240	174	0	0	*	2
1315	52613	241	172	0	0	*	2
1316	52653	242	170	0	0	*	2
1317	52693	242	168	0	0	*	2
1318	52733	243	167	0	0	*	2
1319	52773	243	165	0	0	*	2
1320	52813	244	163	0	0	*	2
1321	52853	244	162	0	0	*	2
1322	52893	245	160	0	0	*	2
1323	52933	246	158	0	0	*	2
1324	52973	246	156	0	0	*	2
1325	53013	247	153	0	0	*	2
1326	53053	247	152	0	0	*	2
1327	53093	248	150	0	0	*	2
1328	53133	248	148	0	0	*	2
1329	53173	248	146	0	0	*	2
1330	53213	249	144	0	0	*	2
1331	53253	249	142	0	0	*	2
1332	53293	249	139	0	0	*	2
1333	53333	250	138	0	0	*	2
1334	53373	250	136	0	0	*	2
1335	53413	250	134	0	0	*	2
1336	53453	250	132	0	0	*	2
1337	53493	250	129	0	0	*	2
1338	53533	250	127	0	0	*	2
1339	53573	250	125	0	0	*	2
1340	53613	250	123	0	0	*	2
1341	53653	250	120	0	0	*	2
1342	53693	250	118	0	0	*	2
1343	53733	250	116	0	0	*	2
1344	53773	249	115	0	0	*	2
1345	53813	249	113	0	0	*	2
1346	53853	249	111	0	0	*	2
1347	53893	249	109	0	0	*	2
1348	53933	249	107	0	0	*	2
1349	53973	248	105	0	0	*	2
1350	54013	248	103	0	0	*	2
1351	54053	247	101	0	0	*	2
1352	54093	247	99	0	0	*	2
1353	54133	247	97	0	0	*	2
1354	54173	246	95	0	0	*	2
1355	54213	246	93	0	0	*	2
1356	54253	245	92	0	0	*	2
1357	54293	244	90	0	0	*	2
1358	54333	244	88	0	0	*	2
1359	54373	243	86	0	0	*	2
1360	54413	243	84	0	0	*	2
1361	54453	243	82	0	0	*	2
1362	54493	242	80	0	0	*	2
1363	54533	241	79	0	0	*	2
1364	54573	240	77	0	0	*	2
1365	54613	239	75	0	0	*	2
1366	54653	238	73	0	0	*	2
1367	54693	237	71	0	0	*	2
1368	54733	236	70	0	0	*	2
1369	54773	235	68	0	0	*	2
1370	54813	234	67	0	0	*	2
1371	54853	233	65	0	0	*	2
1372	54893	232	64	0	0	*	2
1373	54933	231	62	0	0	*	2
1374	54973	230	60	0	0	*	2
1375	55013	229	58	0	0	*	2
1376	55053	228	57	0	0	*	2
1377	55093	226	55	0	0	*	2
1378	55133	225	53	0	0	*	2
1379	55173	224	52	0	0	*	2
1380	55213	222	50	0	0	*	2
1381	55253	221	48	0	0	*	2
1382	55293	220	46	0	0	*	2
1383	55333	219	45	0	0	*	2
1384	55373	217	44	0	0	*	2
1385	55413	216	42	0	0	*	2
1386	55453	215	41	0	0	*	2
1387	55493	213	39	0	0	*	2
1388	55533	212	38	0	0	*	2
1389	55573	210	37	0	0	*	2
1390	55613	209	35	0	0	*	2
1391	55653	207	34	0	0	*	2
1392	55693	206	32	0	0	*	2
1393	55733	205	31	0	0	*	2
1394	55773	203	30	0	0	*	2
1395	55813	201	29	0	0	*	2
1396	55853	200	27	0	0	*	2
1397	55893	198	26	0	0	*	2
1398	55933	197	25	0	0	*	2
1399	55973	195	24	0	0	*	2
1400	56013	194	23	0	0	*	2
1401	56053	192	22	0	0	*	2
1402	56093	191	21	0	0	*	2
1403	56133	189	20	0	0	*	2
1404	56173	187	19	0	0	*	2
1405	56213	185	18	0	0	*	2
1406	56253	183	17	0	0	*	2
1407	56293	182	16	0	0	*	2
1408	56333	180	15	0	0	*	2
1409	56373	178	15	0	0	*	2
1410	56413	176	14	0	0	*	2
1411	56453	174	13	0	0	*	2
1412	56493	172	12	0	0	*	2
1413	56533	170	11	0	0	*	2
1414	56573	168	11	0	0	*	2
1415	56613	166	10	0	0	*	2
1416	56653	165	9	0	0	*	2
1417	56693	163	9	0	0	*	2
1418	56733	161	8	0	0	*	2
1419	56773	159	7	0	0	*	2
1420	56813	157	7	0	0	*	2
1421	56853	155	6	0	0	*	2
1422	56893	153	6	0	0	*	2
1423	56933	151	6	0	0	*	2
1424	56973	149	6	0	0	*	2
1425	57013	147	5	0	0	*	2
1426	57053	145	5	0	0	*	2
1427	57093	143	5	0	0	*	2
1428	57133	141	5	0	0	*	2
1429	57173	139	5	0	0	*	2
1430	57213	137	4	0	0	*	2
1431	57253	135	4	0	0	*	2
1432	57293	133	4	0	0	*	2
1433	57333	131	4	0	0	*	2
1434	57373	129	4	0	0	*	2
1435	57413	127	4	0	0	*	2
1436	57453	125	4	0	0	*	2
1437	57493	123	4	0	0	*	2
1438	57533	121	4	0	0	*	2
1439	57573	119	4	0	0	*	2
1440	57613	117	4	0	0	*	2
1441	57653	115	5	0	0	*	2
1442	57693	113	5	0	0	*	2
1443	57733	110	5	0	0	*	2
1444	57773	109	5	0	0	*	2
1445	57813	107	6	0	0	*	2
1446	57853	104	6	0	0	*	2
1447	57893	102	7	0	0	*	2
1448	57933	101	7	0	0	*	2
1449	57973	99	7	0	0	*	2
1450	58013	97	8	0	0	*	2
1451	58053	95	8	0	0	*	2
1452	58093	93	9	0	0	*	2
1453	58133	90	10	0	0	*	2
1454	58173	89	10	0	0	*	2
1455	58213	87	11	0	0	*	2
1456	58253	85	11	0	0	*	2
1457	58293	83	12	0	0	*	2
1458	58333	81	13	0	0	*	2
1459	58373	79	14	0	0	*	2
1460	58413	77	15	0	0	*	2
1461	58453	75	16	0	0	*	2
1462	58493	74	16	0	0	*	2
1463	58533	72	17	0	0	*	2
1464	58573	71	18	0	0	*	2
1465	58613	69	19	0	0	*	2
1466	58653	67	20	0	0	*	2
1467	58693	65	21	0	0	*	2
1468	58733	63	22	0	0	*	2
1469	58773	62	23	0	0	*	2
1470	58813	61	23	0	0	*	2
1471	58853	59	24	0	0	*	2
1472	58893	57	26	0	0	*	2
1473	58933	55	27	0	0	*	2
1474	58973	54	28	0	0	*	2
1475	59013	52	29	0	0	*	2
1476	59053	51	30	0	0	*	2
1477	59093	49	32	0	0	*	2
1478	59133	48	33	0	0	*	2
1479	59173	46	34	0	0	*	2
1480	59213	45	35	0	0	*	2
1481	59253	44	37	0	0	*	2
1482	59293	42	38	0	0	*	2
1483	59333	41	39	0	0	*	2
1484	59373	39	41	0	0	*	2
1485	59413	37	43	0	0	*	2
1486	59453	36	44	0	0	*	2
1487	59493	35	45	0	0	*	2
1488	59533	34	46	0	0	*	2
1489	59573	33	47	0	0	*	2
1490	59613	32	49	0	0	*	2
1491	59653	31	50	0	0	*	2
1492	59693	29	53	0	0	*	2
1493	59733	28	54	0	0	*	2
1494	59773	27	55	0	0	*	2
1495	59813	26	57	0	0	*	2
1496	59853	25	59	0	0	*	2
1497	59893	24	60	0	0	*	2
1498	59933	23	62	0	0	*	2
1499	59973	22	64	0	0	*	2
1500	60013	21	66	0	0	*	2
1501	60053	20	67	0	0	*	2
1502	60093	19	69	0	0	*	2
1503	60133	18	70	0	0	*	2
1504	60173	17	72	0	0	*	2
1505	60213	16	74	0	0	*	2
1506	60253	15	76	0	0	*	2
1507	60293	15	77	0	0	*	2
1508	60333	14	79	0	0	*	2
1509	60373	13	81	0	0	*	2
1510	60413	13	83	0	0	*	2
1511	60453	12	85	0	0	*	2
1512	60493	12	87	0	0	*	2
1513	60533	11	88	0	0	*	2
1514	60573	11	90	0	0	*	2
1515	60613	10	92	0	0	*	2
1516	60653	10	93	0	0	*	2
1517	60693	9	95	0	0	*	2
1518	60733	8	97	0	0	*	2
1519	60773	8	99	0	0	*	2
1520	60813	7	101	0	0	*	2
1521	60853	7	103	0	0	*	2
1522	60893	7	104	0	0	*	2
1523	60933	6	106	0	0	*	2
1524	60973	6	108	0	0	*	2
1525	61013	6	110	0	0	*	2
