%%BEGIN_HEADER
	%%BEGIN DATABASE_INFORMATION
		%Date.0 ( 30.9.2019 )
		%Time.0 ( 15:18 )
	%%END DATABASE_INFORMATION
	%%BEGIN SETUP_INFORMATION
		%TrackerVersion.0 ( Tracker version 2.38 release 12.8.2012 )
		%ElapsedTime_ms.0 ( 61418 )
		%Paradigm.0 ( PlacePreference )
		%FeederParameters.0 ( 1500 0 )
			// %FeederParameters.0 ( ENTRANCE_LATENCY EXIT_LATENCY )
		%ElapsedPath_m.0 ( 0.00 )
		%ArenaDiameter_m.0 ( 1.80 )
		%TrackerResolution_PixPerCM.0 ( 1.4222 )
		%ArenaCenterXY.0 ( 127.5 127.5 )
		%Frame.0 ( RoomFrame )
		%ReinforcedSector.0 ( 127.5000 216.7500 7 )
			//%ReinforcedSector.0 ( CENTER_X CENTER_Y RADIUS )
		%RoomTrackReinforcedSector.0 ( 127.5000 216.7500 7 )
			//%RoomTrackReinforcedSector.0 ( CENTER_X CENTER_Y RADIUS )
	%%END SETUP_INFORMATION
	%%BEGIN RECORD_FORMAT
		%Sample.0 ( FrameCount 1msTimeStamp RoomX RoomY Sectors State Flags FrameInfo )
			//Sectors indicate if the object is in a target. Number is binary coded. Sectors = 0: no target, Sectors = 1: room target, Sectors: = 2 arena target, Sectors: = 3 room and arena target
			////State indicates the Watermaze State: OutsideTarget = 0, EntranceLatency = 1, InsideTarget = 3, OutsideRefractory = 4, BadSpot = 5
			//FrameInfo indicates succesfuly tracked spots: ReferencePoint * 2^0 + Spot0 * 2^(1+0) + Spot1 * 2^(1+1) + Spot2 * 2^(1+2) .... 
	%%END RECORD_FORMAT
%%END_HEADER
1	58	220	53	0	0	*	2
2	98	220	54	0	0	*	2
3	138	220	54	0	0	*	2
4	178	221	54	0	0	*	2
5	218	222	54	0	0	*	2
6	258	222	55	0	0	*	2
7	298	223	56	0	0	*	2
8	338	223	56	0	0	*	2
9	378	223	57	0	0	*	2
10	418	223	58	0	0	*	2
11	458	223	58	0	0	*	2
12	498	223	59	0	0	*	2
13	538	223	60	0	0	*	2
14	578	222	61	0	0	*	2
15	618	222	62	0	0	*	2
16	658	221	62	0	0	*	2
17	698	220	63	0	0	*	2
18	738	219	64	0	0	*	2
19	778	218	64	0	0	*	2
20	818	217	65	0	0	*	2
21	858	216	66	0	0	*	2
22	898	214	66	0	0	*	2
23	938	212	67	0	0	*	2
24	978	211	68	0	0	*	2
25	1018	209	69	0	0	*	2
26	1058	207	69	0	0	*	2
27	1098	206	70	0	0	*	2
28	1138	203	70	0	0	*	2
29	1178	201	71	0	0	*	2
30	1218	199	72	0	0	*	2
31	1258	196	73	0	0	*	2
32	1298	194	74	0	0	*	2
33	1338	192	74	0	0	*	2
34	1378	189	75	0	0	*	2
35	1418	186	76	0	0	*	2
36	1458	184	77	0	0	*	2
37	1498	181	78	0	0	*	2
38	1538	178	79	0	0	*	2
39	1578	176	79	0	0	*	2
40	1618	173	80	0	0	*	2
41	1658	170	81	0	0	*	2
42	1698	167	82	0	0	*	2
43	1738	164	83	0	0	*	2
44	1778	162	84	0	0	*	2
45	1818	158	85	0	0	*	2
46	1858	156	86	0	0	*	2
47	1898	152	87	0	0	*	2
48	1938	149	88	0	0	*	2
49	1978	147	88	0	0	*	2
50	2018	144	89	0	0	*	2
51	2058	141	90	0	0	*	2
52	2098	138	91	0	0	*	2
53	2138	135	92	0	0	*	2
54	2178	133	92	0	0	*	2
55	2218	129	93	0	0	*	2
56	2258	126	94	0	0	*	2
57	2298	123	94	0	0	*	2
58	2338	120	95	0	0	*	2
59	2378	117	96	0	0	*	2
60	2418	113	97	0	0	*	2
61	2458	110	98	0	0	*	2
62	2498	107	98	0	0	*	2
63	2538	103	99	0	0	*	2
64	2578	100	100	0	0	*	2
65	2618	97	100	0	0	*	2
66	2658	95	101	0	0	*	2
67	2698	91	101	0	0	*	2
68	2738	88	102	0	0	*	2
69	2778	85	102	0	0	*	2
70	2818	81	102	0	0	*	2
71	2858	78	103	0	0	*	2
72	2898	75	103	0	0	*	2
73	2938	72	103	0	0	*	2
74	2978	68	104	0	0	*	2
75	3018	65	104	0	0	*	2
76	3058	62	104	0	0	*	2
77	3098	59	104	0	0	*	2
78	3138	56	104	0	0	*	2
79	3178	52	105	0	0	*	2
80	3218	49	105	0	0	*	2
81	3258	46	105	0	0	*	2
82	3298	43	105	0	0	*	2
83	3338	40	105	0	0	*	2
84	3378	37	106	0	0	*	2
85	3418	34	106	0	0	*	2
86	3458	31	106	0	0	*	2
87	3498	28	106	0	0	*	2
88	3538	25	106	0	0	*	2
89	3578	15	106	0	0	*	2
90	3618	12	107	0	0	*	2
91	3658	11	106	0	0	*	2
92	3698	10	107	0	0	*	2
93	3738	10	107	0	0	*	2
94	3778	9	107	0	0	*	2
95	3818	8	106	0	0	*	2
96	3858	8	106	0	0	*	2
97	3898	8	106	0	0	*	2
98	3938	7	107	0	0	*	2
99	3978	7	108	0	0	*	2
100	4018	8	106	0	0	*	2
101	4058	7	106	0	0	*	2
102	4098	8	106	0	0	*	2
103	4138	8	105	0	0	*	2
104	4178	8	103	0	0	*	2
105	4218	8	104	0	0	*	2
106	4258	8	104	0	0	*	2
107	4298	8	101	0	0	*	2
108	4338	8	101	0	0	*	2
109	4378	9	99	0	0	*	2
110	4418	9	99	0	0	*	2
111	4458	10	97	0	0	*	2
112	4498	10	98	0	0	*	2
113	4538	10	97	0	0	*	2
114	4578	10	98	0	0	*	2
115	4618	10	97	0	0	*	2
116	4658	11	95	0	0	*	2
117	4698	11	93	0	0	*	2
118	4738	12	92	0	0	*	2
119	4778	12	91	0	0	*	2
120	4818	13	89	0	0	*	2
121	4858	14	87	0	0	*	2
122	4898	15	85	0	0	*	2
123	4938	16	82	0	0	*	2
124	4978	17	80	0	0	*	2
125	5018	17	78	0	0	*	2
126	5058	18	76	0	0	*	2
127	5098	19	74	0	0	*	2
128	5138	21	72	0	0	*	2
129	5178	22	70	0	0	*	2
130	5218	24	67	0	0	*	2
131	5258	25	63	0	0	*	2
132	5298	27	61	0	0	*	2
133	5338	29	59	0	0	*	2
134	5378	31	57	0	0	*	2
135	5418	34	54	0	0	*	2
136	5458	38	50	0	0	*	2
137	5498	40	49	0	0	*	2
138	5538	39	46	0	0	*	2
139	5578	42	43	0	0	*	2
140	5618	44	41	0	0	*	2
141	5658	46	38	0	0	*	2
142	5698	48	36	0	0	*	2
143	5738	50	33	0	0	*	2
144	5778	53	31	0	0	*	2
145	5818	55	29	0	0	*	2
146	5858	58	26	0	0	*	2
147	5898	61	24	0	0	*	2
148	5938	63	23	0	0	*	2
149	5978	66	21	0	0	*	2
150	6018	69	20	0	0	*	2
151	6058	71	18	0	0	*	2
152	6098	73	17	0	0	*	2
153	6138	76	15	0	0	*	2
154	6178	78	14	0	0	*	2
155	6218	82	13	0	0	*	2
156	6258	84	13	0	0	*	2
157	6298	86	11	0	0	*	2
158	6338	89	10	0	0	*	2
159	6378	91	10	0	0	*	2
160	6418	94	9	0	0	*	2
161	6458	97	8	0	0	*	2
162	6498	99	8	0	0	*	2
163	6538	102	7	0	0	*	2
164	6578	104	6	0	0	*	2
165	6618	107	6	0	0	*	2
166	6658	109	5	0	0	*	2
167	6698	112	5	0	0	*	2
168	6738	115	4	0	0	*	2
169	6778	118	4	0	0	*	2
170	6818	120	4	0	0	*	2
171	6858	122	4	0	0	*	2
172	6898	125	4	0	0	*	2
173	6938	128	4	0	0	*	2
174	6978	131	4	0	0	*	2
175	7018	134	4	0	0	*	2
176	7058	136	4	0	0	*	2
177	7098	139	4	0	0	*	2
178	7138	142	4	0	0	*	2
179	7178	144	5	0	0	*	2
180	7218	147	5	0	0	*	2
181	7258	150	6	0	0	*	2
182	7298	152	6	0	0	*	2
183	7338	155	7	0	0	*	2
184	7378	158	7	0	0	*	2
185	7418	160	8	0	0	*	2
186	7458	163	8	0	0	*	2
187	7498	165	9	0	0	*	2
188	7538	168	10	0	0	*	2
189	7578	170	11	0	0	*	2
190	7618	172	12	0	0	*	2
191	7658	175	13	0	0	*	2
192	7698	177	14	0	0	*	2
193	7738	180	15	0	0	*	2
194	7778	182	16	0	0	*	2
195	7818	184	17	0	0	*	2
196	7858	186	19	0	0	*	2
197	7898	189	20	0	0	*	2
198	7938	191	22	0	0	*	2
199	7978	194	23	0	0	*	2
200	8018	196	24	0	0	*	2
201	8058	198	26	0	0	*	2
202	8098	200	27	0	0	*	2
203	8138	203	29	0	0	*	2
204	8178	204	30	0	0	*	2
205	8218	206	32	0	0	*	2
206	8258	208	34	0	0	*	2
207	8298	210	36	0	0	*	2
208	8338	212	37	0	0	*	2
209	8378	214	39	0	0	*	2
210	8418	215	40	0	0	*	2
211	8458	217	42	0	0	*	2
212	8498	219	44	0	0	*	2
213	8538	220	46	0	0	*	2
214	8578	222	49	0	0	*	2
215	8618	224	50	0	0	*	2
216	8658	225	53	0	0	*	2
217	8698	227	55	0	0	*	2
218	8738	228	58	0	0	*	2
219	8778	230	60	0	0	*	2
220	8818	231	62	0	0	*	2
221	8858	232	65	0	0	*	2
222	8898	234	68	0	0	*	2
223	8938	235	70	0	0	*	2
224	8978	237	72	0	0	*	2
225	9018	238	74	0	0	*	2
226	9058	239	76	0	0	*	2
227	9098	240	79	0	0	*	2
228	9138	241	81	0	0	*	2
229	9178	242	83	0	0	*	2
230	9218	243	85	0	0	*	2
231	9258	244	87	0	0	*	2
232	9298	244	89	0	0	*	2
233	9338	245	92	0	0	*	2
234	9378	246	94	0	0	*	2
235	9418	247	97	0	0	*	2
236	9458	248	100	0	0	*	2
237	9498	248	102	0	0	*	2
238	9538	249	104	0	0	*	2
239	9578	249	107	0	0	*	2
240	9618	249	109	0	0	*	2
241	9658	250	113	0	0	*	2
242	9698	250	115	0	0	*	2
243	9738	250	117	0	0	*	2
244	9778	250	120	0	0	*	2
245	9818	250	123	0	0	*	2
246	9858	250	125	0	0	*	2
247	9898	250	128	0	0	*	2
248	9938	250	131	0	0	*	2
249	9978	250	133	0	0	*	2
250	10018	249	136	0	0	*	2
251	10058	249	138	0	0	*	2
252	10098	249	140	0	0	*	2
253	10138	249	143	0	0	*	2
254	10178	249	144	0	0	*	2
255	10218	248	147	0	0	*	2
256	10258	247	150	0	0	*	2
257	10298	247	152	0	0	*	2
258	10338	246	155	0	0	*	2
259	10378	245	157	0	0	*	2
260	10418	245	159	0	0	*	2
261	10458	244	161	0	0	*	2
262	10498	244	163	0	0	*	2
263	10538	243	166	0	0	*	2
264	10578	242	168	0	0	*	2
265	10618	241	171	0	0	*	2
266	10658	241	173	0	0	*	2
267	10698	240	175	0	0	*	2
268	10738	239	177	0	0	*	2
269	10778	237	180	0	0	*	2
270	10818	236	183	0	0	*	2
271	10858	235	184	0	0	*	2
272	10898	234	185	0	0	*	2
273	10938	232	188	0	0	*	2
274	10978	231	190	0	0	*	2
275	11018	230	193	0	0	*	2
276	11058	228	195	0	0	*	2
277	11098	227	196	0	0	*	2
278	11138	226	198	0	0	*	2
279	11178	224	200	0	0	*	2
280	11218	223	202	0	0	*	2
281	11258	221	204	0	0	*	2
282	11298	220	205	0	0	*	2
283	11338	218	207	0	0	*	2
284	11378	217	209	0	0	*	2
285	11418	215	210	0	0	*	2
286	11458	213	212	0	0	*	2
287	11498	211	214	0	0	*	2
288	11538	209	216	0	0	*	2
289	11578	208	217	0	0	*	2
290	11618	206	219	0	0	*	2
291	11658	204	220	0	0	*	2
292	11698	201	222	0	0	*	2
293	11738	199	224	0	0	*	2
294	11778	197	225	0	0	*	2
295	11818	196	226	0	0	*	2
296	11858	194	228	0	0	*	2
297	11898	191	229	0	0	*	2
298	11938	189	230	0	0	*	2
299	11978	187	232	0	0	*	2
300	12018	185	232	0	0	*	2
301	12058	183	233	0	0	*	2
302	12098	181	235	0	0	*	2
303	12138	179	236	0	0	*	2
304	12178	176	237	0	0	*	2
305	12218	174	238	0	0	*	2
306	12258	172	239	0	0	*	2
307	12298	170	240	0	0	*	2
308	12338	167	240	0	0	*	2
309	12378	165	241	0	0	*	2
310	12418	162	242	0	0	*	2
311	12458	160	243	0	0	*	2
312	12498	158	243	0	0	*	2
313	12538	155	244	0	0	*	2
314	12578	153	244	0	0	*	2
315	12618	150	245	0	0	*	2
316	12658	147	246	0	0	*	2
317	12698	145	246	0	0	*	2
318	12738	143	246	0	0	*	2
319	12778	140	246	0	0	*	2
320	12818	137	246	0	0	*	2
321	12858	134	247	0	0	*	2
322	12898	132	247	0	0	*	2
323	12938	129	247	0	0	*	2
324	12978	126	247	0	0	*	2
325	13018	123	246	0	0	*	2
326	13058	121	246	0	0	*	2
327	13098	118	246	0	0	*	2
328	13138	115	246	0	0	*	2
329	13178	113	246	0	0	*	2
330	13218	110	245	0	0	*	2
331	13258	108	245	0	0	*	2
332	13298	106	245	0	0	*	2
333	13338	102	244	0	0	*	2
334	13378	100	244	0	0	*	2
335	13418	97	243	0	0	*	2
336	13458	95	242	0	0	*	2
337	13498	92	242	0	0	*	2
338	13538	90	241	0	0	*	2
339	13578	87	240	0	0	*	2
340	13618	85	239	0	0	*	2
341	13658	82	238	0	0	*	2
342	13698	80	237	0	0	*	2
343	13738	78	236	0	0	*	2
344	13778	75	235	0	0	*	2
345	13818	73	234	0	0	*	2
346	13858	70	233	0	0	*	2
347	13898	68	232	0	0	*	2
348	13938	66	230	0	0	*	2
349	13978	63	229	0	0	*	2
350	14018	61	227	0	0	*	2
351	14058	59	226	0	0	*	2
352	14098	57	224	0	0	*	2
353	14138	54	222	0	0	*	2
354	14178	52	220	0	0	*	2
355	14218	50	218	0	0	*	2
356	14258	48	216	0	0	*	2
357	14298	46	214	0	0	*	2
358	14338	43	212	0	0	*	2
359	14378	41	210	0	0	*	2
360	14418	39	208	0	0	*	2
361	14458	37	206	0	0	*	2
362	14498	35	204	0	0	*	2
363	14538	33	201	0	0	*	2
364	14578	32	200	0	0	*	2
365	14618	29	197	0	0	*	2
366	14658	28	195	0	0	*	2
367	14698	26	193	0	0	*	2
368	14738	25	191	0	0	*	2
369	14778	24	189	0	0	*	2
370	14818	23	187	0	0	*	2
371	14858	21	184	0	0	*	2
372	14898	19	182	0	0	*	2
373	14938	18	180	0	0	*	2
374	14978	17	178	0	0	*	2
375	15018	16	176	0	0	*	2
376	15058	15	173	0	0	*	2
377	15098	14	170	0	0	*	2
378	15138	13	167	0	0	*	2
379	15178	12	165	0	0	*	2
380	15218	11	163	0	0	*	2
381	15258	11	161	0	0	*	2
382	15298	10	158	0	0	*	2
383	15338	9	155	0	0	*	2
384	15378	8	152	0	0	*	2
385	15418	8	151	0	0	*	2
386	15458	7	148	0	0	*	2
387	15498	7	145	0	0	*	2
388	15538	6	143	0	0	*	2
389	15578	6	140	0	0	*	2
390	15618	6	138	0	0	*	2
391	15658	6	136	0	0	*	2
392	15698	5	133	0	0	*	2
393	15738	5	130	0	0	*	2
394	15778	5	128	0	0	*	2
395	15818	5	124	0	0	*	2
396	15858	5	122	0	0	*	2
397	15898	5	120	0	0	*	2
398	15938	5	117	0	0	*	2
399	15978	5	115	0	0	*	2
400	16018	6	112	0	0	*	2
401	16058	6	109	0	0	*	2
402	16098	6	107	0	0	*	2
403	16138	7	105	0	0	*	2
404	16178	7	102	0	0	*	2
405	16218	8	100	0	0	*	2
406	16258	8	97	0	0	*	2
407	16298	9	94	0	0	*	2
408	16338	9	93	0	0	*	2
409	16378	10	91	0	0	*	2
410	16418	11	88	0	0	*	2
411	16458	12	86	0	0	*	2
412	16498	12	84	0	0	*	2
413	16538	13	82	0	0	*	2
414	16578	14	80	0	0	*	2
415	16618	15	78	0	0	*	2
416	16658	16	75	0	0	*	2
417	16698	17	72	0	0	*	2
418	16738	18	70	0	0	*	2
419	16778	19	68	0	0	*	2
420	16818	21	66	0	0	*	2
421	16858	22	63	0	0	*	2
422	16898	23	61	0	0	*	2
423	16938	25	58	0	0	*	2
424	16978	27	56	0	0	*	2
425	17018	28	54	0	0	*	2
426	17058	29	52	0	0	*	2
427	17098	31	50	0	0	*	2
428	17138	33	47	0	0	*	2
429	17178	35	45	0	0	*	2
430	17218	36	43	0	0	*	2
431	17258	38	41	0	0	*	2
432	17298	40	39	0	0	*	2
433	17338	41	38	0	0	*	2
434	17378	43	36	0	0	*	2
435	17418	46	33	0	0	*	2
436	17458	48	32	0	0	*	2
437	17498	49	31	0	0	*	2
438	17538	52	29	0	0	*	2
439	17578	54	27	0	0	*	2
440	17618	57	25	0	0	*	2
441	17658	59	24	0	0	*	2
442	17698	61	23	0	0	*	2
443	17738	63	22	0	0	*	2
444	17778	65	20	0	0	*	2
445	17818	68	19	0	0	*	2
446	17858	70	17	0	0	*	2
447	17898	73	16	0	0	*	2
448	17938	75	15	0	0	*	2
449	17978	77	14	0	0	*	2
450	18018	80	13	0	0	*	2
451	18058	83	12	0	0	*	2
452	18098	85	11	0	0	*	2
453	18138	87	10	0	0	*	2
454	18178	90	9	0	0	*	2
455	18218	93	8	0	0	*	2
456	18258	96	8	0	0	*	2
457	18298	98	7	0	0	*	2
458	18338	101	6	0	0	*	2
459	18378	103	6	0	0	*	2
460	18418	105	5	0	0	*	2
461	18458	109	5	0	0	*	2
462	18498	110	4	0	0	*	2
463	18538	113	4	0	0	*	2
464	18578	116	4	0	0	*	2
465	18618	118	3	0	0	*	2
466	18658	121	3	0	0	*	2
467	18698	123	3	0	0	*	2
468	18738	125	3	0	0	*	2
469	18778	128	3	0	0	*	2
470	18818	131	3	0	0	*	2
471	18858	133	3	0	0	*	2
472	18898	135	3	0	0	*	2
473	18938	138	3	0	0	*	2
474	18978	141	3	0	0	*	2
475	19018	144	4	0	0	*	2
476	19058	146	4	0	0	*	2
477	19098	148	5	0	0	*	2
478	19138	151	5	0	0	*	2
479	19178	154	6	0	0	*	2
480	19218	157	7	0	0	*	2
481	19258	159	7	0	0	*	2
482	19298	162	8	0	0	*	2
483	19338	164	8	0	0	*	2
484	19378	166	9	0	0	*	2
485	19418	169	10	0	0	*	2
486	19458	171	11	0	0	*	2
487	19498	174	12	0	0	*	2
488	19538	176	13	0	0	*	2
489	19578	178	14	0	0	*	2
490	19618	181	15	0	0	*	2
491	19658	182	16	0	0	*	2
492	19698	185	18	0	0	*	2
493	19738	188	19	0	0	*	2
494	19778	190	20	0	0	*	2
495	19818	191	21	0	0	*	2
496	19858	194	23	0	0	*	2
497	19898	196	24	0	0	*	2
498	19938	198	26	0	0	*	2
499	19978	200	27	0	0	*	2
500	20018	202	28	0	0	*	2
501	20058	204	30	0	0	*	2
502	20098	206	31	0	0	*	2
503	20138	208	33	0	0	*	2
504	20178	210	35	0	0	*	2
505	20218	212	37	0	0	*	2
506	20258	214	39	0	0	*	2
507	20298	215	40	0	0	*	2
508	20338	217	42	0	0	*	2
509	20378	218	44	0	0	*	2
510	20418	220	46	0	0	*	2
511	20458	222	48	0	0	*	2
512	20498	224	50	0	0	*	2
513	20538	225	52	0	0	*	2
514	20578	227	54	0	0	*	2
515	20618	228	56	0	0	*	2
516	20658	230	58	0	0	*	2
517	20698	231	61	0	0	*	2
518	20738	232	62	0	0	*	2
519	20778	233	65	0	0	*	2
520	20818	235	67	0	0	*	2
521	20858	236	69	0	0	*	2
522	20898	237	71	0	0	*	2
523	20938	238	73	0	0	*	2
524	20978	240	75	0	0	*	2
525	21018	240	77	0	0	*	2
526	21058	242	80	0	0	*	2
527	21098	242	82	0	0	*	2
528	21138	243	84	0	0	*	2
529	21178	244	86	0	0	*	2
530	21218	244	88	0	0	*	2
531	21258	245	90	0	0	*	2
532	21298	246	92	0	0	*	2
533	21338	246	94	0	0	*	2
534	21378	247	97	0	0	*	2
535	21418	248	99	0	0	*	2
536	21458	248	102	0	0	*	2
537	21498	249	105	0	0	*	2
538	21538	249	107	0	0	*	2
539	21578	249	110	0	0	*	2
540	21618	250	112	0	0	*	2
541	21658	250	115	0	0	*	2
542	21698	250	116	0	0	*	2
543	21738	250	119	0	0	*	2
544	21778	250	122	0	0	*	2
545	21818	250	125	0	0	*	2
546	21858	250	128	0	0	*	2
547	21898	250	131	0	0	*	2
548	21938	250	132	0	0	*	2
549	21978	250	135	0	0	*	2
550	22018	250	138	0	0	*	2
551	22058	249	140	0	0	*	2
552	22098	249	143	0	0	*	2
553	22138	249	146	0	0	*	2
554	22178	248	148	0	0	*	2
555	22218	248	150	0	0	*	2
556	22258	247	153	0	0	*	2
557	22298	246	155	0	0	*	2
558	22338	246	158	0	0	*	2
559	22378	245	160	0	0	*	2
560	22418	244	162	0	0	*	2
561	22458	243	164	0	0	*	2
562	22498	243	167	0	0	*	2
563	22538	242	170	0	0	*	2
564	22578	241	172	0	0	*	2
565	22618	240	174	0	0	*	2
566	22658	239	176	0	0	*	2
567	22698	238	179	0	0	*	2
568	22738	237	181	0	0	*	2
569	22778	236	183	0	0	*	2
570	22818	234	185	0	0	*	2
571	22858	233	187	0	0	*	2
572	22898	232	188	0	0	*	2
573	22938	231	190	0	0	*	2
574	22978	230	193	0	0	*	2
575	23018	228	194	0	0	*	2
576	23058	227	197	0	0	*	2
577	23098	225	199	0	0	*	2
578	23138	224	200	0	0	*	2
579	23178	223	202	0	0	*	2
580	23218	221	204	0	0	*	2
581	23258	219	206	0	0	*	2
582	23298	218	208	0	0	*	2
583	23338	216	209	0	0	*	2
584	23378	215	211	0	0	*	2
585	23418	213	212	0	0	*	2
586	23458	211	214	0	0	*	2
587	23498	210	215	0	0	*	2
588	23538	208	217	0	0	*	2
589	23578	206	219	0	0	*	2
590	23618	204	220	0	0	*	2
591	23658	203	222	0	0	*	2
592	23698	200	224	0	0	*	2
593	23738	199	225	0	0	*	2
594	23778	196	226	0	0	*	2
595	23818	194	228	0	0	*	2
596	23858	193	229	0	0	*	2
597	23898	191	230	0	0	*	2
598	23938	188	232	0	0	*	2
599	23978	186	232	0	0	*	2
600	24018	184	233	0	0	*	2
601	24058	182	235	0	0	*	2
602	24098	180	236	0	0	*	2
603	24138	178	237	0	0	*	2
604	24178	175	238	0	0	*	2
605	24218	173	238	0	0	*	2
606	24258	171	239	0	0	*	2
607	24298	169	240	0	0	*	2
608	24338	167	241	0	0	*	2
609	24378	165	242	0	0	*	2
610	24418	162	242	0	0	*	2
611	24458	160	243	0	0	*	2
612	24498	158	244	0	0	*	2
613	24538	155	244	0	0	*	2
614	24578	153	245	0	0	*	2
615	24618	150	245	0	0	*	2
616	24658	148	245	0	0	*	2
617	24698	146	246	0	0	*	2
618	24738	143	246	0	0	*	2
619	24778	140	247	0	0	*	2
620	24818	138	247	0	0	*	2
621	24858	135	247	0	0	*	2
622	24898	133	247	0	0	*	2
623	24938	131	247	0	0	*	2
624	24978	128	247	0	0	*	2
625	25018	125	247	0	0	*	2
626	25058	122	247	0	0	*	2
627	25098	120	247	0	0	*	2
628	25138	117	246	0	0	*	2
629	25178	115	246	0	0	*	2
630	25218	112	246	0	0	*	2
631	25258	109	245	0	0	*	2
632	25298	107	245	0	0	*	2
633	25338	105	245	0	0	*	2
634	25378	102	244	0	0	*	2
635	25418	99	244	0	0	*	2
636	25458	97	243	0	0	*	2
637	25498	95	243	0	0	*	2
638	25538	92	242	0	0	*	2
639	25578	90	241	0	0	*	2
640	25618	87	240	0	0	*	2
641	25658	85	240	0	0	*	2
642	25698	84	239	0	0	*	2
643	25738	82	238	0	0	*	2
644	25778	79	237	0	0	*	2
645	25818	77	235	0	0	*	2
646	25858	74	234	0	0	*	2
647	25898	73	233	0	0	*	2
648	25938	71	232	0	0	*	2
649	25978	69	231	0	0	*	2
650	26018	66	229	0	0	*	2
651	26058	64	228	0	0	*	2
652	26098	62	226	0	0	*	2
653	26138	61	224	0	0	*	2
654	26178	58	223	0	0	*	2
655	26218	56	221	0	0	*	2
656	26258	53	220	0	0	*	2
657	26298	51	218	0	0	*	2
658	26338	49	216	0	0	*	2
659	26378	48	215	0	0	*	2
660	26418	46	213	0	0	*	2
661	26458	43	211	0	0	*	2
662	26498	41	210	0	0	*	2
663	26538	39	208	0	0	*	2
664	26578	37	207	0	0	*	2
665	26618	36	205	0	0	*	2
666	26658	34	203	0	0	*	2
667	26698	32	202	0	0	*	2
668	26738	30	200	0	0	*	2
669	26778	29	198	0	0	*	2
670	26818	28	197	0	0	*	2
671	26858	27	195	0	0	*	2
672	26898	25	193	0	0	*	2
673	26938	24	190	0	0	*	2
674	26978	23	188	0	0	*	2
675	27018	21	186	0	0	*	2
676	27058	20	185	0	0	*	2
677	27098	20	183	0	0	*	2
678	27138	18	180	0	0	*	2
679	27178	16	176	0	0	*	2
680	27218	15	174	0	0	*	2
681	27258	15	173	0	0	*	2
682	27298	14	170	0	0	*	2
683	27338	13	166	0	0	*	2
684	27378	12	164	0	0	*	2
685	27418	11	163	0	0	*	2
686	27458	11	161	0	0	*	2
687	27498	10	159	0	0	*	2
688	27538	9	157	0	0	*	2
689	27578	9	155	0	0	*	2
690	27618	8	153	0	0	*	2
691	27658	8	150	0	0	*	2
692	27698	7	148	0	0	*	2
693	27738	7	145	0	0	*	2
694	27778	6	142	0	0	*	2
695	27818	6	140	0	0	*	2
696	27858	7	135	0	0	*	2
697	27898	6	136	0	0	*	2
698	27938	6	133	0	0	*	2
699	27978	6	131	0	0	*	2
700	28018	6	129	0	0	*	2
701	28058	6	123	0	0	*	2
702	28098	6	123	0	0	*	2
703	28138	5	121	0	0	*	2
704	28178	5	119	0	0	*	2
705	28218	6	117	0	0	*	2
706	28258	6	116	0	0	*	2
707	28298	6	113	0	0	*	2
708	28338	6	110	0	0	*	2
709	28378	7	107	0	0	*	2
710	28418	7	105	0	0	*	2
711	28458	7	103	0	0	*	2
712	28498	8	100	0	0	*	2
713	28538	8	98	0	0	*	2
714	28578	9	96	0	0	*	2
715	28618	10	93	0	0	*	2
716	28658	10	92	0	0	*	2
717	28698	11	90	0	0	*	2
718	28738	11	87	0	0	*	2
719	28778	12	85	0	0	*	2
720	28818	12	84	0	0	*	2
721	28858	13	82	0	0	*	2
722	28898	14	79	0	0	*	2
723	28938	15	77	0	0	*	2
724	28978	16	75	0	0	*	2
725	29018	17	72	0	0	*	2
726	29058	18	71	0	0	*	2
727	29098	18	70	0	0	*	2
728	29138	20	67	0	0	*	2
729	29178	21	65	0	0	*	2
730	29218	23	63	0	0	*	2
731	29258	24	61	0	0	*	2
732	29298	24	60	0	0	*	2
733	29338	26	57	0	0	*	2
734	29378	27	55	0	0	*	2
735	29418	29	53	0	0	*	2
736	29458	30	51	0	0	*	2
737	29498	32	49	0	0	*	2
738	29538	33	47	0	0	*	2
739	29578	35	45	0	0	*	2
740	29618	36	44	0	0	*	2
741	29658	38	42	0	0	*	2
742	29698	40	39	0	0	*	2
743	29738	42	38	0	0	*	2
744	29778	43	36	0	0	*	2
745	29818	45	35	0	0	*	2
746	29858	48	33	0	0	*	2
747	29898	49	31	0	0	*	2
748	29938	51	30	0	0	*	2
749	29978	53	28	0	0	*	2
750	30018	54	27	0	0	*	2
751	30058	57	26	0	0	*	2
752	30098	59	24	0	0	*	2
753	30138	61	23	0	0	*	2
754	30178	63	22	0	0	*	2
755	30218	66	20	0	0	*	2
756	30258	66	20	0	0	*	2
757	30298	70	18	0	0	*	2
758	30338	72	17	0	0	*	2
759	30378	74	16	0	0	*	2
760	30418	77	15	0	0	*	2
761	30458	79	14	0	0	*	2
762	30498	81	13	0	0	*	2
763	30538	84	12	0	0	*	2
764	30578	85	11	0	0	*	2
765	30618	87	10	0	0	*	2
766	30658	90	10	0	0	*	2
767	30698	93	9	0	0	*	2
768	30738	95	8	0	0	*	2
769	30778	97	8	0	0	*	2
770	30818	99	7	0	0	*	2
771	30858	101	6	0	0	*	2
772	30898	104	6	0	0	*	2
773	30938	106	5	0	0	*	2
774	30978	108	5	0	0	*	2
775	31018	110	5	0	0	*	2
776	31058	112	4	0	0	*	2
777	31098	115	4	0	0	*	2
778	31138	118	4	0	0	*	2
779	31178	120	4	0	0	*	2
780	31218	122	4	0	0	*	2
781	31258	124	4	0	0	*	2
782	31298	126	3	0	0	*	2
783	31338	129	3	0	0	*	2
784	31378	132	3	0	0	*	2
785	31418	134	4	0	0	*	2
786	31458	136	4	0	0	*	2
787	31498	138	4	0	0	*	2
788	31538	141	4	0	0	*	2
789	31578	143	4	0	0	*	2
790	31618	146	5	0	0	*	2
791	31658	148	5	0	0	*	2
792	31698	150	6	0	0	*	2
793	31738	152	6	0	0	*	2
794	31778	154	7	0	0	*	2
795	31818	157	7	0	0	*	2
796	31858	159	8	0	0	*	2
797	31898	161	8	0	0	*	2
798	31938	163	9	0	0	*	2
799	31978	165	10	0	0	*	2
800	32018	168	11	0	0	*	2
801	32058	170	12	0	0	*	2
802	32098	172	12	0	0	*	2
803	32138	174	13	0	0	*	2
804	32178	176	14	0	0	*	2
805	32218	178	15	0	0	*	2
806	32258	181	16	0	0	*	2
807	32298	182	17	0	0	*	2
808	32338	184	18	0	0	*	2
809	32378	186	19	0	0	*	2
810	32418	188	20	0	0	*	2
811	32458	190	21	0	0	*	2
812	32498	192	23	0	0	*	2
813	32538	194	24	0	0	*	2
814	32578	195	25	0	0	*	2
815	32618	197	26	0	0	*	2
816	32658	199	27	0	0	*	2
817	32698	200	29	0	0	*	2
818	32738	202	30	0	0	*	2
819	32778	204	31	0	0	*	2
820	32818	205	33	0	0	*	2
821	32858	207	34	0	0	*	2
822	32898	209	36	0	0	*	2
823	32938	210	37	0	0	*	2
824	32978	212	39	0	0	*	2
825	33018	214	40	0	0	*	2
826	33058	216	42	0	0	*	2
827	33098	217	43	0	0	*	2
828	33138	219	45	0	0	*	2
829	33178	220	46	0	0	*	2
830	33218	221	48	0	0	*	2
831	33258	223	50	0	0	*	2
832	33298	224	51	0	0	*	2
833	33338	226	53	0	0	*	2
834	33378	227	56	0	0	*	2
835	33418	228	57	0	0	*	2
836	33458	230	59	0	0	*	2
837	33498	231	61	0	0	*	2
838	33538	232	63	0	0	*	2
839	33578	233	65	0	0	*	2
840	33618	234	67	0	0	*	2
841	33658	235	69	0	0	*	2
842	33698	236	71	0	0	*	2
843	33738	238	73	0	0	*	2
844	33778	239	75	0	0	*	2
845	33818	240	77	0	0	*	2
846	33858	240	79	0	0	*	2
847	33898	241	81	0	0	*	2
848	33938	242	83	0	0	*	2
849	33978	243	86	0	0	*	2
850	34018	244	88	0	0	*	2
851	34058	244	90	0	0	*	2
852	34098	245	92	0	0	*	2
853	34138	246	94	0	0	*	2
854	34178	246	96	0	0	*	2
855	34218	247	98	0	0	*	2
856	34258	247	100	0	0	*	2
857	34298	248	102	0	0	*	2
858	34338	248	104	0	0	*	2
859	34378	248	106	0	0	*	2
860	34418	249	109	0	0	*	2
861	34458	249	111	0	0	*	2
862	34498	249	114	0	0	*	2
863	34538	249	116	0	0	*	2
864	34578	249	117	0	0	*	2
865	34618	249	120	0	0	*	2
866	34658	249	122	0	0	*	2
867	34698	250	125	0	0	*	2
868	34738	250	127	0	0	*	2
869	34778	250	129	0	0	*	2
870	34818	249	132	0	0	*	2
871	34858	249	134	0	0	*	2
872	34898	249	136	0	0	*	2
873	34938	249	138	0	0	*	2
874	34978	249	140	0	0	*	2
875	35018	249	142	0	0	*	2
876	35058	248	145	0	0	*	2
877	35098	248	147	0	0	*	2
878	35138	247	149	0	0	*	2
879	35178	246	151	0	0	*	2
880	35218	246	154	0	0	*	2
881	35258	245	156	0	0	*	2
882	35298	245	158	0	0	*	2
883	35338	244	160	0	0	*	2
884	35378	243	162	0	0	*	2
885	35418	243	164	0	0	*	2
886	35458	242	166	0	0	*	2
887	35498	242	169	0	0	*	2
888	35538	241	171	0	0	*	2
889	35578	240	173	0	0	*	2
890	35618	239	175	0	0	*	2
891	35658	238	177	0	0	*	2
892	35698	237	179	0	0	*	2
893	35738	236	181	0	0	*	2
894	35778	235	183	0	0	*	2
895	35818	234	185	0	0	*	2
896	35858	233	186	0	0	*	2
897	35898	231	188	0	0	*	2
898	35938	231	190	0	0	*	2
899	35978	230	192	0	0	*	2
900	36018	228	194	0	0	*	2
901	36058	227	196	0	0	*	2
902	36098	225	197	0	0	*	2
903	36138	224	199	0	0	*	2
904	36178	223	201	0	0	*	2
905	36218	221	203	0	0	*	2
906	36258	220	204	0	0	*	2
907	36298	219	206	0	0	*	2
908	36338	217	208	0	0	*	2
909	36378	216	209	0	0	*	2
910	36418	214	211	0	0	*	2
911	36458	212	212	0	0	*	2
912	36498	211	214	0	0	*	2
913	36538	209	215	0	0	*	2
914	36578	207	216	0	0	*	2
915	36618	206	218	0	0	*	2
916	36658	204	219	0	0	*	2
917	36698	202	221	0	0	*	2
918	36738	200	222	0	0	*	2
919	36778	199	224	0	0	*	2
920	36818	197	225	0	0	*	2
921	36858	195	226	0	0	*	2
922	36898	194	227	0	0	*	2
923	36938	192	228	0	0	*	2
924	36978	190	230	0	0	*	2
925	37018	188	231	0	0	*	2
926	37058	186	232	0	0	*	2
927	37098	184	233	0	0	*	2
928	37138	182	233	0	0	*	2
929	37178	181	234	0	0	*	2
930	37218	179	235	0	0	*	2
931	37258	177	236	0	0	*	2
932	37298	175	237	0	0	*	2
933	37338	173	238	0	0	*	2
934	37378	171	239	0	0	*	2
935	37418	170	239	0	0	*	2
936	37458	168	240	0	0	*	2
937	37498	165	241	0	0	*	2
938	37538	163	241	0	0	*	2
939	37578	161	242	0	0	*	2
940	37618	159	243	0	0	*	2
941	37658	157	243	0	0	*	2
942	37698	156	243	0	0	*	2
943	37738	153	244	0	0	*	2
944	37778	151	245	0	0	*	2
945	37818	149	245	0	0	*	2
946	37858	146	245	0	0	*	2
947	37898	144	246	0	0	*	2
948	37938	142	246	0	0	*	2
949	37978	139	246	0	0	*	2
950	38018	137	246	0	0	*	2
951	38058	134	247	0	0	*	2
952	38098	132	247	0	0	*	2
953	38138	130	246	0	0	*	2
954	38178	128	246	0	0	*	2
955	38218	126	246	0	0	*	2
956	38258	123	247	0	0	*	2
957	38298	121	246	0	0	*	2
958	38338	118	246	0	0	*	2
959	38378	116	246	0	0	*	2
960	38418	114	245	0	0	*	2
961	38458	112	245	0	0	*	2
962	38498	109	245	0	0	*	2
963	38538	108	244	0	0	*	2
964	38578	105	244	0	0	*	2
965	38618	103	243	0	0	*	2
966	38658	101	243	0	0	*	2
967	38698	99	242	0	0	*	2
968	38738	96	242	0	0	*	2
969	38778	94	242	0	0	*	2
970	38818	92	241	0	0	*	2
971	38858	90	241	0	0	*	2
972	38898	88	240	0	0	*	2
973	38938	86	239	0	0	*	2
974	38978	84	238	0	0	*	2
975	39018	82	237	0	0	*	2
976	39058	80	236	0	0	*	2
977	39098	78	235	0	0	*	2
978	39138	76	235	0	0	*	2
979	39178	74	234	0	0	*	2
980	39218	72	232	0	0	*	2
981	39258	70	232	0	0	*	2
982	39298	69	230	0	0	*	2
983	39338	66	229	0	0	*	2
984	39378	64	228	0	0	*	2
985	39418	63	227	0	0	*	2
986	39458	61	226	0	0	*	2
987	39498	59	224	0	0	*	2
988	39538	58	223	0	0	*	2
989	39578	56	222	0	0	*	2
990	39618	53	220	0	0	*	2
991	39658	52	219	0	0	*	2
992	39698	50	218	0	0	*	2
993	39738	48	217	0	0	*	2
994	39778	46	215	0	0	*	2
995	39818	45	214	0	0	*	2
996	39858	43	212	0	0	*	2
997	39898	41	211	0	0	*	2
998	39938	40	210	0	0	*	2
999	39978	38	208	0	0	*	2
1000	40018	36	207	0	0	*	2
1001	40058	35	205	0	0	*	2
1002	40098	34	203	0	0	*	2
1003	40138	32	201	0	0	*	2
1004	40178	31	199	0	0	*	2
1005	40218	29	198	0	0	*	2
1006	40258	28	196	0	0	*	2
1007	40298	26	194	0	0	*	2
1008	40338	25	192	0	0	*	2
1009	40378	24	191	0	0	*	2
1010	40418	24	189	0	0	*	2
1011	40458	23	187	0	0	*	2
1012	40498	21	185	0	0	*	2
1013	40538	20	184	0	0	*	2
1014	40578	20	182	0	0	*	2
1015	40618	18	180	0	0	*	2
1016	40658	17	178	0	0	*	2
1017	40698	17	177	0	0	*	2
1018	40738	16	175	0	0	*	2
1019	40778	14	173	0	0	*	2
1020	40818	14	171	0	0	*	2
1021	40858	13	169	0	0	*	2
1022	40898	12	166	0	0	*	2
1023	40938	12	165	0	0	*	2
1024	40978	12	163	0	0	*	2
1025	41018	11	161	0	0	*	2
1026	41058	10	159	0	0	*	2
1027	41098	10	157	0	0	*	2
1028	41138	9	154	0	0	*	2
1029	41178	8	153	0	0	*	2
1030	41218	8	151	0	0	*	2
1031	41258	7	148	0	0	*	2
1032	41298	7	146	0	0	*	2
1033	41338	7	144	0	0	*	2
1034	41378	6	141	0	0	*	2
1035	41418	6	139	0	0	*	2
1036	41458	6	138	0	0	*	2
1037	41498	5	135	0	0	*	2
1038	41538	5	133	0	0	*	2
1039	41578	5	131	0	0	*	2
1040	41618	5	128	0	0	*	2
1041	41658	5	127	0	0	*	2
1042	41698	5	125	0	0	*	2
1043	41738	5	122	0	0	*	2
1044	41778	5	119	0	0	*	2
1045	41818	5	117	0	0	*	2
1046	41858	5	115	0	0	*	2
1047	41898	5	113	0	0	*	2
1048	41938	6	111	0	0	*	2
1049	41978	6	108	0	0	*	2
1050	42018	7	105	0	0	*	2
1051	42058	7	104	0	0	*	2
1052	42098	8	102	0	0	*	2
1053	42138	8	99	0	0	*	2
1054	42178	9	98	0	0	*	2
1055	42218	9	95	0	0	*	2
1056	42258	10	93	0	0	*	2
1057	42298	10	91	0	0	*	2
1058	42338	11	89	0	0	*	2
1059	42378	12	87	0	0	*	2
1060	42418	12	84	0	0	*	2
1061	42458	12	83	0	0	*	2
1062	42498	14	80	0	0	*	2
1063	42538	14	78	0	0	*	2
1064	42578	15	76	0	0	*	2
1065	42618	16	73	0	0	*	2
1066	42658	17	72	0	0	*	2
1067	42698	19	70	0	0	*	2
1068	42738	20	67	0	0	*	2
1069	42778	21	66	0	0	*	2
1070	42818	22	64	0	0	*	2
1071	42858	23	62	0	0	*	2
1072	42898	24	60	0	0	*	2
1073	42938	25	58	0	0	*	2
1074	42978	27	56	0	0	*	2
1075	43018	28	54	0	0	*	2
1076	43058	29	52	0	0	*	2
1077	43098	31	49	0	0	*	2
1078	43138	33	48	0	0	*	2
1079	43178	34	46	0	0	*	2
1080	43218	36	45	0	0	*	2
1081	43258	38	42	0	0	*	2
1082	43298	39	41	0	0	*	2
1083	43338	40	39	0	0	*	2
1084	43378	42	37	0	0	*	2
1085	43418	44	36	0	0	*	2
1086	43458	47	34	0	0	*	2
1087	43498	48	33	0	0	*	2
1088	43538	49	31	0	0	*	2
1089	43578	51	30	0	0	*	2
1090	43618	53	28	0	0	*	2
1091	43658	54	27	0	0	*	2
1092	43698	58	25	0	0	*	2
1093	43738	60	24	0	0	*	2
1094	43778	62	23	0	0	*	2
1095	43818	64	22	0	0	*	2
1096	43858	66	20	0	0	*	2
1097	43898	68	20	0	0	*	2
1098	43938	70	18	0	0	*	2
1099	43978	72	17	0	0	*	2
1100	44018	74	16	0	0	*	2
1101	44058	77	15	0	0	*	2
1102	44098	79	14	0	0	*	2
1103	44138	81	14	0	0	*	2
1104	44178	84	12	0	0	*	2
1105	44218	85	12	0	0	*	2
1106	44258	87	11	0	0	*	2
1107	44298	90	10	0	0	*	2
1108	44338	92	9	0	0	*	2
1109	44378	95	9	0	0	*	2
1110	44418	97	8	0	0	*	2
1111	44458	99	7	0	0	*	2
1112	44498	102	7	0	0	*	2
1113	44538	104	6	0	0	*	2
1114	44578	106	6	0	0	*	2
1115	44618	108	6	0	0	*	2
1116	44658	110	5	0	0	*	2
1117	44698	113	4	0	0	*	2
1118	44738	114	4	0	0	*	2
1119	44778	117	4	0	0	*	2
1120	44818	119	4	0	0	*	2
1121	44858	121	4	0	0	*	2
1122	44898	123	4	0	0	*	2
1123	44938	125	4	0	0	*	2
1124	44978	128	4	0	0	*	2
1125	45018	130	4	0	0	*	2
1126	45058	132	4	0	0	*	2
1127	45098	134	4	0	0	*	2
1128	45138	136	4	0	0	*	2
1129	45178	139	4	0	0	*	2
1130	45218	140	5	0	0	*	2
1131	45258	143	5	0	0	*	2
1132	45298	145	5	0	0	*	2
1133	45338	147	6	0	0	*	2
1134	45378	149	6	0	0	*	2
1135	45418	152	6	0	0	*	2
1136	45458	153	7	0	0	*	2
1137	45498	156	7	0	0	*	2
1138	45538	157	8	0	0	*	2
1139	45578	159	8	0	0	*	2
1140	45618	161	9	0	0	*	2
1141	45658	164	9	0	0	*	2
1142	45698	166	10	0	0	*	2
1143	45738	168	11	0	0	*	2
1144	45778	170	11	0	0	*	2
1145	45818	171	12	0	0	*	2
1146	45858	174	13	0	0	*	2
1147	45898	176	14	0	0	*	2
1148	45938	178	15	0	0	*	2
1149	45978	180	16	0	0	*	2
1150	46018	182	17	0	0	*	2
1151	46058	183	18	0	0	*	2
1152	46098	184	18	0	0	*	2
1153	46138	187	19	0	0	*	2
1154	46178	188	20	0	0	*	2
1155	46218	190	22	0	0	*	2
1156	46258	192	23	0	0	*	2
1157	46298	194	24	0	0	*	2
1158	46338	195	25	0	0	*	2
1159	46378	197	26	0	0	*	2
1160	46418	199	27	0	0	*	2
1161	46458	200	28	0	0	*	2
1162	46498	201	29	0	0	*	2
1163	46538	202	30	0	0	*	2
1164	46578	204	31	0	0	*	2
1165	46618	205	33	0	0	*	2
1166	46658	207	34	0	0	*	2
1167	46698	209	36	0	0	*	2
1168	46738	210	37	0	0	*	2
1169	46778	211	39	0	0	*	2
1170	46818	213	40	0	0	*	2
1171	46858	214	41	0	0	*	2
1172	46898	217	43	0	0	*	2
1173	46938	218	45	0	0	*	2
1174	46978	218	46	0	0	*	2
1175	47018	219	47	0	0	*	2
1176	47058	221	49	0	0	*	2
1177	47098	222	50	0	0	*	2
1178	47138	223	51	0	0	*	2
1179	47178	225	53	0	0	*	2
1180	47218	225	54	0	0	*	2
1181	47258	227	56	0	0	*	2
1182	47298	228	58	0	0	*	2
1183	47338	229	59	0	0	*	2
1184	47378	231	61	0	0	*	2
1185	47418	232	63	0	0	*	2
1186	47458	232	65	0	0	*	2
1187	47498	233	66	0	0	*	2
1188	47538	234	68	0	0	*	2
1189	47578	235	70	0	0	*	2
1190	47618	236	71	0	0	*	2
1191	47658	238	73	0	0	*	2
1192	47698	238	75	0	0	*	2
1193	47738	239	76	0	0	*	2
1194	47778	240	79	0	0	*	2
1195	47818	241	81	0	0	*	2
1196	47858	242	82	0	0	*	2
1197	47898	243	85	0	0	*	2
1198	47938	243	86	0	0	*	2
1199	47978	243	88	0	0	*	2
1200	48018	244	90	0	0	*	2
1201	48058	245	92	0	0	*	2
1202	48098	245	94	0	0	*	2
1203	48138	246	96	0	0	*	2
1204	48178	247	98	0	0	*	2
1205	48218	247	100	0	0	*	2
1206	48258	247	102	0	0	*	2
1207	48298	248	104	0	0	*	2
1208	48338	248	106	0	0	*	2
1209	48378	249	108	0	0	*	2
1210	48418	249	111	0	0	*	2
1211	48458	249	113	0	0	*	2
1212	48498	249	115	0	0	*	2
1213	48538	249	117	0	0	*	2
1214	48578	249	119	0	0	*	2
1215	48618	250	122	0	0	*	2
1216	48658	249	123	0	0	*	2
1217	48698	249	126	0	0	*	2
1218	48738	249	128	0	0	*	2
1219	48778	249	130	0	0	*	2
1220	48818	249	133	0	0	*	2
1221	48858	249	135	0	0	*	2
1222	48898	249	137	0	0	*	2
1223	48938	249	139	0	0	*	2
1224	48978	248	140	0	0	*	2
1225	49018	248	142	0	0	*	2
1226	49058	248	145	0	0	*	2
1227	49098	248	148	0	0	*	2
1228	49138	247	150	0	0	*	2
1229	49178	246	151	0	0	*	2
1230	49218	246	154	0	0	*	2
1231	49258	245	156	0	0	*	2
1232	49298	245	158	0	0	*	2
1233	49338	244	160	0	0	*	2
1234	49378	244	162	0	0	*	2
1235	49418	243	163	0	0	*	2
1236	49458	242	166	0	0	*	2
1237	49498	241	168	0	0	*	2
1238	49538	241	170	0	0	*	2
1239	49578	240	172	0	0	*	2
1240	49618	239	174	0	0	*	2
1241	49658	238	176	0	0	*	2
1242	49698	238	178	0	0	*	2
1243	49738	237	179	0	0	*	2
1244	49778	236	181	0	0	*	2
1245	49818	234	183	0	0	*	2
1246	49858	233	185	0	0	*	2
1247	49898	233	186	0	0	*	2
1248	49938	232	187	0	0	*	2
1249	49978	231	189	0	0	*	2
1250	50018	230	191	0	0	*	2
1251	50058	229	192	0	0	*	2
1252	50098	227	194	0	0	*	2
1253	50138	226	196	0	0	*	2
1254	50178	225	197	0	0	*	2
1255	50218	224	199	0	0	*	2
1256	50258	222	201	0	0	*	2
1257	50298	221	202	0	0	*	2
1258	50338	220	203	0	0	*	2
1259	50378	219	205	0	0	*	2
1260	50418	218	206	0	0	*	2
1261	50458	217	207	0	0	*	2
1262	50498	215	209	0	0	*	2
1263	50538	213	210	0	0	*	2
1264	50578	212	211	0	0	*	2
1265	50618	211	213	0	0	*	2
1266	50658	209	214	0	0	*	2
1267	50698	208	215	0	0	*	2
1268	50738	207	217	0	0	*	2
1269	50778	205	218	0	0	*	2
1270	50818	204	219	0	0	*	2
1271	50858	202	221	0	0	*	2
1272	50898	201	222	0	0	*	2
1273	50938	200	223	0	0	*	2
1274	50978	198	224	0	0	*	2
1275	51018	196	225	0	0	*	2
1276	51058	195	226	0	0	*	2
1277	51098	194	227	0	0	*	2
1278	51138	192	228	0	0	*	2
1279	51178	190	229	0	0	*	2
1280	51218	189	230	0	0	*	2
1281	51258	187	231	0	0	*	2
1282	51298	185	232	0	0	*	2
1283	51338	183	232	0	0	*	2
1284	51378	182	233	0	0	*	2
1285	51418	181	234	0	0	*	2
1286	51458	179	235	0	0	*	2
1287	51498	177	236	0	0	*	2
1288	51538	175	237	0	0	*	2
1289	51578	173	237	0	0	*	2
1290	51618	172	238	0	0	*	2
1291	51658	170	238	0	0	*	2
1292	51698	168	239	0	0	*	2
1293	51738	166	240	0	0	*	2
1294	51778	165	240	0	0	*	2
1295	51818	163	241	0	0	*	2
1296	51858	161	241	0	0	*	2
1297	51898	159	242	0	0	*	2
1298	51938	157	242	0	0	*	2
1299	51978	155	243	0	0	*	2
1300	52018	153	243	0	0	*	2
1301	52058	151	243	0	0	*	2
1302	52098	149	243	0	0	*	2
1303	52138	147	243	0	0	*	2
1304	52178	145	244	0	0	*	2
1305	52218	143	245	0	0	*	2
1306	52258	141	245	0	0	*	2
1307	52298	139	245	0	0	*	2
1308	52338	136	245	0	0	*	2
1309	52378	135	245	0	0	*	2
1310	52418	133	245	0	0	*	2
1311	52458	131	246	0	0	*	2
1312	52498	129	246	0	0	*	2
1313	52538	127	246	0	0	*	2
1314	52578	125	246	0	0	*	2
1315	52618	123	246	0	0	*	2
1316	52658	121	246	0	0	*	2
1317	52698	119	246	0	0	*	2
1318	52738	117	246	0	0	*	2
1319	52778	115	245	0	0	*	2
1320	52818	113	245	0	0	*	2
1321	52858	111	245	0	0	*	2
1322	52898	109	245	0	0	*	2
1323	52938	107	244	0	0	*	2
1324	52978	105	244	0	0	*	2
1325	53018	104	243	0	0	*	2
1326	53058	101	243	0	0	*	2
1327	53098	99	243	0	0	*	2
1328	53138	98	242	0	0	*	2
1329	53178	96	242	0	0	*	2
1330	53218	94	242	0	0	*	2
1331	53258	93	241	0	0	*	2
1332	53298	90	240	0	0	*	2
1333	53338	89	240	0	0	*	2
1334	53378	87	239	0	0	*	2
1335	53418	85	239	0	0	*	2
1336	53458	83	238	0	0	*	2
1337	53498	81	237	0	0	*	2
1338	53538	79	236	0	0	*	2
1339	53578	78	235	0	0	*	2
1340	53618	76	235	0	0	*	2
1341	53658	74	234	0	0	*	2
1342	53698	72	232	0	0	*	2
1343	53738	70	232	0	0	*	2
1344	53778	69	230	0	0	*	2
1345	53818	67	229	0	0	*	2
1346	53858	65	228	0	0	*	2
1347	53898	63	227	0	0	*	2
1348	53938	61	226	0	0	*	2
1349	53978	60	225	0	0	*	2
1350	54018	58	223	0	0	*	2
1351	54058	56	222	0	0	*	2
1352	54098	54	220	0	0	*	2
1353	54138	53	219	0	0	*	2
1354	54178	50	218	0	0	*	2
1355	54218	49	217	0	0	*	2
1356	54258	48	215	0	0	*	2
1357	54298	45	214	0	0	*	2
1358	54338	44	213	0	0	*	2
1359	54378	42	211	0	0	*	2
1360	54418	40	210	0	0	*	2
1361	54458	39	208	0	0	*	2
1362	54498	37	207	0	0	*	2
1363	54538	36	205	0	0	*	2
1364	54578	35	204	0	0	*	2
1365	54618	33	202	0	0	*	2
1366	54658	31	200	0	0	*	2
1367	54698	30	198	0	0	*	2
1368	54738	29	196	0	0	*	2
1369	54778	27	194	0	0	*	2
1370	54818	26	193	0	0	*	2
1371	54858	25	191	0	0	*	2
1372	54898	24	189	0	0	*	2
1373	54938	23	187	0	0	*	2
1374	54978	22	186	0	0	*	2
1375	55018	21	185	0	0	*	2
1376	55058	20	184	0	0	*	2
1377	55098	19	182	0	0	*	2
1378	55138	18	180	0	0	*	2
1379	55178	17	177	0	0	*	2
1380	55218	16	176	0	0	*	2
1381	55258	15	173	0	0	*	2
1382	55298	15	172	0	0	*	2
1383	55338	14	170	0	0	*	2
1384	55378	13	168	0	0	*	2
1385	55418	12	166	0	0	*	2
1386	55458	12	163	0	0	*	2
1387	55498	12	162	0	0	*	2
1388	55538	11	160	0	0	*	2
1389	55578	10	155	0	0	*	2
1390	55618	10	153	0	0	*	2
1391	55658	9	154	0	0	*	2
1392	55698	8	151	0	0	*	2
1393	55738	8	149	0	0	*	2
1394	55778	7	147	0	0	*	2
1395	55818	7	146	0	0	*	2
1396	55858	7	144	0	0	*	2
1397	55898	6	142	0	0	*	2
1398	55938	6	139	0	0	*	2
1399	55978	6	138	0	0	*	2
1400	56018	5	135	0	0	*	2
1401	56058	5	134	0	0	*	2
1402	56098	5	132	0	0	*	2
1403	56138	5	130	0	0	*	2
1404	56178	5	127	0	0	*	2
1405	56218	5	124	0	0	*	2
1406	56258	5	122	0	0	*	2
1407	56298	5	120	0	0	*	2
1408	56338	5	118	0	0	*	2
1409	56378	6	116	0	0	*	2
1410	56418	6	114	0	0	*	2
1411	56458	6	112	0	0	*	2
1412	56498	6	110	0	0	*	2
1413	56538	7	107	0	0	*	2
1414	56578	7	105	0	0	*	2
1415	56618	7	103	0	0	*	2
1416	56658	8	101	0	0	*	2
1417	56698	8	99	0	0	*	2
1418	56738	9	96	0	0	*	2
1419	56778	9	94	0	0	*	2
1420	56818	10	92	0	0	*	2
1421	56858	11	90	0	0	*	2
1422	56898	11	88	0	0	*	2
1423	56938	12	86	0	0	*	2
1424	56978	12	85	0	0	*	2
1425	57018	13	83	0	0	*	2
1426	57058	14	81	0	0	*	2
1427	57098	14	79	0	0	*	2
1428	57138	15	76	0	0	*	2
1429	57178	16	75	0	0	*	2
1430	57218	17	73	0	0	*	2
1431	57258	18	71	0	0	*	2
1432	57298	21	67	0	0	*	2
1433	57338	22	66	0	0	*	2
1434	57378	21	66	0	0	*	2
1435	57418	22	64	0	0	*	2
1436	57458	23	63	0	0	*	2
1437	57498	24	61	0	0	*	2
1438	57538	25	60	0	0	*	2
1439	57578	26	58	0	0	*	2
1440	57618	27	56	0	0	*	2
1441	57658	29	54	0	0	*	2
1442	57698	29	53	0	0	*	2
1443	57738	30	52	0	0	*	2
1444	57778	34	48	0	0	*	2
1445	57818	35	46	0	0	*	2
1446	57858	36	46	0	0	*	2
1447	57898	37	44	0	0	*	2
1448	57938	37	44	0	0	*	2
1449	57978	38	43	0	0	*	2
1450	58018	39	41	0	0	*	2
1451	58058	43	38	0	0	*	2
1452	58098	44	37	0	0	*	2
1453	58138	46	35	0	0	*	2
1454	58178	47	34	0	0	*	2
1455	58218	48	33	0	0	*	2
1456	58258	49	32	0	0	*	2
1457	58298	51	30	0	0	*	2
1458	58338	53	29	0	0	*	2
1459	58378	55	27	0	0	*	2
1460	58418	56	26	0	0	*	2
1461	58458	58	25	0	0	*	2
1462	58498	59	25	0	0	*	2
1463	58538	61	23	0	0	*	2
1464	58578	63	22	0	0	*	2
1465	58618	65	21	0	0	*	2
1466	58658	67	20	0	0	*	2
1467	58698	69	19	0	0	*	2
1468	58738	71	18	0	0	*	2
1469	58778	73	17	0	0	*	2
1470	58818	74	16	0	0	*	2
1471	58858	76	15	0	0	*	2
1472	58898	79	14	0	0	*	2
1473	58938	81	14	0	0	*	2
1474	58978	82	13	0	0	*	2
1475	59018	85	12	0	0	*	2
1476	59058	86	11	0	0	*	2
1477	59098	88	10	0	0	*	2
1478	59138	90	10	0	0	*	2
1479	59178	92	9	0	0	*	2
1480	59218	94	9	0	0	*	2
1481	59258	96	8	0	0	*	2
1482	59298	98	8	0	0	*	2
1483	59338	100	7	0	0	*	2
1484	59378	102	6	0	0	*	2
1485	59418	104	6	0	0	*	2
1486	59458	106	6	0	0	*	2
1487	59498	109	6	0	0	*	2
1488	59538	110	5	0	0	*	2
1489	59578	112	5	0	0	*	2
1490	59618	115	5	0	0	*	2
1491	59658	117	5	0	0	*	2
1492	59698	120	4	0	0	*	2
1493	59738	121	4	0	0	*	2
1494	59778	123	4	0	0	*	2
1495	59818	126	4	0	0	*	2
1496	59858	128	4	0	0	*	2
1497	59898	130	4	0	0	*	2
1498	59938	132	4	0	0	*	2
1499	59978	134	4	0	0	*	2
1500	60018	136	4	0	0	*	2
1501	60058	138	5	0	0	*	2
1502	60098	141	5	0	0	*	2
1503	60138	142	5	0	0	*	2
1504	60178	144	5	0	0	*	2
1505	60218	146	6	0	0	*	2
1506	60258	148	6	0	0	*	2
1507	60298	150	7	0	0	*	2
1508	60338	152	7	0	0	*	2
1509	60378	154	7	0	0	*	2
1510	60418	156	8	0	0	*	2
1511	60458	158	8	0	0	*	2
1512	60498	159	8	0	0	*	2
1513	60538	161	9	0	0	*	2
1514	60578	163	10	0	0	*	2
1515	60618	165	10	0	0	*	2
1516	60658	167	11	0	0	*	2
1517	60698	168	11	0	0	*	2
1518	60738	170	12	0	0	*	2
1519	60778	172	13	0	0	*	2
1520	60818	173	14	0	0	*	2
1521	60858	175	14	0	0	*	2
1522	60898	176	15	0	0	*	2
1523	60938	178	16	0	0	*	2
1524	60978	180	16	0	0	*	2
1525	61018	181	17	0	0	*	2
1526	61058	182	18	0	0	*	2
1527	61098	185	18	0	0	*	2
1528	61138	186	19	0	0	*	2
1529	61178	187	20	0	0	*	2
1530	61218	188	20	0	0	*	2
1531	61258	189	21	0	0	*	2
1532	61298	190	22	0	0	*	2
1533	61338	192	22	0	0	*	2
1534	61378	194	23	0	0	*	2
1535	61418	194	23	0	0	*	2
