%%BEGIN_HEADER
	%%BEGIN DATABASE_INFORMATION
		%Date.0 ( 30.9.2019 )
		%Time.0 ( 12:49 )
	%%END DATABASE_INFORMATION
	%%BEGIN SETUP_INFORMATION
		%TrackerVersion.0 ( Tracker version 2.38 release 12.8.2012 )
		%ElapsedTime_ms.0 ( 60346 )
		%Paradigm.0 ( PlacePreference )
		%FeederParameters.0 ( 1500 0 )
			// %FeederParameters.0 ( ENTRANCE_LATENCY EXIT_LATENCY )
		%ElapsedPath_m.0 ( 0.00 )
		%ArenaDiameter_m.0 ( 1.80 )
		%TrackerResolution_PixPerCM.0 ( 1.4222 )
		%ArenaCenterXY.0 ( 127.5 127.5 )
		%Frame.0 ( RoomFrame )
		%ReinforcedSector.0 ( 64.3907 190.6093 7 )
			//%ReinforcedSector.0 ( CENTER_X CENTER_Y RADIUS )
		%RoomTrackReinforcedSector.0 ( 64.3907 190.6093 7 )
			//%RoomTrackReinforcedSector.0 ( CENTER_X CENTER_Y RADIUS )
	%%END SETUP_INFORMATION
	%%BEGIN RECORD_FORMAT
		%Sample.0 ( FrameCount 1msTimeStamp RoomX RoomY Sectors State Flags FrameInfo )
			//Sectors indicate if the object is in a target. Number is binary coded. Sectors = 0: no target, Sectors = 1: room target, Sectors: = 2 arena target, Sectors: = 3 room and arena target
			////State indicates the Watermaze State: OutsideTarget = 0, EntranceLatency = 1, InsideTarget = 3, OutsideRefractory = 4, BadSpot = 5
			//FrameInfo indicates succesfuly tracked spots: ReferencePoint * 2^0 + Spot0 * 2^(1+0) + Spot1 * 2^(1+1) + Spot2 * 2^(1+2) .... 
	%%END RECORD_FORMAT
%%END_HEADER
1	66	206	215	0	0	*	2
2	106	205	214	0	0	*	2
3	146	204	212	0	0	*	2
4	186	204	211	0	0	*	2
5	226	204	210	0	0	*	2
6	266	205	209	0	0	*	2
7	306	205	208	0	0	*	2
8	346	205	207	0	0	*	2
9	386	206	205	0	0	*	2
10	426	206	204	0	0	*	2
11	466	206	202	0	0	*	2
12	506	206	200	0	0	*	2
13	546	206	198	0	0	*	2
14	586	206	195	0	0	*	2
15	626	206	193	0	0	*	2
16	666	207	190	0	0	*	2
17	706	207	187	0	0	*	2
18	746	207	185	0	0	*	2
19	786	207	182	0	0	*	2
20	826	208	180	0	0	*	2
21	866	208	177	0	0	*	2
22	906	208	174	0	0	*	2
23	946	209	170	0	0	*	2
24	986	209	168	0	0	*	2
25	1026	210	165	0	0	*	2
26	1066	210	162	0	0	*	2
27	1106	211	159	0	0	*	2
28	1146	211	155	0	0	*	2
29	1186	212	153	0	0	*	2
30	1226	213	149	0	0	*	2
31	1266	213	146	0	0	*	2
32	1306	214	142	0	0	*	2
33	1346	215	139	0	0	*	2
34	1386	216	136	0	0	*	2
35	1426	217	133	0	0	*	2
36	1466	218	130	0	0	*	2
37	1506	219	126	0	0	*	2
38	1546	219	123	0	0	*	2
39	1586	220	120	0	0	*	2
40	1626	221	116	0	0	*	2
41	1666	222	113	0	0	*	2
42	1706	223	110	0	0	*	2
43	1746	224	106	0	0	*	2
44	1786	225	103	0	0	*	2
45	1826	226	100	0	0	*	2
46	1866	227	97	0	0	*	2
47	1906	227	94	0	0	*	2
48	1946	228	90	0	0	*	2
49	1986	229	87	0	0	*	2
50	2026	230	83	0	0	*	2
51	2066	230	80	0	0	*	2
52	2106	231	78	0	0	*	2
53	2146	231	75	0	0	*	2
54	2186	231	72	0	0	*	2
55	2226	231	70	0	0	*	2
56	2266	231	68	0	0	*	2
57	2306	231	64	0	0	*	2
58	2346	230	63	0	0	*	2
59	2386	229	61	0	0	*	2
60	2426	227	58	0	0	*	2
61	2466	226	56	0	0	*	2
62	2506	225	54	0	0	*	2
63	2546	223	51	0	0	*	2
64	2586	221	50	0	0	*	2
65	2626	219	47	0	0	*	2
66	2666	217	46	0	0	*	2
67	2706	215	44	0	0	*	2
68	2746	213	42	0	0	*	2
69	2786	211	41	0	0	*	2
70	2826	209	39	0	0	*	2
71	2866	206	37	0	0	*	2
72	2906	204	35	0	0	*	2
73	2946	202	33	0	0	*	2
74	2986	200	32	0	0	*	2
75	3026	197	31	0	0	*	2
76	3066	194	29	0	0	*	2
77	3106	192	27	0	0	*	2
78	3146	189	25	0	0	*	2
79	3186	187	24	0	0	*	2
80	3226	184	23	0	0	*	2
81	3266	181	22	0	0	*	2
82	3306	179	21	0	0	*	2
83	3346	176	19	0	0	*	2
84	3386	173	18	0	0	*	2
85	3426	170	17	0	0	*	2
86	3466	168	15	0	0	*	2
87	3506	165	14	0	0	*	2
88	3546	163	13	0	0	*	2
89	3586	160	12	0	0	*	2
90	3626	158	9	0	0	*	2
91	3666	155	9	0	0	*	2
92	3706	153	8	0	0	*	2
93	3746	149	7	0	0	*	2
94	3786	147	6	0	0	*	2
95	3826	145	5	0	0	*	2
96	3866	142	5	0	0	*	2
97	3906	139	5	0	0	*	2
98	3946	136	4	0	0	*	2
99	3986	134	4	0	0	*	2
100	4026	131	4	0	0	*	2
101	4066	129	3	0	0	*	2
102	4106	126	4	0	0	*	2
103	4146	124	4	0	0	*	2
104	4186	120	4	0	0	*	2
105	4226	117	4	0	0	*	2
106	4266	115	5	0	0	*	2
107	4306	111	5	0	0	*	2
108	4346	110	5	0	0	*	2
109	4386	107	6	0	0	*	2
110	4426	104	7	0	0	*	2
111	4466	101	8	0	0	*	2
112	4506	98	9	0	0	*	2
113	4546	96	10	0	0	*	2
114	4586	94	10	0	0	*	2
115	4626	91	11	0	0	*	2
116	4666	87	13	0	0	*	2
117	4706	85	14	0	0	*	2
118	4746	82	15	0	0	*	2
119	4786	79	16	0	0	*	2
120	4826	77	17	0	0	*	2
121	4866	73	18	0	0	*	2
122	4906	72	19	0	0	*	2
123	4946	69	20	0	0	*	2
124	4986	66	22	0	0	*	2
125	5026	63	23	0	0	*	2
126	5066	61	24	0	0	*	2
127	5106	59	26	0	0	*	2
128	5146	57	27	0	0	*	2
129	5186	54	29	0	0	*	2
130	5226	52	31	0	0	*	2
131	5266	51	32	0	0	*	2
132	5306	49	33	0	0	*	2
133	5346	46	36	0	0	*	2
134	5386	44	38	0	0	*	2
135	5426	42	40	0	0	*	2
136	5466	40	42	0	0	*	2
137	5506	39	44	0	0	*	2
138	5546	37	46	0	0	*	2
139	5586	35	48	0	0	*	2
140	5626	33	50	0	0	*	2
141	5666	31	53	0	0	*	2
142	5706	30	55	0	0	*	2
143	5746	29	57	0	0	*	2
144	5786	27	60	0	0	*	2
145	5826	25	62	0	0	*	2
146	5866	24	65	0	0	*	2
147	5906	22	69	0	0	*	2
148	5946	20	71	0	0	*	2
149	5986	19	73	0	0	*	2
150	6026	18	76	0	0	*	2
151	6066	17	78	0	0	*	2
152	6106	15	81	0	0	*	2
153	6146	14	83	0	0	*	2
154	6186	14	86	0	0	*	2
155	6226	13	88	0	0	*	2
156	6266	12	92	0	0	*	2
157	6306	12	93	0	0	*	2
158	6346	11	96	0	0	*	2
159	6386	10	98	0	0	*	2
160	6426	10	101	0	0	*	2
161	6466	9	103	0	0	*	2
162	6506	9	106	0	0	*	2
163	6546	8	109	0	0	*	2
164	6586	8	113	0	0	*	2
165	6626	7	116	0	0	*	2
166	6666	7	117	0	0	*	2
167	6706	7	120	0	0	*	2
168	6746	7	124	0	0	*	2
169	6786	7	127	0	0	*	2
170	6826	7	131	0	0	*	2
171	6866	7	133	0	0	*	2
172	6906	7	135	0	0	*	2
173	6946	8	139	0	0	*	2
174	6986	8	141	0	0	*	2
175	7026	9	143	0	0	*	2
176	7066	9	147	0	0	*	2
177	7106	10	149	0	0	*	2
178	7146	10	151	0	0	*	2
179	7186	11	154	0	0	*	2
180	7226	11	157	0	0	*	2
181	7266	12	159	0	0	*	2
182	7306	13	162	0	0	*	2
183	7346	13	164	0	0	*	2
184	7386	14	166	0	0	*	2
185	7426	15	169	0	0	*	2
186	7466	17	172	0	0	*	2
187	7506	18	175	0	0	*	2
188	7546	19	177	0	0	*	2
189	7586	20	179	0	0	*	2
190	7626	22	181	0	0	*	2
191	7666	23	183	0	0	*	2
192	7706	24	185	0	0	*	2
193	7746	26	188	0	0	*	2
194	7786	27	189	0	0	*	2
195	7826	29	191	0	0	*	2
196	7866	31	194	0	0	*	2
197	7906	33	196	0	0	*	2
198	7946	38	198	0	0	*	2
199	7986	41	200	0	0	*	2
200	8026	43	202	0	0	*	2
201	8066	44	203	0	0	*	2
202	8106	48	206	0	0	*	2
203	8146	50	207	0	0	*	2
204	8186	52	209	0	0	*	2
205	8226	54	211	0	0	*	2
206	8266	57	212	0	0	*	2
207	8306	59	214	0	0	*	2
208	8346	61	215	0	0	*	2
209	8386	63	216	0	0	*	2
210	8426	66	218	0	0	*	2
211	8466	69	219	0	0	*	2
212	8506	71	220	0	0	*	2
213	8546	73	222	0	0	*	2
214	8586	76	223	0	0	*	2
215	8626	78	224	0	0	*	2
216	8666	81	225	0	0	*	2
217	8706	84	226	0	0	*	2
218	8746	86	226	0	0	*	2
219	8786	89	228	0	0	*	2
220	8826	92	228	0	0	*	2
221	8866	95	229	0	0	*	2
222	8906	97	230	0	0	*	2
223	8946	100	231	0	0	*	2
224	8986	102	231	0	0	*	2
225	9026	105	232	0	0	*	2
226	9066	108	232	0	0	*	2
227	9106	111	232	0	0	*	2
228	9146	114	233	0	0	*	2
229	9186	117	233	0	0	*	2
230	9226	120	233	0	0	*	2
231	9266	123	233	0	0	*	2
232	9306	126	233	0	0	*	2
233	9346	129	233	0	0	*	2
234	9386	133	233	0	0	*	2
235	9426	135	233	0	0	*	2
236	9466	137	233	0	0	*	2
237	9506	140	233	0	0	*	2
238	9546	143	232	0	0	*	2
239	9586	146	232	0	0	*	2
240	9626	148	232	0	0	*	2
241	9666	150	232	0	0	*	2
242	9706	153	231	0	0	*	2
243	9746	156	230	0	0	*	2
244	9786	158	230	0	0	*	2
245	9826	161	229	0	0	*	2
246	9866	164	228	0	0	*	2
247	9906	166	227	0	0	*	2
248	9946	168	226	0	0	*	2
249	9986	170	225	0	0	*	2
250	10026	172	225	0	0	*	2
251	10066	176	223	0	0	*	2
252	10106	178	222	0	0	*	2
253	10146	181	221	0	0	*	2
254	10186	183	219	0	0	*	2
255	10226	185	218	0	0	*	2
256	10266	188	216	0	0	*	2
257	10306	190	215	0	0	*	2
258	10346	193	213	0	0	*	2
259	10386	195	211	0	0	*	2
260	10426	197	209	0	0	*	2
261	10466	199	208	0	0	*	2
262	10506	201	206	0	0	*	2
263	10546	204	204	0	0	*	2
264	10586	206	202	0	0	*	2
265	10626	207	200	0	0	*	2
266	10666	209	198	0	0	*	2
267	10706	211	196	0	0	*	2
268	10746	213	193	0	0	*	2
269	10786	215	191	0	0	*	2
270	10826	217	189	0	0	*	2
271	10866	218	186	0	0	*	2
272	10906	219	184	0	0	*	2
273	10946	221	182	0	0	*	2
274	10986	223	179	0	0	*	2
275	11026	224	177	0	0	*	2
276	11066	225	175	0	0	*	2
277	11106	227	171	0	0	*	2
278	11146	228	169	0	0	*	2
279	11186	229	167	0	0	*	2
280	11226	230	164	0	0	*	2
281	11266	231	161	0	0	*	2
282	11306	232	159	0	0	*	2
283	11346	233	156	0	0	*	2
284	11386	234	154	0	0	*	2
285	11426	235	151	0	0	*	2
286	11466	236	148	0	0	*	2
287	11506	236	145	0	0	*	2
288	11546	237	142	0	0	*	2
289	11586	238	139	0	0	*	2
290	11626	238	137	0	0	*	2
291	11666	239	134	0	0	*	2
292	11706	239	131	0	0	*	2
293	11746	239	129	0	0	*	2
294	11786	239	126	0	0	*	2
295	11826	239	122	0	0	*	2
296	11866	239	120	0	0	*	2
297	11906	239	117	0	0	*	2
298	11946	239	115	0	0	*	2
299	11986	239	112	0	0	*	2
300	12026	238	109	0	0	*	2
301	12066	237	106	0	0	*	2
302	12106	237	104	0	0	*	2
303	12146	236	101	0	0	*	2
304	12186	235	98	0	0	*	2
305	12226	235	96	0	0	*	2
306	12266	233	92	0	0	*	2
307	12306	232	90	0	0	*	2
308	12346	232	88	0	0	*	2
309	12386	231	85	0	0	*	2
310	12426	229	82	0	0	*	2
311	12466	228	80	0	0	*	2
312	12506	226	76	0	0	*	2
313	12546	226	75	0	0	*	2
314	12586	224	72	0	0	*	2
315	12626	223	70	0	0	*	2
316	12666	221	68	0	0	*	2
317	12706	220	65	0	0	*	2
318	12746	218	62	0	0	*	2
319	12786	217	60	0	0	*	2
320	12826	216	58	0	0	*	2
321	12866	214	56	0	0	*	2
322	12906	211	52	0	0	*	2
323	12946	210	51	0	0	*	2
324	12986	208	48	0	0	*	2
325	13026	206	46	0	0	*	2
326	13066	204	44	0	0	*	2
327	13106	203	42	0	0	*	2
328	13146	201	40	0	0	*	2
329	13186	199	38	0	0	*	2
330	13226	197	36	0	0	*	2
331	13266	195	34	0	0	*	2
332	13306	193	31	0	0	*	2
333	13346	191	30	0	0	*	2
334	13386	189	28	0	0	*	2
335	13426	186	26	0	0	*	2
336	13466	184	24	0	0	*	2
337	13506	182	23	0	0	*	2
338	13546	180	21	0	0	*	2
339	13586	178	20	0	0	*	2
340	13626	175	18	0	0	*	2
341	13666	173	16	0	0	*	2
342	13706	170	15	0	0	*	2
343	13746	168	13	0	0	*	2
344	13786	166	11	0	0	*	2
345	13826	163	10	0	0	*	2
346	13866	161	9	0	0	*	2
347	13906	158	8	0	0	*	2
348	13946	156	7	0	0	*	2
349	13986	153	6	0	0	*	2
350	14026	150	6	0	0	*	2
351	14066	148	5	0	0	*	2
352	14106	146	5	0	0	*	2
353	14146	143	4	0	0	*	2
354	14186	141	4	0	0	*	2
355	14226	137	4	0	0	*	2
356	14266	135	4	0	0	*	2
357	14306	133	4	0	0	*	2
358	14346	130	3	0	0	*	2
359	14386	127	4	0	0	*	2
360	14426	124	4	0	0	*	2
361	14466	121	4	0	0	*	2
362	14506	119	4	0	0	*	2
363	14546	117	5	0	0	*	2
364	14586	114	5	0	0	*	2
365	14626	111	5	0	0	*	2
366	14666	109	6	0	0	*	2
367	14706	105	7	0	0	*	2
368	14746	103	8	0	0	*	2
369	14786	100	8	0	0	*	2
370	14826	98	9	0	0	*	2
371	14866	95	10	0	0	*	2
372	14906	93	11	0	0	*	2
373	14946	89	11	0	0	*	2
374	14986	86	12	0	0	*	2
375	15026	84	13	0	0	*	2
376	15066	81	14	0	0	*	2
377	15106	78	15	0	0	*	2
378	15146	76	16	0	0	*	2
379	15186	73	17	0	0	*	2
380	15226	71	19	0	0	*	2
381	15266	68	20	0	0	*	2
382	15306	65	21	0	0	*	2
383	15346	63	22	0	0	*	2
384	15386	61	23	0	0	*	2
385	15426	58	25	0	0	*	2
386	15466	56	26	0	0	*	2
387	15506	55	27	0	0	*	2
388	15546	52	29	0	0	*	2
389	15586	50	30	0	0	*	2
390	15626	48	32	0	0	*	2
391	15666	46	34	0	0	*	2
392	15706	44	36	0	0	*	2
393	15746	42	38	0	0	*	2
394	15786	40	40	0	0	*	2
395	15826	38	42	0	0	*	2
396	15866	36	44	0	0	*	2
397	15906	34	46	0	0	*	2
398	15946	33	48	0	0	*	2
399	15986	31	50	0	0	*	2
400	16026	29	52	0	0	*	2
401	16066	28	54	0	0	*	2
402	16106	26	57	0	0	*	2
403	16146	24	60	0	0	*	2
404	16186	24	62	0	0	*	2
405	16226	22	64	0	0	*	2
406	16266	21	66	0	0	*	2
407	16306	20	69	0	0	*	2
408	16346	18	71	0	0	*	2
409	16386	17	74	0	0	*	2
410	16426	16	75	0	0	*	2
411	16466	15	78	0	0	*	2
412	16506	14	81	0	0	*	2
413	16546	13	83	0	0	*	2
414	16586	12	86	0	0	*	2
415	16626	11	89	0	0	*	2
416	16666	11	91	0	0	*	2
417	16706	10	93	0	0	*	2
418	16746	9	95	0	0	*	2
419	16786	8	98	0	0	*	2
420	16826	8	101	0	0	*	2
421	16866	7	104	0	0	*	2
422	16906	7	107	0	0	*	2
423	16946	6	109	0	0	*	2
424	16986	6	112	0	0	*	2
425	17026	6	115	0	0	*	2
426	17066	5	117	0	0	*	2
427	17106	5	120	0	0	*	2
428	17146	5	123	0	0	*	2
429	17186	5	125	0	0	*	2
430	17226	5	128	0	0	*	2
431	17266	5	130	0	0	*	2
432	17306	6	133	0	0	*	2
433	17346	6	136	0	0	*	2
434	17386	6	138	0	0	*	2
435	17426	7	140	0	0	*	2
436	17466	7	143	0	0	*	2
437	17506	8	146	0	0	*	2
438	17546	8	149	0	0	*	2
439	17586	9	151	0	0	*	2
440	17626	9	154	0	0	*	2
441	17666	10	156	0	0	*	2
442	17706	11	159	0	0	*	2
443	17746	12	161	0	0	*	2
444	17786	12	164	0	0	*	2
445	17826	13	166	0	0	*	2
446	17866	14	169	0	0	*	2
447	17906	16	171	0	0	*	2
448	17946	17	174	0	0	*	2
449	17986	18	177	0	0	*	2
450	18026	20	180	0	0	*	2
451	18066	21	182	0	0	*	2
452	18106	22	184	0	0	*	2
453	18146	23	186	0	0	*	2
454	18186	25	188	0	0	*	2
455	18226	26	190	0	0	*	2
456	18266	28	193	0	0	*	2
457	18306	29	195	0	0	*	2
458	18346	31	196	0	0	*	2
459	18386	33	199	0	0	*	2
460	18426	35	201	0	0	*	2
461	18466	37	203	0	0	*	2
462	18506	39	205	0	0	*	2
463	18546	40	206	0	0	*	2
464	18586	43	208	0	0	*	2
465	18626	47	210	0	0	*	2
466	18666	49	212	0	0	*	2
467	18706	52	214	0	0	*	2
468	18746	54	215	0	0	*	2
469	18786	56	216	0	0	*	2
470	18826	59	218	0	0	*	2
471	18866	61	219	0	0	*	2
472	18906	63	220	0	0	*	2
473	18946	66	222	0	0	*	2
474	18986	68	223	0	0	*	2
475	19026	71	224	0	0	*	2
476	19066	73	225	0	0	*	2
477	19106	76	225	0	0	*	2
478	19146	78	226	0	0	*	2
479	19186	82	227	0	0	*	2
480	19226	84	228	0	0	*	2
481	19266	86	229	0	0	*	2
482	19306	89	229	0	0	*	2
483	19346	92	230	0	0	*	2
484	19386	95	230	0	0	*	2
485	19426	97	231	0	0	*	2
486	19466	100	231	0	0	*	2
487	19506	103	231	0	0	*	2
488	19546	106	232	0	0	*	2
489	19586	109	232	0	0	*	2
490	19626	112	232	0	0	*	2
491	19666	114	232	0	0	*	2
492	19706	117	232	0	0	*	2
493	19746	120	232	0	0	*	2
494	19786	123	232	0	0	*	2
495	19826	126	232	0	0	*	2
496	19866	129	232	0	0	*	2
497	19906	132	232	0	0	*	2
498	19946	134	232	0	0	*	2
499	19986	137	232	0	0	*	2
500	20026	140	232	0	0	*	2
501	20066	144	231	0	0	*	2
502	20106	146	231	0	0	*	2
503	20146	148	231	0	0	*	2
504	20186	151	231	0	0	*	2
505	20226	154	231	0	0	*	2
506	20266	157	231	0	0	*	2
507	20306	160	231	0	0	*	2
508	20346	162	231	0	0	*	2
509	20386	165	231	0	0	*	2
510	20426	168	231	0	0	*	2
511	20466	170	231	0	0	*	2
512	20506	173	231	0	0	*	2
513	20546	176	231	0	0	*	2
514	20586	180	231	0	0	*	2
515	20626	182	231	0	0	*	2
516	20666	185	231	0	0	*	2
517	20706	187	230	0	0	*	2
518	20746	189	229	0	0	*	2
519	20786	192	228	0	0	*	2
520	20826	194	227	0	0	*	2
521	20866	195	227	0	0	*	2
522	20906	197	226	0	0	*	2
523	20946	200	224	0	0	*	2
524	20986	202	223	0	0	*	2
525	21026	204	220	0	0	*	2
526	21066	206	219	0	0	*	2
527	21106	207	217	0	0	*	2
528	21146	209	215	0	0	*	2
529	21186	211	213	0	0	*	2
530	21226	213	212	0	0	*	2
531	21266	215	209	0	0	*	2
532	21306	216	209	0	0	*	2
533	21346	218	207	0	0	*	2
534	21386	219	205	0	0	*	2
535	21426	220	203	0	0	*	2
536	21466	222	200	0	0	*	2
537	21506	224	198	0	0	*	2
538	21546	225	197	0	0	*	2
539	21586	227	194	0	0	*	2
540	21626	229	191	0	0	*	2
541	21666	230	189	0	0	*	2
542	21706	231	186	0	0	*	2
543	21746	232	185	0	0	*	2
544	21786	233	183	0	0	*	2
545	21826	235	180	0	0	*	2
546	21866	236	177	0	0	*	2
547	21906	237	174	0	0	*	2
548	21946	238	172	0	0	*	2
549	21986	239	170	0	0	*	2
550	22026	240	167	0	0	*	2
551	22066	241	164	0	0	*	2
552	22106	241	162	0	0	*	2
553	22146	242	158	0	0	*	2
554	22186	242	156	0	0	*	2
555	22226	243	154	0	0	*	2
556	22266	242	150	0	0	*	2
557	22306	242	146	0	0	*	2
558	22346	242	144	0	0	*	2
559	22386	243	140	0	0	*	2
560	22426	243	138	0	0	*	2
561	22466	243	135	0	0	*	2
562	22506	243	132	0	0	*	2
563	22546	243	130	0	0	*	2
564	22586	243	126	0	0	*	2
565	22626	243	123	0	0	*	2
566	22666	243	121	0	0	*	2
567	22706	243	118	0	0	*	2
568	22746	243	115	0	0	*	2
569	22786	243	112	0	0	*	2
570	22826	243	109	0	0	*	2
571	22866	243	106	0	0	*	2
572	22906	243	104	0	0	*	2
573	22946	242	101	0	0	*	2
574	22986	242	98	0	0	*	2
575	23026	241	96	0	0	*	2
576	23066	240	93	0	0	*	2
577	23106	239	90	0	0	*	2
578	23146	238	89	0	0	*	2
579	23186	237	86	0	0	*	2
580	23226	236	83	0	0	*	2
581	23266	235	81	0	0	*	2
582	23306	233	78	0	0	*	2
583	23346	232	76	0	0	*	2
584	23386	231	73	0	0	*	2
585	23426	229	71	0	0	*	2
586	23466	228	69	0	0	*	2
587	23506	226	67	0	0	*	2
588	23546	224	64	0	0	*	2
589	23586	223	62	0	0	*	2
590	23626	221	60	0	0	*	2
591	23666	219	57	0	0	*	2
592	23706	218	54	0	0	*	2
593	23746	217	52	0	0	*	2
594	23786	215	50	0	0	*	2
595	23826	213	48	0	0	*	2
596	23866	211	46	0	0	*	2
597	23906	209	44	0	0	*	2
598	23946	208	42	0	0	*	2
599	23986	206	39	0	0	*	2
600	24026	204	37	0	0	*	2
601	24066	202	35	0	0	*	2
602	24106	200	33	0	0	*	2
603	24146	198	31	0	0	*	2
604	24186	196	29	0	0	*	2
605	24226	194	26	0	0	*	2
606	24266	193	25	0	0	*	2
607	24306	191	23	0	0	*	2
608	24346	188	21	0	0	*	2
609	24386	186	20	0	0	*	2
610	24426	184	18	0	0	*	2
611	24466	181	17	0	0	*	2
612	24506	179	15	0	0	*	2
613	24546	177	14	0	0	*	2
614	24586	174	13	0	0	*	2
615	24626	171	12	0	0	*	2
616	24666	169	11	0	0	*	2
617	24706	166	10	0	0	*	2
618	24746	164	9	0	0	*	2
619	24786	161	8	0	0	*	2
620	24826	158	7	0	0	*	2
621	24866	156	7	0	0	*	2
622	24906	153	6	0	0	*	2
623	24946	150	6	0	0	*	2
624	24986	148	5	0	0	*	2
625	25026	145	5	0	0	*	2
626	25066	143	4	0	0	*	2
627	25106	139	4	0	0	*	2
628	25146	136	4	0	0	*	2
629	25186	134	4	0	0	*	2
630	25226	132	4	0	0	*	2
631	25266	128	4	0	0	*	2
632	25306	125	4	0	0	*	2
633	25346	122	4	0	0	*	2
634	25386	119	4	0	0	*	2
635	25426	117	4	0	0	*	2
636	25466	114	4	0	0	*	2
637	25506	110	5	0	0	*	2
638	25546	108	5	0	0	*	2
639	25586	105	6	0	0	*	2
640	25626	102	6	0	0	*	2
641	25666	100	7	0	0	*	2
642	25706	97	7	0	0	*	2
643	25746	95	8	0	0	*	2
644	25786	92	9	0	0	*	2
645	25826	89	10	0	0	*	2
646	25866	86	11	0	0	*	2
647	25906	84	12	0	0	*	2
648	25946	82	13	0	0	*	2
649	25986	78	14	0	0	*	2
650	26026	76	15	0	0	*	2
651	26066	73	17	0	0	*	2
652	26106	71	18	0	0	*	2
653	26146	69	19	0	0	*	2
654	26186	66	21	0	0	*	2
655	26226	64	22	0	0	*	2
656	26266	61	23	0	0	*	2
657	26306	59	25	0	0	*	2
658	26346	57	26	0	0	*	2
659	26386	55	27	0	0	*	2
660	26426	53	29	0	0	*	2
661	26466	50	31	0	0	*	2
662	26506	49	33	0	0	*	2
663	26546	46	35	0	0	*	2
664	26586	44	37	0	0	*	2
665	26626	42	38	0	0	*	2
666	26666	40	40	0	0	*	2
667	26706	38	42	0	0	*	2
668	26746	36	44	0	0	*	2
669	26786	35	46	0	0	*	2
670	26826	33	48	0	0	*	2
671	26866	32	50	0	0	*	2
672	26906	30	52	0	0	*	2
673	26946	28	54	0	0	*	2
674	26986	26	57	0	0	*	2
675	27026	24	59	0	0	*	2
676	27066	23	61	0	0	*	2
677	27106	22	63	0	0	*	2
678	27146	21	65	0	0	*	2
679	27186	20	68	0	0	*	2
680	27226	18	70	0	0	*	2
681	27266	17	72	0	0	*	2
682	27306	16	74	0	0	*	2
683	27346	15	76	0	0	*	2
684	27386	14	79	0	0	*	2
685	27426	12	82	0	0	*	2
686	27466	12	85	0	0	*	2
687	27506	11	88	0	0	*	2
688	27546	10	90	0	0	*	2
689	27586	10	92	0	0	*	2
690	27626	9	94	0	0	*	2
691	27666	8	96	0	0	*	2
692	27706	8	99	0	0	*	2
693	27746	7	103	0	0	*	2
694	27786	6	105	0	0	*	2
695	27826	6	107	0	0	*	2
696	27866	6	110	0	0	*	2
697	27906	5	113	0	0	*	2
698	27946	5	116	0	0	*	2
699	27986	5	119	0	0	*	2
700	28026	5	121	0	0	*	2
701	28066	5	124	0	0	*	2
702	28106	5	127	0	0	*	2
703	28146	5	129	0	0	*	2
704	28186	5	133	0	0	*	2
705	28226	5	136	0	0	*	2
706	28266	5	138	0	0	*	2
707	28306	6	141	0	0	*	2
708	28346	6	143	0	0	*	2
709	28386	7	146	0	0	*	2
710	28426	8	149	0	0	*	2
711	28466	8	152	0	0	*	2
712	28506	9	154	0	0	*	2
713	28546	9	156	0	0	*	2
714	28586	10	158	0	0	*	2
715	28626	11	160	0	0	*	2
716	28666	12	163	0	0	*	2
717	28706	12	165	0	0	*	2
718	28746	13	168	0	0	*	2
719	28786	14	170	0	0	*	2
720	28826	15	172	0	0	*	2
721	28866	16	175	0	0	*	2
722	28906	18	178	0	0	*	2
723	28946	19	180	0	0	*	2
724	28986	20	182	0	0	*	2
725	29026	22	185	0	0	*	2
726	29066	23	187	0	0	*	2
727	29106	24	189	0	0	*	2
728	29146	26	192	0	0	*	2
729	29186	27	194	0	0	*	2
730	29226	29	196	0	0	*	2
731	29266	31	199	0	0	*	2
732	29306	33	201	0	0	*	2
733	29346	35	203	0	0	*	2
734	29386	37	205	0	0	*	2
735	29426	38	207	0	0	*	2
736	29466	40	209	0	0	*	2
737	29506	43	211	0	0	*	2
738	29546	45	213	0	0	*	2
739	29586	48	215	0	0	*	2
740	29626	50	217	0	0	*	2
741	29666	52	218	0	0	*	2
742	29706	53	220	0	0	*	2
743	29746	56	222	0	0	*	2
744	29786	58	223	0	0	*	2
745	29826	61	225	0	0	*	2
746	29866	63	227	0	0	*	2
747	29906	65	228	0	0	*	2
748	29946	67	229	0	0	*	2
749	29986	70	230	0	0	*	2
750	30026	72	231	0	0	*	2
751	30066	74	232	0	0	*	2
752	30106	77	234	0	0	*	2
753	30146	78	234	0	0	*	2
754	30186	81	236	0	0	*	2
755	30226	84	237	0	0	*	2
756	30266	86	237	0	0	*	2
757	30306	89	238	0	0	*	2
758	30346	92	239	0	0	*	2
759	30386	94	239	0	0	*	2
760	30426	97	240	0	0	*	2
761	30466	100	240	0	0	*	2
762	30506	102	241	0	0	*	2
763	30546	105	241	0	0	*	2
764	30586	108	241	0	0	*	2
765	30626	110	241	0	0	*	2
766	30666	113	241	0	0	*	2
767	30706	116	241	0	0	*	2
768	30746	119	241	0	0	*	2
769	30786	121	241	0	0	*	2
770	30826	124	241	0	0	*	2
771	30866	127	240	0	0	*	2
772	30906	130	240	0	0	*	2
773	30946	133	239	0	0	*	2
774	30986	136	238	0	0	*	2
775	31026	138	238	0	0	*	2
776	31066	140	237	0	0	*	2
777	31106	144	237	0	0	*	2
778	31146	146	236	0	0	*	2
779	31186	149	236	0	0	*	2
780	31226	152	235	0	0	*	2
781	31266	154	234	0	0	*	2
782	31306	157	234	0	0	*	2
783	31346	159	233	0	0	*	2
784	31386	161	233	0	0	*	2
785	31426	164	232	0	0	*	2
786	31466	167	232	0	0	*	2
787	31506	170	231	0	0	*	2
788	31546	172	230	0	0	*	2
789	31586	175	229	0	0	*	2
790	31626	178	229	0	0	*	2
791	31666	181	228	0	0	*	2
792	31706	183	227	0	0	*	2
793	31746	186	227	0	0	*	2
794	31786	189	226	0	0	*	2
795	31826	192	225	0	0	*	2
796	31866	195	224	0	0	*	2
797	31906	197	223	0	0	*	2
798	31946	200	222	0	0	*	2
799	31986	201	221	0	0	*	2
800	32026	204	219	0	0	*	2
801	32066	206	218	0	0	*	2
802	32106	208	216	0	0	*	2
803	32146	210	214	0	0	*	2
804	32186	211	213	0	0	*	2
805	32226	213	212	0	0	*	2
806	32266	215	210	0	0	*	2
807	32306	217	208	0	0	*	2
808	32346	219	206	0	0	*	2
809	32386	220	203	0	0	*	2
810	32426	222	201	0	0	*	2
811	32466	223	200	0	0	*	2
812	32506	225	197	0	0	*	2
813	32546	226	196	0	0	*	2
814	32586	228	193	0	0	*	2
815	32626	230	190	0	0	*	2
816	32666	231	189	0	0	*	2
817	32706	232	186	0	0	*	2
818	32746	233	184	0	0	*	2
819	32786	234	181	0	0	*	2
820	32826	236	179	0	0	*	2
821	32866	236	176	0	0	*	2
822	32906	238	174	0	0	*	2
823	32946	239	170	0	0	*	2
824	32986	240	168	0	0	*	2
825	33026	241	165	0	0	*	2
826	33066	242	162	0	0	*	2
827	33106	243	160	0	0	*	2
828	33146	243	158	0	0	*	2
829	33186	244	155	0	0	*	2
830	33226	245	152	0	0	*	2
831	33266	246	149	0	0	*	2
832	33306	246	146	0	0	*	2
833	33346	247	144	0	0	*	2
834	33386	247	142	0	0	*	2
835	33426	248	139	0	0	*	2
836	33466	248	136	0	0	*	2
837	33506	249	133	0	0	*	2
838	33546	249	130	0	0	*	2
839	33586	249	128	0	0	*	2
840	33626	249	125	0	0	*	2
841	33666	249	122	0	0	*	2
842	33706	249	119	0	0	*	2
843	33746	249	116	0	0	*	2
844	33786	249	114	0	0	*	2
845	33826	248	112	0	0	*	2
846	33866	248	109	0	0	*	2
847	33906	247	106	0	0	*	2
848	33946	247	104	0	0	*	2
849	33986	246	102	0	0	*	2
850	34026	245	100	0	0	*	2
851	34066	244	98	0	0	*	2
852	34106	243	95	0	0	*	2
853	34146	242	93	0	0	*	2
854	34186	241	91	0	0	*	2
855	34226	238	87	0	0	*	2
856	34266	237	86	0	0	*	2
857	34306	236	84	0	0	*	2
858	34346	233	81	0	0	*	2
859	34386	231	78	0	0	*	2
860	34426	230	76	0	0	*	2
861	34466	228	74	0	0	*	2
862	34506	226	72	0	0	*	2
863	34546	225	70	0	0	*	2
864	34586	223	68	0	0	*	2
865	34626	220	65	0	0	*	2
866	34666	219	63	0	0	*	2
867	34706	218	62	0	0	*	2
868	34746	215	60	0	0	*	2
869	34786	213	57	0	0	*	2
870	34826	211	55	0	0	*	2
871	34866	210	54	0	0	*	2
872	34906	208	52	0	0	*	2
873	34946	205	49	0	0	*	2
874	34986	204	47	0	0	*	2
875	35026	201	45	0	0	*	2
876	35066	200	44	0	0	*	2
877	35106	198	42	0	0	*	2
878	35146	196	40	0	0	*	2
879	35186	194	38	0	0	*	2
880	35226	192	36	0	0	*	2
881	35266	190	34	0	0	*	2
882	35306	187	32	0	0	*	2
883	35346	185	30	0	0	*	2
884	35386	183	29	0	0	*	2
885	35426	181	27	0	0	*	2
886	35466	179	25	0	0	*	2
887	35506	176	24	0	0	*	2
888	35546	174	23	0	0	*	2
889	35586	172	21	0	0	*	2
890	35626	170	19	0	0	*	2
891	35666	167	18	0	0	*	2
892	35706	165	16	0	0	*	2
893	35746	162	15	0	0	*	2
894	35786	160	13	0	0	*	2
895	35826	158	11	0	0	*	2
896	35866	155	9	0	0	*	2
897	35906	153	8	0	0	*	2
898	35946	150	7	0	0	*	2
899	35986	147	6	0	0	*	2
900	36026	146	6	0	0	*	2
901	36066	143	5	0	0	*	2
902	36106	140	5	0	0	*	2
903	36146	139	5	0	0	*	2
904	36186	137	4	0	0	*	2
905	36226	134	4	0	0	*	2
906	36266	132	4	0	0	*	2
907	36306	129	4	0	0	*	2
908	36346	126	4	0	0	*	2
909	36386	124	4	0	0	*	2
910	36426	122	5	0	0	*	2
911	36466	120	5	0	0	*	2
912	36506	118	6	0	0	*	2
913	36546	115	6	0	0	*	2
914	36586	113	7	0	0	*	2
915	36626	110	8	0	0	*	2
916	36666	107	10	0	0	*	2
917	36706	105	11	0	0	*	2
918	36746	102	12	0	0	*	2
919	36786	100	13	0	0	*	2
920	36826	97	14	0	0	*	2
921	36866	95	15	0	0	*	2
922	36906	92	17	0	0	*	2
923	36946	90	18	0	0	*	2
924	36986	87	19	0	0	*	2
925	37026	85	20	0	0	*	2
926	37066	83	22	0	0	*	2
927	37106	80	23	0	0	*	2
928	37146	78	24	0	0	*	2
929	37186	75	25	0	0	*	2
930	37226	73	27	0	0	*	2
931	37266	71	28	0	0	*	2
932	37306	68	30	0	0	*	2
933	37346	66	31	0	0	*	2
934	37386	64	33	0	0	*	2
935	37426	62	34	0	0	*	2
936	37466	60	36	0	0	*	2
937	37506	57	38	0	0	*	2
938	37546	55	39	0	0	*	2
939	37586	53	41	0	0	*	2
940	37626	51	43	0	0	*	2
941	37666	49	45	0	0	*	2
942	37706	47	46	0	0	*	2
943	37746	45	48	0	0	*	2
944	37786	43	50	0	0	*	2
945	37826	41	53	0	0	*	2
946	37866	39	55	0	0	*	2
947	37906	38	56	0	0	*	2
948	37946	36	58	0	0	*	2
949	37986	35	61	0	0	*	2
950	38026	34	63	0	0	*	2
951	38066	32	65	0	0	*	2
952	38106	31	68	0	0	*	2
953	38146	26	68	0	0	*	2
954	38186	24	70	0	0	*	2
955	38226	26	74	0	0	*	2
956	38266	22	75	0	0	*	2
957	38306	21	75	0	0	*	2
958	38346	20	79	0	0	*	2
959	38386	19	80	0	0	*	2
960	38426	18	83	0	0	*	2
961	38466	17	85	0	0	*	2
962	38506	17	87	0	0	*	2
963	38546	16	90	0	0	*	2
964	38586	16	93	0	0	*	2
965	38626	19	98	0	0	*	2
966	38666	19	101	0	0	*	2
967	38706	18	103	0	0	*	2
968	38746	18	106	0	0	*	2
969	38786	18	108	0	0	*	2
970	38826	18	111	0	0	*	2
971	38866	17	114	0	0	*	2
972	38906	17	116	0	0	*	2
973	38946	17	119	0	0	*	2
974	38986	17	121	0	0	*	2
975	39026	17	124	0	0	*	2
976	39066	16	127	0	0	*	2
977	39106	16	129	0	0	*	2
978	39146	16	132	0	0	*	2
979	39186	16	135	0	0	*	2
980	39226	16	137	0	0	*	2
981	39266	17	140	0	0	*	2
982	39306	17	142	0	0	*	2
983	39346	17	145	0	0	*	2
984	39386	13	148	0	0	*	2
985	39426	18	151	0	0	*	2
986	39466	14	153	0	0	*	2
987	39506	15	157	0	0	*	2
988	39546	15	159	0	0	*	2
989	39586	15	162	0	0	*	2
990	39626	16	163	0	0	*	2
991	39666	17	167	0	0	*	2
992	39706	18	169	0	0	*	2
993	39746	19	171	0	0	*	2
994	39786	20	174	0	0	*	2
995	39826	21	177	0	0	*	2
996	39866	21	179	0	0	*	2
997	39906	22	182	0	0	*	2
998	39946	24	184	0	0	*	2
999	39986	24	186	0	0	*	2
1000	40026	25	188	0	0	*	2
1001	40066	26	191	0	0	*	2
1002	40106	28	194	0	0	*	2
1003	40146	29	195	0	0	*	2
1004	40186	30	196	0	0	*	2
1005	40226	32	199	0	0	*	2
1006	40266	34	202	0	0	*	2
1007	40306	36	204	0	0	*	2
1008	40346	37	206	0	0	*	2
1009	40386	39	208	0	0	*	2
1010	40426	40	209	0	0	*	2
1011	40466	43	211	0	0	*	2
1012	40506	45	213	0	0	*	2
1013	40546	46	215	0	0	*	2
1014	40586	49	217	0	0	*	2
1015	40626	50	218	0	0	*	2
1016	40666	52	220	0	0	*	2
1017	40706	55	222	0	0	*	2
1018	40746	57	223	0	0	*	2
1019	40786	60	225	0	0	*	2
1020	40826	62	226	0	0	*	2
1021	40866	64	227	0	0	*	2
1022	40906	66	229	0	0	*	2
1023	40946	69	230	0	0	*	2
1024	40986	71	231	0	0	*	2
1025	41026	73	232	0	0	*	2
1026	41066	76	233	0	0	*	2
1027	41106	78	234	0	0	*	2
1028	41146	81	235	0	0	*	2
1029	41186	84	236	0	0	*	2
1030	41226	85	237	0	0	*	2
1031	41266	88	238	0	0	*	2
1032	41306	91	239	0	0	*	2
1033	41346	93	239	0	0	*	2
1034	41386	96	240	0	0	*	2
1035	41426	98	241	0	0	*	2
1036	41466	100	242	0	0	*	2
1037	41506	103	242	0	0	*	2
1038	41546	105	243	0	0	*	2
1039	41586	108	243	0	0	*	2
1040	41626	111	244	0	0	*	2
1041	41666	113	244	0	0	*	2
1042	41706	116	244	0	0	*	2
1043	41746	119	244	0	0	*	2
1044	41786	121	244	0	0	*	2
1045	41826	123	244	0	0	*	2
1046	41866	126	244	0	0	*	2
1047	41906	129	245	0	0	*	2
1048	41946	132	245	0	0	*	2
1049	41986	134	245	0	0	*	2
1050	42026	137	244	0	0	*	2
1051	42066	139	244	0	0	*	2
1052	42106	142	244	0	0	*	2
1053	42146	145	244	0	0	*	2
1054	42186	147	244	0	0	*	2
1055	42226	149	244	0	0	*	2
1056	42266	152	244	0	0	*	2
1057	42306	155	243	0	0	*	2
1058	42346	158	243	0	0	*	2
1059	42386	159	242	0	0	*	2
1060	42426	162	241	0	0	*	2
1061	42466	164	241	0	0	*	2
1062	42506	167	240	0	0	*	2
1063	42546	169	239	0	0	*	2
1064	42586	171	238	0	0	*	2
1065	42626	174	237	0	0	*	2
1066	42666	177	236	0	0	*	2
1067	42706	178	235	0	0	*	2
1068	42746	181	234	0	0	*	2
1069	42786	183	233	0	0	*	2
1070	42826	185	232	0	0	*	2
1071	42866	188	230	0	0	*	2
1072	42906	190	229	0	0	*	2
1073	42946	192	228	0	0	*	2
1074	42986	194	226	0	0	*	2
1075	43026	196	224	0	0	*	2
1076	43066	199	222	0	0	*	2
1077	43106	201	220	0	0	*	2
1078	43146	203	218	0	0	*	2
1079	43186	205	216	0	0	*	2
1080	43226	207	214	0	0	*	2
1081	43266	209	212	0	0	*	2
1082	43306	211	210	0	0	*	2
1083	43346	213	209	0	0	*	2
1084	43386	215	207	0	0	*	2
1085	43426	216	205	0	0	*	2
1086	43466	219	203	0	0	*	2
1087	43506	221	201	0	0	*	2
1088	43546	223	198	0	0	*	2
1089	43586	225	196	0	0	*	2
1090	43626	227	194	0	0	*	2
1091	43666	229	191	0	0	*	2
1092	43706	230	189	0	0	*	2
1093	43746	231	187	0	0	*	2
1094	43786	233	185	0	0	*	2
1095	43826	234	183	0	0	*	2
1096	43866	235	181	0	0	*	2
1097	43906	237	179	0	0	*	2
1098	43946	238	176	0	0	*	2
1099	43986	239	173	0	0	*	2
1100	44026	241	171	0	0	*	2
1101	44066	241	169	0	0	*	2
1102	44106	242	166	0	0	*	2
1103	44146	243	164	0	0	*	2
1104	44186	244	161	0	0	*	2
1105	44226	245	158	0	0	*	2
1106	44266	245	156	0	0	*	2
1107	44306	246	154	0	0	*	2
1108	44346	247	151	0	0	*	2
1109	44386	247	148	0	0	*	2
1110	44426	248	145	0	0	*	2
1111	44466	248	142	0	0	*	2
1112	44506	249	140	0	0	*	2
1113	44546	249	138	0	0	*	2
1114	44586	249	135	0	0	*	2
1115	44626	249	132	0	0	*	2
1116	44666	250	129	0	0	*	2
1117	44706	250	126	0	0	*	2
1118	44746	250	124	0	0	*	2
1119	44786	250	121	0	0	*	2
1120	44826	249	118	0	0	*	2
1121	44866	249	116	0	0	*	2
1122	44906	249	113	0	0	*	2
1123	44946	249	111	0	0	*	2
1124	44986	248	109	0	0	*	2
1125	45026	248	106	0	0	*	2
1126	45066	247	103	0	0	*	2
1127	45106	246	101	0	0	*	2
1128	45146	245	98	0	0	*	2
1129	45186	244	96	0	0	*	2
1130	45226	243	94	0	0	*	2
1131	45266	242	92	0	0	*	2
1132	45306	241	90	0	0	*	2
1133	45346	240	87	0	0	*	2
1134	45386	237	84	0	0	*	2
1135	45426	236	82	0	0	*	2
1136	45466	234	80	0	0	*	2
1137	45506	231	77	0	0	*	2
1138	45546	230	75	0	0	*	2
1139	45586	228	73	0	0	*	2
1140	45626	226	71	0	0	*	2
1141	45666	225	69	0	0	*	2
1142	45706	223	67	0	0	*	2
1143	45746	220	65	0	0	*	2
1144	45786	219	63	0	0	*	2
1145	45826	217	61	0	0	*	2
1146	45866	215	59	0	0	*	2
1147	45906	214	57	0	0	*	2
1148	45946	211	54	0	0	*	2
1149	45986	209	52	0	0	*	2
1150	46026	207	50	0	0	*	2
1151	46066	205	47	0	0	*	2
1152	46106	203	46	0	0	*	2
1153	46146	202	45	0	0	*	2
1154	46186	199	41	0	0	*	2
1155	46226	198	40	0	0	*	2
1156	46266	196	37	0	0	*	2
1157	46306	194	36	0	0	*	2
1158	46346	192	33	0	0	*	2
1159	46386	191	31	0	0	*	2
1160	46426	188	29	0	0	*	2
1161	46466	187	27	0	0	*	2
1162	46506	185	25	0	0	*	2
1163	46546	183	24	0	0	*	2
1164	46586	181	22	0	0	*	2
1165	46626	179	21	0	0	*	2
1166	46666	177	19	0	0	*	2
1167	46706	175	18	0	0	*	2
1168	46746	173	15	0	0	*	2
1169	46786	171	14	0	0	*	2
1170	46826	170	13	0	0	*	2
1171	46866	167	12	0	0	*	2
1172	46906	165	11	0	0	*	2
1173	46946	164	11	0	0	*	2
1174	46986	161	10	0	0	*	2
1175	47026	158	10	0	0	*	2
1176	47066	157	9	0	0	*	2
1177	47106	154	9	0	0	*	2
1178	47146	151	9	0	0	*	2
1179	47186	149	9	0	0	*	2
1180	47226	145	10	0	0	*	2
1181	47266	142	10	0	0	*	2
1182	47306	140	10	0	0	*	2
1183	47346	136	11	0	0	*	2
1184	47386	134	11	0	0	*	2
1185	47426	131	11	0	0	*	2
1186	47466	128	12	0	0	*	2
1187	47506	125	12	0	0	*	2
1188	47546	123	12	0	0	*	2
1189	47586	120	13	0	0	*	2
1190	47626	117	13	0	0	*	2
1191	47666	114	13	0	0	*	2
1192	47706	111	14	0	0	*	2
1193	47746	109	14	0	0	*	2
1194	47786	106	15	0	0	*	2
1195	47826	103	15	0	0	*	2
1196	47866	101	15	0	0	*	2
1197	47906	97	16	0	0	*	2
1198	47946	95	16	0	0	*	2
1199	47986	92	17	0	0	*	2
1200	48026	90	18	0	0	*	2
1201	48066	87	18	0	0	*	2
1202	48106	85	19	0	0	*	2
1203	48146	82	19	0	0	*	2
1204	48186	79	20	0	0	*	2
1205	48226	77	21	0	0	*	2
1206	48266	74	21	0	0	*	2
1207	48306	71	21	0	0	*	2
1208	48346	69	22	0	0	*	2
1209	48386	65	23	0	0	*	2
1210	48426	63	24	0	0	*	2
1211	48466	61	25	0	0	*	2
1212	48506	59	26	0	0	*	2
1213	48546	57	27	0	0	*	2
1214	48586	55	28	0	0	*	2
1215	48626	53	29	0	0	*	2
1216	48666	50	31	0	0	*	2
1217	48706	49	32	0	0	*	2
1218	48746	47	34	0	0	*	2
1219	48786	45	36	0	0	*	2
1220	48826	43	37	0	0	*	2
1221	48866	40	40	0	0	*	2
1222	48906	39	41	0	0	*	2
1223	48946	37	43	0	0	*	2
1224	48986	36	45	0	0	*	2
1225	49026	34	46	0	0	*	2
1226	49066	32	49	0	0	*	2
1227	49106	30	51	0	0	*	2
1228	49146	29	53	0	0	*	2
1229	49186	27	55	0	0	*	2
1230	49226	26	57	0	0	*	2
1231	49266	24	59	0	0	*	2
1232	49306	23	62	0	0	*	2
1233	49346	21	65	0	0	*	2
1234	49386	20	67	0	0	*	2
1235	49426	19	69	0	0	*	2
1236	49466	18	71	0	0	*	2
1237	49506	16	74	0	0	*	2
1238	49546	15	77	0	0	*	2
1239	49586	14	79	0	0	*	2
1240	49626	13	81	0	0	*	2
1241	49666	12	83	0	0	*	2
1242	49706	12	86	0	0	*	2
1243	49746	11	89	0	0	*	2
1244	49786	10	92	0	0	*	2
1245	49826	9	94	0	0	*	2
1246	49866	8	96	0	0	*	2
1247	49906	8	98	0	0	*	2
1248	49946	7	101	0	0	*	2
1249	49986	6	104	0	0	*	2
1250	50026	6	107	0	0	*	2
1251	50066	6	109	0	0	*	2
1252	50106	5	112	0	0	*	2
1253	50146	5	114	0	0	*	2
1254	50186	5	116	0	0	*	2
1255	50226	4	121	0	0	*	2
1256	50266	4	124	0	0	*	2
1257	50306	4	125	0	0	*	2
1258	50346	4	128	0	0	*	2
1259	50386	4	130	0	0	*	2
1260	50426	5	134	0	0	*	2
1261	50466	5	137	0	0	*	2
1262	50506	5	139	0	0	*	2
1263	50546	6	141	0	0	*	2
1264	50586	6	143	0	0	*	2
1265	50626	6	146	0	0	*	2
1266	50666	7	148	0	0	*	2
1267	50706	8	152	0	0	*	2
1268	50746	8	154	0	0	*	2
1269	50786	9	156	0	0	*	2
1270	50826	10	159	0	0	*	2
1271	50866	10	160	0	0	*	2
1272	50906	11	163	0	0	*	2
1273	50946	12	166	0	0	*	2
1274	50986	12	168	0	0	*	2
1275	51026	13	170	0	0	*	2
1276	51066	14	173	0	0	*	2
1277	51106	15	175	0	0	*	2
1278	51146	16	177	0	0	*	2
1279	51186	18	180	0	0	*	2
1280	51226	19	183	0	0	*	2
1281	51266	20	185	0	0	*	2
1282	51306	21	186	0	0	*	2
1283	51346	23	188	0	0	*	2
1284	51386	24	191	0	0	*	2
1285	51426	25	193	0	0	*	2
1286	51466	27	195	0	0	*	2
1287	51506	28	197	0	0	*	2
1288	51546	30	199	0	0	*	2
1289	51586	31	201	0	0	*	2
1290	51626	33	203	0	0	*	2
1291	51666	35	205	0	0	*	2
1292	51706	36	207	0	0	*	2
1293	51746	38	209	0	0	*	2
1294	51786	40	210	0	0	*	2
1295	51826	41	212	0	0	*	2
1296	51866	43	214	0	0	*	2
1297	51906	46	216	0	0	*	2
1298	51946	48	217	0	0	*	2
1299	51986	49	219	0	0	*	2
1300	52026	51	221	0	0	*	2
1301	52066	54	222	0	0	*	2
1302	52106	56	224	0	0	*	2
1303	52146	58	226	0	0	*	2
1304	52186	60	227	0	0	*	2
1305	52226	62	228	0	0	*	2
1306	52266	64	230	0	0	*	2
1307	52306	67	231	0	0	*	2
1308	52346	69	232	0	0	*	2
1309	52386	72	233	0	0	*	2
1310	52426	73	234	0	0	*	2
1311	52466	75	235	0	0	*	2
1312	52506	78	237	0	0	*	2
1313	52546	80	238	0	0	*	2
1314	52586	83	239	0	0	*	2
1315	52626	85	240	0	0	*	2
1316	52666	86	240	0	0	*	2
1317	52706	89	241	0	0	*	2
1318	52746	92	242	0	0	*	2
1319	52786	95	242	0	0	*	2
1320	52826	97	243	0	0	*	2
1321	52866	99	244	0	0	*	2
1322	52906	101	244	0	0	*	2
1323	52946	104	245	0	0	*	2
1324	52986	107	245	0	0	*	2
1325	53026	109	245	0	0	*	2
1326	53066	112	246	0	0	*	2
1327	53106	115	246	0	0	*	2
1328	53146	117	246	0	0	*	2
1329	53186	120	246	0	0	*	2
1330	53226	122	247	0	0	*	2
1331	53266	125	247	0	0	*	2
1332	53306	128	247	0	0	*	2
1333	53346	130	247	0	0	*	2
1334	53386	133	247	0	0	*	2
1335	53426	135	247	0	0	*	2
1336	53466	138	247	0	0	*	2
1337	53506	140	247	0	0	*	2
1338	53546	143	246	0	0	*	2
1339	53586	145	246	0	0	*	2
1340	53626	147	246	0	0	*	2
1341	53666	150	245	0	0	*	2
1342	53706	152	245	0	0	*	2
1343	53746	155	244	0	0	*	2
1344	53786	157	244	0	0	*	2
1345	53826	159	243	0	0	*	2
1346	53866	161	242	0	0	*	2
1347	53906	164	242	0	0	*	2
1348	53946	166	241	0	0	*	2
1349	53986	169	240	0	0	*	2
1350	54026	171	239	0	0	*	2
1351	54066	172	238	0	0	*	2
1352	54106	175	237	0	0	*	2
1353	54146	177	236	0	0	*	2
1354	54186	180	235	0	0	*	2
1355	54226	182	233	0	0	*	2
1356	54266	183	232	0	0	*	2
1357	54306	186	231	0	0	*	2
1358	54346	189	230	0	0	*	2
1359	54386	191	228	0	0	*	2
1360	54426	193	226	0	0	*	2
1361	54466	195	224	0	0	*	2
1362	54506	197	223	0	0	*	2
1363	54546	199	221	0	0	*	2
1364	54586	202	219	0	0	*	2
1365	54626	204	217	0	0	*	2
1366	54666	206	215	0	0	*	2
1367	54706	207	214	0	0	*	2
1368	54746	209	212	0	0	*	2
1369	54786	212	209	0	0	*	2
1370	54826	214	208	0	0	*	2
1371	54866	216	206	0	0	*	2
1372	54906	217	203	0	0	*	2
1373	54946	218	202	0	0	*	2
1374	54986	219	198	0	0	*	2
1375	55026	221	196	0	0	*	2
1376	55066	222	193	0	0	*	2
1377	55106	224	191	0	0	*	2
1378	55146	225	189	0	0	*	2
1379	55186	226	186	0	0	*	2
1380	55226	228	183	0	0	*	2
1381	55266	229	181	0	0	*	2
1382	55306	230	178	0	0	*	2
1383	55346	231	176	0	0	*	2
1384	55386	231	173	0	0	*	2
1385	55426	233	170	0	0	*	2
1386	55466	234	168	0	0	*	2
1387	55506	235	165	0	0	*	2
1388	55546	236	162	0	0	*	2
1389	55586	237	160	0	0	*	2
1390	55626	237	158	0	0	*	2
1391	55666	239	155	0	0	*	2
1392	55706	240	152	0	0	*	2
1393	55746	240	150	0	0	*	2
1394	55786	241	147	0	0	*	2
1395	55826	243	145	0	0	*	2
1396	55866	244	142	0	0	*	2
1397	55906	245	139	0	0	*	2
1398	55946	246	137	0	0	*	2
1399	55986	247	135	0	0	*	2
1400	56026	248	132	0	0	*	2
1401	56066	248	129	0	0	*	2
1402	56106	248	127	0	0	*	2
1403	56146	249	124	0	0	*	2
1404	56186	249	122	0	0	*	2
1405	56226	250	120	0	0	*	2
1406	56266	249	116	0	0	*	2
1407	56306	250	116	0	0	*	2
1408	56346	250	114	0	0	*	2
1409	56386	249	111	0	0	*	2
1410	56426	249	108	0	0	*	2
1411	56466	249	105	0	0	*	2
1412	56506	248	102	0	0	*	2
1413	56546	248	100	0	0	*	2
1414	56586	247	98	0	0	*	2
1415	56626	246	95	0	0	*	2
1416	56666	246	93	0	0	*	2
1417	56706	245	91	0	0	*	2
1418	56746	244	88	0	0	*	2
1419	56786	243	87	0	0	*	2
1420	56826	243	84	0	0	*	2
1421	56866	242	82	0	0	*	2
1422	56906	241	80	0	0	*	2
1423	56946	239	77	0	0	*	2
1424	56986	238	75	0	0	*	2
1425	57026	237	73	0	0	*	2
1426	57066	235	70	0	0	*	2
1427	57106	233	68	0	0	*	2
1428	57146	231	66	0	0	*	2
1429	57186	230	63	0	0	*	2
1430	57226	229	61	0	0	*	2
1431	57266	227	59	0	0	*	2
1432	57306	225	56	0	0	*	2
1433	57346	223	54	0	0	*	2
1434	57386	221	52	0	0	*	2
1435	57426	219	50	0	0	*	2
1436	57466	218	48	0	0	*	2
1437	57506	216	46	0	0	*	2
1438	57546	214	43	0	0	*	2
1439	57586	212	41	0	0	*	2
1440	57626	210	38	0	0	*	2
1441	57666	208	36	0	0	*	2
1442	57706	206	34	0	0	*	2
1443	57746	205	32	0	0	*	2
1444	57786	203	31	0	0	*	2
1445	57826	201	28	0	0	*	2
1446	57866	199	27	0	0	*	2
1447	57906	197	25	0	0	*	2
1448	57946	195	24	0	0	*	2
1449	57986	194	23	0	0	*	2
1450	58026	191	22	0	0	*	2
1451	58066	189	20	0	0	*	2
1452	58106	186	19	0	0	*	2
1453	58146	184	18	0	0	*	2
1454	58186	182	16	0	0	*	2
1455	58226	179	15	0	0	*	2
1456	58266	177	14	0	0	*	2
1457	58306	174	13	0	0	*	2
1458	58346	171	12	0	0	*	2
1459	58386	170	11	0	0	*	2
1460	58426	167	10	0	0	*	2
1461	58466	164	10	0	0	*	2
1462	58506	161	9	0	0	*	2
1463	58546	158	8	0	0	*	2
1464	58586	157	8	0	0	*	2
1465	58626	155	7	0	0	*	2
1466	58666	151	7	0	0	*	2
1467	58706	148	6	0	0	*	2
1468	58746	146	6	0	0	*	2
1469	58786	143	6	0	0	*	2
1470	58826	141	5	0	0	*	2
1471	58866	138	5	0	0	*	2
1472	58906	135	5	0	0	*	2
1473	58946	132	5	0	0	*	2
1474	58986	129	5	0	0	*	2
1475	59026	126	5	0	0	*	2
1476	59066	124	5	0	0	*	2
1477	59106	121	5	0	0	*	2
1478	59146	118	5	0	0	*	2
1479	59186	116	5	0	0	*	2
1480	59226	113	6	0	0	*	2
1481	59266	109	7	0	0	*	2
1482	59306	107	7	0	0	*	2
1483	59346	105	8	0	0	*	2
1484	59386	101	8	0	0	*	2
1485	59426	99	8	0	0	*	2
1486	59466	97	9	0	0	*	2
1487	59506	93	10	0	0	*	2
1488	59546	92	10	0	0	*	2
1489	59586	89	11	0	0	*	2
1490	59626	85	12	0	0	*	2
1491	59666	84	12	0	0	*	2
1492	59706	81	13	0	0	*	2
1493	59746	78	14	0	0	*	2
1494	59786	76	15	0	0	*	2
1495	59826	74	16	0	0	*	2
1496	59866	72	17	0	0	*	2
1497	59906	70	18	0	0	*	2
1498	59946	67	20	0	0	*	2
1499	59986	64	21	0	0	*	2
1500	60026	62	22	0	0	*	2
1501	60066	61	23	0	0	*	2
1502	60106	59	24	0	0	*	2
1503	60146	57	25	0	0	*	2
1504	60186	54	27	0	0	*	2
1505	60226	52	29	0	0	*	2
1506	60266	50	30	0	0	*	2
1507	60306	49	31	0	0	*	2
1508	60346	47	33	0	0	*	2
