%%BEGIN_HEADER
	%%BEGIN DATABASE_INFORMATION
		%Date.0 ( 13.9.2019 )
		%Time.0 ( 17:46 )
	%%END DATABASE_INFORMATION
	%%BEGIN SETUP_INFORMATION
		%TrackerVersion.0 ( Tracker version 2.38 release 12.8.2012 )
		%ElapsedTime_ms.0 ( 61165 )
		%Paradigm.0 ( PlacePreference )
		%FeederParameters.0 ( 1500 0 )
			// %FeederParameters.0 ( ENTRANCE_LATENCY EXIT_LATENCY )
		%ElapsedPath_m.0 ( 0.00 )
		%ArenaDiameter_m.0 ( 1.80 )
		%TrackerResolution_PixPerCM.0 ( 1.4222 )
		%ArenaCenterXY.0 ( 127.5 127.5 )
		%Frame.0 ( RoomFrame )
		%ReinforcedSector.0 ( 190.6093 64.3907 7 )
			//%ReinforcedSector.0 ( CENTER_X CENTER_Y RADIUS )
		%RoomTrackReinforcedSector.0 ( 190.6093 64.3907 7 )
			//%RoomTrackReinforcedSector.0 ( CENTER_X CENTER_Y RADIUS )
	%%END SETUP_INFORMATION
	%%BEGIN RECORD_FORMAT
		%Sample.0 ( FrameCount 1msTimeStamp RoomX RoomY Sectors State Flags FrameInfo )
			//Sectors indicate if the object is in a target. Number is binary coded. Sectors = 0: no target, Sectors = 1: room target, Sectors: = 2 arena target, Sectors: = 3 room and arena target
			////State indicates the Watermaze State: OutsideTarget = 0, EntranceLatency = 1, InsideTarget = 3, OutsideRefractory = 4, BadSpot = 5
			//FrameInfo indicates succesfuly tracked spots: ReferencePoint * 2^0 + Spot0 * 2^(1+0) + Spot1 * 2^(1+1) + Spot2 * 2^(1+2) .... 
	%%END RECORD_FORMAT
%%END_HEADER
1	45	40	47	0	0	*	2
2	85	41	47	0	0	*	2
3	125	42	48	0	0	*	2
4	165	43	47	0	0	*	2
5	205	43	46	0	0	*	2
6	245	43	46	0	0	*	2
7	285	43	46	0	0	*	2
8	325	43	44	0	0	*	2
9	365	44	43	0	0	*	2
10	405	45	43	0	0	*	2
11	445	46	43	0	0	*	2
12	485	46	42	0	0	*	2
13	525	47	41	0	0	*	2
14	565	48	40	0	0	*	2
15	605	49	40	0	0	*	2
16	645	50	39	0	0	*	2
17	685	52	39	0	0	*	2
18	725	54	39	0	0	*	2
19	765	55	39	0	0	*	2
20	805	56	40	0	0	*	2
21	845	58	40	0	0	*	2
22	885	56	43	0	0	*	2
23	925	62	42	0	0	*	2
24	965	64	42	0	0	*	2
25	1005	66	43	0	0	*	2
26	1045	69	44	0	0	*	2
27	1085	63	45	0	0	*	2
28	1125	64	45	0	0	*	2
29	1165	66	46	0	0	*	2
30	1205	76	49	0	0	*	2
31	1245	62	42	0	0	*	2
32	1285	64	43	0	0	*	2
33	1325	81	55	0	0	*	2
34	1365	82	56	0	0	*	2
35	1405	83	59	0	0	*	2
36	1445	84	61	0	0	*	2
37	1485	85	63	0	0	*	2
38	1525	85	64	0	0	*	2
39	1565	86	67	0	0	*	2
40	1605	86	70	0	0	*	2
41	1645	87	71	0	0	*	2
42	1685	87	73	0	0	*	2
43	1725	87	74	0	0	*	2
44	1765	88	78	0	0	*	2
45	1805	88	80	0	0	*	2
46	1845	88	81	0	0	*	2
47	1885	88	83	0	0	*	2
48	1925	88	85	0	0	*	2
49	1965	87	88	0	0	*	2
50	2005	87	90	0	0	*	2
51	2045	87	92	0	0	*	2
52	2085	87	93	0	0	*	2
53	2125	86	95	0	0	*	2
54	2165	85	97	0	0	*	2
55	2205	85	100	0	0	*	2
56	2245	84	102	0	0	*	2
57	2285	83	104	0	0	*	2
58	2325	81	105	0	0	*	2
59	2365	80	108	0	0	*	2
60	2405	79	110	0	0	*	2
61	2445	78	112	0	0	*	2
62	2485	77	113	0	0	*	2
63	2525	76	115	0	0	*	2
64	2565	74	117	0	0	*	2
65	2605	73	118	0	0	*	2
66	2645	72	120	0	0	*	2
67	2685	70	123	0	0	*	2
68	2725	69	124	0	0	*	2
69	2765	67	126	0	0	*	2
70	2805	66	127	0	0	*	2
71	2845	64	129	0	0	*	2
72	2885	63	131	0	0	*	2
73	2925	61	133	0	0	*	2
74	2965	60	134	0	0	*	2
75	3005	59	136	0	0	*	2
76	3045	63	131	0	0	*	2
77	3085	62	133	0	0	*	2
78	3125	61	135	0	0	*	2
79	3165	60	136	0	0	*	2
80	3205	52	144	0	0	*	2
81	3245	50	145	0	0	*	2
82	3285	49	147	0	0	*	2
83	3325	54	142	0	0	*	2
84	3365	52	144	0	0	*	2
85	3405	51	145	0	0	*	2
86	3445	49	147	0	0	*	2
87	3485	49	148	0	0	*	2
88	3525	47	149	0	0	*	2
89	3565	46	151	0	0	*	2
90	3605	45	152	0	0	*	2
91	3645	36	161	0	0	*	2
92	3685	41	156	0	0	*	2
93	3725	40	157	0	0	*	2
94	3765	38	158	0	0	*	2
95	3805	37	160	0	0	*	2
96	3845	36	162	0	0	*	2
97	3885	34	163	0	0	*	2
98	3925	32	164	0	0	*	2
99	3965	31	166	0	0	*	2
100	4005	29	167	0	0	*	2
101	4045	28	169	0	0	*	2
102	4085	26	171	0	0	*	2
103	4125	24	173	0	0	*	2
104	4165	23	174	0	0	*	2
105	4205	23	175	0	0	*	2
106	4245	22	176	0	0	*	2
107	4285	22	177	0	0	*	2
108	4325	22	178	0	0	*	2
109	4365	22	179	0	0	*	2
110	4405	22	179	0	0	*	2
111	4445	22	181	0	0	*	2
112	4485	24	182	0	0	*	2
113	4525	24	181	0	0	*	2
114	4565	25	182	0	0	*	2
115	4605	25	184	0	0	*	2
116	4645	25	185	0	0	*	2
117	4685	25	185	0	0	*	2
118	4725	26	185	0	0	*	2
119	4765	28	186	0	0	*	2
120	4805	28	188	0	0	*	2
121	4845	29	189	0	0	*	2
122	4885	30	189	0	0	*	2
123	4925	31	191	0	0	*	2
124	4965	32	192	0	0	*	2
125	5005	34	193	0	0	*	2
126	5045	35	195	0	0	*	2
127	5085	36	196	0	0	*	2
128	5125	37	197	0	0	*	2
129	5165	38	199	0	0	*	2
130	5205	39	200	0	0	*	2
131	5245	41	201	0	0	*	2
132	5285	42	202	0	0	*	2
133	5325	43	204	0	0	*	2
134	5365	44	205	0	0	*	2
135	5405	46	206	0	0	*	2
136	5445	48	208	0	0	*	2
137	5485	49	209	0	0	*	2
138	5525	50	210	0	0	*	2
139	5565	52	211	0	0	*	2
140	5605	53	212	0	0	*	2
141	5645	55	213	0	0	*	2
142	5685	57	215	0	0	*	2
143	5725	59	216	0	0	*	2
144	5765	61	216	0	0	*	2
145	5805	62	217	0	0	*	2
146	5845	63	218	0	0	*	2
147	5885	65	219	0	0	*	2
148	5925	67	219	0	0	*	2
149	5965	60	217	0	0	*	2
150	6005	70	221	0	0	*	2
151	6045	72	221	0	0	*	2
152	6085	74	222	0	0	*	2
153	6125	84	224	0	0	*	2
154	6165	76	223	0	0	*	2
155	6205	78	223	0	0	*	2
156	6245	80	224	0	0	*	2
157	6285	81	224	0	0	*	2
158	6325	84	224	0	0	*	2
159	6365	85	224	0	0	*	2
160	6405	86	225	0	0	*	2
161	6445	88	225	0	0	*	2
162	6485	82	224	0	0	*	2
163	6525	92	225	0	0	*	2
164	6565	94	225	0	0	*	2
165	6605	104	225	0	0	*	2
166	6645	97	225	0	0	*	2
167	6685	91	226	0	0	*	2
168	6725	101	225	0	0	*	2
169	6765	104	225	0	0	*	2
170	6805	105	225	0	0	*	2
171	6845	107	225	0	0	*	2
172	6885	100	226	0	0	*	2
173	6925	110	225	0	0	*	2
174	6965	104	226	0	0	*	2
175	7005	106	226	0	0	*	2
176	7045	108	226	0	0	*	2
177	7085	110	226	0	0	*	2
178	7125	130	224	0	0	*	2
179	7165	133	223	0	0	*	2
180	7205	134	222	0	0	*	2
181	7245	137	221	0	0	*	2
182	7285	139	220	0	0	*	2
183	7325	141	220	0	0	*	2
184	7365	135	221	0	0	*	2
185	7405	136	221	0	0	*	2
186	7445	139	220	0	0	*	2
187	7485	141	220	0	0	*	2
188	7525	150	216	0	0	*	2
189	7565	152	215	0	0	*	2
190	7605	146	218	0	0	*	2
191	7645	155	214	0	0	*	2
192	7685	157	212	0	0	*	2
193	7725	158	211	0	0	*	2
194	7765	153	215	0	0	*	2
195	7805	155	214	0	0	*	2
196	7845	156	213	0	0	*	2
197	7885	158	212	0	0	*	2
198	7925	159	210	0	0	*	2
199	7965	160	209	0	0	*	2
200	8005	162	208	0	0	*	2
201	8045	163	207	0	0	*	2
202	8085	164	206	0	0	*	2
203	8125	165	204	0	0	*	2
204	8165	166	202	0	0	*	2
205	8205	167	201	0	0	*	2
206	8245	168	199	0	0	*	2
207	8285	169	197	0	0	*	2
208	8325	170	196	0	0	*	2
209	8365	171	193	0	0	*	2
210	8405	171	191	0	0	*	2
211	8445	172	190	0	0	*	2
212	8485	173	188	0	0	*	2
213	8525	173	187	0	0	*	2
214	8565	174	185	0	0	*	2
215	8605	174	184	0	0	*	2
216	8645	174	182	0	0	*	2
217	8685	175	180	0	0	*	2
218	8725	175	179	0	0	*	2
219	8765	176	177	0	0	*	2
220	8805	176	175	0	0	*	2
221	8845	177	171	0	0	*	2
222	8885	177	171	0	0	*	2
223	8925	177	169	0	0	*	2
224	8965	178	160	0	0	*	2
225	9005	178	166	0	0	*	2
226	9045	178	163	0	0	*	2
227	9085	178	162	0	0	*	2
228	9125	179	160	0	0	*	2
229	9165	179	159	0	0	*	2
230	9205	179	157	0	0	*	2
231	9245	180	155	0	0	*	2
232	9285	180	152	0	0	*	2
233	9325	180	150	0	0	*	2
234	9365	181	141	0	0	*	2
235	9405	181	139	0	0	*	2
236	9445	182	137	0	0	*	2
237	9485	182	135	0	0	*	2
238	9525	182	141	0	0	*	2
239	9565	182	139	0	0	*	2
240	9605	182	136	0	0	*	2
241	9645	183	126	0	0	*	2
242	9685	183	125	0	0	*	2
243	9725	183	123	0	0	*	2
244	9765	183	129	0	0	*	2
245	9805	183	126	0	0	*	2
246	9845	184	116	0	0	*	2
247	9885	184	114	0	0	*	2
248	9925	183	121	0	0	*	2
249	9965	184	119	0	0	*	2
250	10005	184	116	0	0	*	2
251	10045	184	114	0	0	*	2
252	10085	185	105	0	0	*	2
253	10125	185	102	0	0	*	2
254	10165	185	109	0	0	*	2
255	10205	185	107	0	0	*	2
256	10245	185	96	0	0	*	2
257	10285	185	94	0	0	*	2
258	10325	185	100	0	0	*	2
259	10365	185	98	0	0	*	2
260	10405	185	96	0	0	*	2
261	10445	186	92	0	0	*	2
262	10485	186	84	0	0	*	2
263	10525	186	81	0	0	*	2
264	10565	186	79	0	0	*	2
265	10605	187	77	0	0	*	2
266	10645	186	83	0	0	*	2
267	10685	187	74	0	0	*	2
268	10725	187	77	0	0	*	2
269	10765	187	71	0	1	*	2
270	10805	188	69	0	1	*	2
271	10845	187	76	0	0	*	2
272	10885	187	75	0	0	*	2
273	10925	188	72	0	1	*	2
274	10965	187	70	0	1	*	2
275	11005	188	71	0	1	*	2
276	11045	188	70	0	1	*	2
277	11085	188	69	0	1	*	2
278	11125	188	68	0	1	*	2
279	11165	188	67	0	1	*	2
280	11205	188	65	0	1	*	2
281	11245	189	55	0	0	*	2
282	11285	188	54	0	0	*	2
283	11325	188	53	0	0	*	2
284	11365	187	50	0	0	*	2
285	11405	187	67	0	1	*	2
286	11445	186	55	0	0	*	2
287	11485	186	52	0	0	*	2
288	11525	186	51	0	0	*	2
289	11565	185	49	0	0	*	2
290	11605	185	46	0	0	*	2
291	11645	182	51	0	0	*	2
292	11685	188	33	0	0	*	2
293	11725	188	31	0	0	*	2
294	11765	188	30	0	0	*	2
295	11805	188	28	0	0	*	2
296	11845	188	27	0	0	*	2
297	11885	189	26	0	0	*	2
298	11925	189	24	0	0	*	2
299	11965	189	24	0	0	*	2
300	12005	189	23	0	0	*	2
301	12045	189	22	0	0	*	2
302	12085	190	22	0	0	*	2
303	12125	190	21	0	0	*	2
304	12165	190	21	0	0	*	2
305	12205	190	21	0	0	*	2
306	12245	190	21	0	0	*	2
307	12285	190	21	0	0	*	2
308	12325	190	21	0	0	*	2
309	12365	190	21	0	0	*	2
310	12405	189	22	0	0	*	2
311	12445	188	22	0	0	*	2
312	12485	188	22	0	0	*	2
313	12525	188	21	0	0	*	2
314	12565	188	22	0	0	*	2
315	12605	188	21	0	0	*	2
316	12645	188	21	0	0	*	2
317	12685	187	20	0	0	*	2
318	12725	187	20	0	0	*	2
319	12765	187	20	0	0	*	2
320	12805	187	20	0	0	*	2
321	12845	187	20	0	0	*	2
322	12885	187	19	0	0	*	2
323	12925	188	19	0	0	*	2
324	12965	188	20	0	0	*	2
325	13005	189	20	0	0	*	2
326	13045	190	21	0	0	*	2
327	13085	190	22	0	0	*	2
328	13125	190	23	0	0	*	2
329	13165	191	23	0	0	*	2
330	13205	191	24	0	0	*	2
331	13245	191	25	0	0	*	2
332	13285	191	26	0	0	*	2
333	13325	191	26	0	0	*	2
334	13365	192	27	0	0	*	2
335	13405	192	28	0	0	*	2
336	13445	193	30	0	0	*	2
337	13485	193	31	0	0	*	2
338	13525	194	32	0	0	*	2
339	13565	194	34	0	0	*	2
340	13605	195	36	0	0	*	2
341	13645	195	38	0	0	*	2
342	13685	195	39	0	0	*	2
343	13725	195	41	0	0	*	2
344	13765	195	42	0	0	*	2
345	13805	195	44	0	0	*	2
346	13845	193	40	0	0	*	2
347	13885	193	42	0	0	*	2
348	13925	194	49	0	0	*	2
349	13965	194	51	0	0	*	2
350	14005	193	52	0	0	*	2
351	14045	192	53	0	0	*	2
352	14085	191	54	0	0	*	2
353	14125	193	50	0	0	*	2
354	14165	192	51	0	0	*	2
355	14205	192	51	0	0	*	2
356	14245	191	53	0	0	*	2
357	14285	190	55	0	0	*	2
358	14325	189	55	0	0	*	2
359	14365	189	56	0	1	*	2
360	14405	188	57	0	1	*	2
361	14445	188	57	0	1	*	2
362	14485	187	57	0	1	*	2
363	14525	183	60	0	0	*	2
364	14565	182	60	0	0	*	2
365	14605	180	60	0	0	*	2
366	14645	179	60	0	0	*	2
367	14685	176	60	0	0	*	2
368	14725	174	60	0	0	*	2
369	14765	172	60	0	0	*	2
370	14805	170	61	0	0	*	2
371	14845	169	61	0	0	*	2
372	14885	166	62	0	0	*	2
373	14925	164	63	0	0	*	2
374	14965	160	64	0	0	*	2
375	15005	159	64	0	0	*	2
376	15045	157	65	0	0	*	2
377	15085	154	66	0	0	*	2
378	15125	152	66	0	0	*	2
379	15165	150	67	0	0	*	2
380	15205	148	68	0	0	*	2
381	15245	146	69	0	0	*	2
382	15285	150	67	0	0	*	2
383	15325	149	67	0	0	*	2
384	15365	147	68	0	0	*	2
385	15405	145	69	0	0	*	2
386	15445	144	69	0	0	*	2
387	15485	142	70	0	0	*	2
388	15525	140	70	0	0	*	2
389	15565	138	71	0	0	*	2
390	15605	135	72	0	0	*	2
391	15645	134	72	0	0	*	2
392	15685	131	73	0	0	*	2
393	15725	129	74	0	0	*	2
394	15765	119	76	0	0	*	2
395	15805	117	77	0	0	*	2
396	15845	122	76	0	0	*	2
397	15885	120	76	0	0	*	2
398	15925	118	77	0	0	*	2
399	15965	115	78	0	0	*	2
400	16005	113	78	0	0	*	2
401	16045	103	80	0	0	*	2
402	16085	102	81	0	0	*	2
403	16125	99	81	0	0	*	2
404	16165	104	80	0	0	*	2
405	16205	95	82	0	0	*	2
406	16245	92	82	0	0	*	2
407	16285	97	81	0	0	*	2
408	16325	95	82	0	0	*	2
409	16365	93	82	0	0	*	2
410	16405	91	82	0	0	*	2
411	16445	88	82	0	0	*	2
412	16485	86	82	0	0	*	2
413	16525	85	82	0	0	*	2
414	16565	82	83	0	0	*	2
415	16605	80	83	0	0	*	2
416	16645	79	83	0	0	*	2
417	16685	76	83	0	0	*	2
418	16725	74	83	0	0	*	2
419	16765	73	83	0	0	*	2
420	16805	70	83	0	0	*	2
421	16845	68	83	0	0	*	2
422	16885	66	83	0	0	*	2
423	16925	65	83	0	0	*	2
424	16965	63	82	0	0	*	2
425	17005	61	82	0	0	*	2
426	17045	59	82	0	0	*	2
427	17085	58	82	0	0	*	2
428	17125	56	82	0	0	*	2
429	17165	54	81	0	0	*	2
430	17205	52	80	0	0	*	2
431	17245	49	80	0	0	*	2
432	17285	48	79	0	0	*	2
433	17325	46	79	0	0	*	2
434	17365	36	75	0	0	*	2
435	17405	42	77	0	0	*	2
436	17445	40	76	0	0	*	2
437	17485	38	76	0	0	*	2
438	17525	36	75	0	0	*	2
439	17565	34	74	0	0	*	2
440	17605	30	72	0	0	*	2
441	17645	28	71	0	0	*	2
442	17685	27	71	0	0	*	2
443	17725	26	70	0	0	*	2
444	17765	24	70	0	0	*	2
445	17805	24	70	0	0	*	2
446	17845	23	70	0	0	*	2
447	17885	23	70	0	0	*	2
448	17925	22	70	0	0	*	2
449	17965	21	71	0	0	*	2
450	18005	20	72	0	0	*	2
451	18045	19	73	0	0	*	2
452	18085	18	73	0	0	*	2
453	18125	19	73	0	0	*	2
454	18165	19	73	0	0	*	2
455	18205	19	74	0	0	*	2
456	18245	19	74	0	0	*	2
457	18285	18	74	0	0	*	2
458	18325	18	74	0	0	*	2
459	18365	18	74	0	0	*	2
460	18405	18	74	0	0	*	2
461	18445	18	74	0	0	*	2
462	18485	17	74	0	0	*	2
463	18525	18	74	0	0	*	2
464	18565	18	73	0	0	*	2
465	18605	18	74	0	0	*	2
466	18645	18	73	0	0	*	2
467	18685	18	73	0	0	*	2
468	18725	18	73	0	0	*	2
469	18765	18	73	0	0	*	2
470	18805	19	72	0	0	*	2
471	18845	19	72	0	0	*	2
472	18885	19	71	0	0	*	2
473	18925	19	72	0	0	*	2
474	18965	19	72	0	0	*	2
475	19005	19	73	0	0	*	2
476	19045	18	74	0	0	*	2
477	19085	19	74	0	0	*	2
478	19125	18	75	0	0	*	2
479	19165	18	76	0	0	*	2
480	19205	17	77	0	0	*	2
481	19245	17	78	0	0	*	2
482	19285	16	79	0	0	*	2
483	19325	17	80	0	0	*	2
484	19365	18	80	0	0	*	2
485	19405	18	80	0	0	*	2
486	19445	18	80	0	0	*	2
487	19485	19	81	0	0	*	2
488	19525	20	80	0	0	*	2
489	19565	20	80	0	0	*	2
490	19605	20	82	0	0	*	2
491	19645	20	84	0	0	*	2
492	19685	19	84	0	0	*	2
493	19725	20	85	0	0	*	2
494	19765	20	86	0	0	*	2
495	19805	20	87	0	0	*	2
496	19845	21	88	0	0	*	2
497	19885	21	90	0	0	*	2
498	19925	21	92	0	0	*	2
499	19965	22	93	0	0	*	2
500	20005	23	96	0	0	*	2
501	20045	24	98	0	0	*	2
502	20085	24	101	0	0	*	2
503	20125	25	102	0	0	*	2
504	20165	25	104	0	0	*	2
505	20205	26	106	0	0	*	2
506	20245	26	108	0	0	*	2
507	20285	27	110	0	0	*	2
508	20325	27	112	0	0	*	2
509	20365	28	114	0	0	*	2
510	20405	29	116	0	0	*	2
511	20445	30	117	0	0	*	2
512	20485	30	120	0	0	*	2
513	20525	30	121	0	0	*	2
514	20565	31	123	0	0	*	2
515	20605	32	125	0	0	*	2
516	20645	33	128	0	0	*	2
517	20685	33	130	0	0	*	2
518	20725	34	132	0	0	*	2
519	20765	35	134	0	0	*	2
520	20805	36	136	0	0	*	2
521	20845	36	138	0	0	*	2
522	20885	37	140	0	0	*	2
523	20925	38	142	0	0	*	2
524	20965	39	144	0	0	*	2
525	21005	40	146	0	0	*	2
526	21045	41	149	0	0	*	2
527	21085	42	150	0	0	*	2
528	21125	43	152	0	0	*	2
529	21165	44	154	0	0	*	2
530	21205	45	156	0	0	*	2
531	21245	46	158	0	0	*	2
532	21285	48	160	0	0	*	2
533	21325	49	162	0	0	*	2
534	21365	49	163	0	0	*	2
535	21405	50	165	0	0	*	2
536	21445	51	166	0	0	*	2
537	21485	52	168	0	0	*	2
538	21525	53	170	0	0	*	2
539	21565	54	172	0	0	*	2
540	21605	55	174	0	0	*	2
541	21645	56	176	0	0	*	2
542	21685	62	185	0	0	*	2
543	21725	58	180	0	0	*	2
544	21765	60	182	0	0	*	2
545	21805	61	184	0	0	*	2
546	21845	62	185	0	0	*	2
547	21885	62	186	0	0	*	2
548	21925	64	188	0	0	*	2
549	21965	65	190	0	0	*	2
550	22005	71	199	0	0	*	2
551	22045	73	200	0	0	*	2
552	22085	73	202	0	0	*	2
553	22125	74	204	0	0	*	2
554	22165	71	199	0	0	*	2
555	22205	72	201	0	0	*	2
556	22245	73	202	0	0	*	2
557	22285	74	204	0	0	*	2
558	22325	75	206	0	0	*	2
559	22365	76	208	0	0	*	2
560	22405	78	209	0	0	*	2
561	22445	79	210	0	0	*	2
562	22485	85	218	0	0	*	2
563	22525	86	220	0	0	*	2
564	22565	87	221	0	0	*	2
565	22605	84	217	0	0	*	2
566	22645	85	218	0	0	*	2
567	22685	85	219	0	0	*	2
568	22725	87	221	0	0	*	2
569	22765	88	223	0	0	*	2
570	22805	90	225	0	0	*	2
571	22845	92	226	0	0	*	2
572	22885	92	226	0	0	*	2
573	22925	94	228	0	0	*	2
574	22965	95	229	0	0	*	2
575	23005	96	229	0	0	*	2
576	23045	97	230	0	0	*	2
577	23085	98	231	0	0	*	2
578	23125	99	232	0	0	*	2
579	23165	107	232	0	0	*	2
580	23205	101	232	0	0	*	2
581	23245	102	233	0	0	*	2
582	23285	103	233	0	0	*	2
583	23325	105	233	0	0	*	2
584	23365	106	233	0	0	*	2
585	23405	112	230	0	0	*	2
586	23445	113	229	0	0	*	2
587	23485	114	228	0	0	*	2
588	23525	110	232	0	0	*	2
589	23565	111	232	0	0	*	2
590	23605	111	231	0	0	*	2
591	23645	112	230	0	0	*	2
592	23685	113	229	0	0	*	2
593	23725	113	228	0	0	*	2
594	23765	114	228	0	0	*	2
595	23805	115	227	0	0	*	2
596	23845	115	225	0	0	*	2
597	23885	116	218	0	0	*	2
598	23925	116	222	0	0	*	2
599	23965	116	222	0	0	*	2
600	24005	116	221	0	0	*	2
601	24045	116	220	0	0	*	2
602	24085	116	218	0	0	*	2
603	24125	117	217	0	0	*	2
604	24165	117	208	0	0	*	2
605	24205	117	212	0	0	*	2
606	24245	117	212	0	0	*	2
607	24285	117	210	0	0	*	2
608	24325	117	208	0	0	*	2
609	24365	117	207	0	0	*	2
610	24405	117	205	0	0	*	2
611	24445	118	196	0	0	*	2
612	24485	118	201	0	0	*	2
613	24525	118	199	0	0	*	2
614	24565	118	197	0	0	*	2
615	24605	118	195	0	0	*	2
616	24645	119	192	0	0	*	2
617	24685	119	193	0	0	*	2
618	24725	119	191	0	0	*	2
619	24765	119	189	0	0	*	2
620	24805	119	187	0	0	*	2
621	24845	119	186	0	0	*	2
622	24885	120	184	0	0	*	2
623	24925	120	183	0	0	*	2
624	24965	120	182	0	0	*	2
625	25005	121	180	0	0	*	2
626	25045	121	178	0	0	*	2
627	25085	121	176	0	0	*	2
628	25125	121	174	0	0	*	2
629	25165	122	172	0	0	*	2
630	25205	122	170	0	0	*	2
631	25245	122	168	0	0	*	2
632	25285	122	166	0	0	*	2
633	25325	123	164	0	0	*	2
634	25365	123	162	0	0	*	2
635	25405	124	161	0	0	*	2
636	25445	124	159	0	0	*	2
637	25485	124	149	0	0	*	2
638	25525	124	147	0	0	*	2
639	25565	124	152	0	0	*	2
640	25605	124	150	0	0	*	2
641	25645	125	149	0	0	*	2
642	25685	125	146	0	0	*	2
643	25725	125	144	0	0	*	2
644	25765	125	142	0	0	*	2
645	25805	125	140	0	0	*	2
646	25845	125	139	0	0	*	2
647	25885	125	136	0	0	*	2
648	25925	125	134	0	0	*	2
649	25965	124	124	0	0	*	2
650	26005	124	122	0	0	*	2
651	26045	124	120	0	0	*	2
652	26085	124	118	0	0	*	2
653	26125	125	122	0	0	*	2
654	26165	124	114	0	0	*	2
655	26205	124	112	0	0	*	2
656	26245	124	110	0	0	*	2
657	26285	124	108	0	0	*	2
658	26325	124	106	0	0	*	2
659	26365	124	104	0	0	*	2
660	26405	124	109	0	0	*	2
661	26445	124	100	0	0	*	2
662	26485	124	105	0	0	*	2
663	26525	124	96	0	0	*	2
664	26565	124	101	0	0	*	2
665	26605	124	98	0	0	*	2
666	26645	124	96	0	0	*	2
667	26685	124	93	0	0	*	2
668	26725	124	92	0	0	*	2
669	26765	124	84	0	0	*	2
670	26805	125	82	0	0	*	2
671	26845	125	80	0	0	*	2
672	26885	126	78	0	0	*	2
673	26925	126	76	0	0	*	2
674	26965	126	82	0	0	*	2
675	27005	126	79	0	0	*	2
676	27045	126	77	0	0	*	2
677	27085	127	76	0	0	*	2
678	27125	129	67	0	0	*	2
679	27165	129	66	0	0	*	2
680	27205	128	71	0	0	*	2
681	27245	128	70	0	0	*	2
682	27285	129	68	0	0	*	2
683	27325	129	66	0	0	*	2
684	27365	130	64	0	0	*	2
685	27405	131	62	0	0	*	2
686	27445	132	53	0	0	*	2
687	27485	133	52	0	0	*	2
688	27525	132	56	0	0	*	2
689	27565	132	55	0	0	*	2
690	27605	133	54	0	0	*	2
691	27645	134	52	0	0	*	2
692	27685	136	43	0	0	*	2
693	27725	136	41	0	0	*	2
694	27765	137	39	0	0	*	2
695	27805	138	37	0	0	*	2
696	27845	139	35	0	0	*	2
697	27885	137	41	0	0	*	2
698	27925	137	40	0	0	*	2
699	27965	137	38	0	0	*	2
700	28005	138	36	0	0	*	2
701	28045	138	35	0	0	*	2
702	28085	139	32	0	0	*	2
703	28125	141	30	0	0	*	2
704	28165	141	28	0	0	*	2
705	28205	144	21	0	0	*	2
706	28245	143	24	0	0	*	2
707	28285	146	16	0	0	*	2
708	28325	146	15	0	0	*	2
709	28365	147	13	0	0	*	2
710	28405	148	12	0	0	*	2
711	28445	146	16	0	0	*	2
712	28485	147	14	0	0	*	2
713	28525	147	14	0	0	*	2
714	28565	148	11	0	0	*	2
715	28605	151	6	0	0	*	2
716	28645	149	11	0	0	*	2
717	28685	150	10	0	0	*	2
718	28725	154	6	0	0	*	2
719	28765	155	7	0	0	*	2
720	28805	157	8	0	0	*	2
721	28845	157	9	0	0	*	2
722	28885	158	10	0	0	*	2
723	28925	158	11	0	0	*	2
724	28965	159	11	0	0	*	2
725	29005	159	11	0	0	*	2
726	29045	159	12	0	0	*	2
727	29085	160	12	0	0	*	2
728	29125	162	13	0	0	*	2
729	29165	163	14	0	0	*	2
730	29205	161	14	0	0	*	2
731	29245	164	14	0	0	*	2
732	29285	165	15	0	0	*	2
733	29325	165	16	0	0	*	2
734	29365	166	16	0	0	*	2
735	29405	167	16	0	0	*	2
736	29445	168	16	0	0	*	2
737	29485	165	16	0	0	*	2
738	29525	170	17	0	0	*	2
739	29565	170	18	0	0	*	2
740	29605	170	19	0	0	*	2
741	29645	171	20	0	0	*	2
742	29685	172	21	0	0	*	2
743	29725	173	22	0	0	*	2
744	29765	173	23	0	0	*	2
745	29805	169	20	0	0	*	2
746	29845	174	25	0	0	*	2
747	29885	175	27	0	0	*	2
748	29925	175	27	0	0	*	2
749	29965	171	23	0	0	*	2
750	30005	176	30	0	0	*	2
751	30045	176	31	0	0	*	2
752	30085	177	32	0	0	*	2
753	30125	175	28	0	0	*	2
754	30165	177	34	0	0	*	2
755	30205	175	30	0	0	*	2
756	30245	177	36	0	0	*	2
757	30285	177	38	0	0	*	2
758	30325	177	40	0	0	*	2
759	30365	177	41	0	0	*	2
760	30405	176	37	0	0	*	2
761	30445	176	44	0	0	*	2
762	30485	176	46	0	0	*	2
763	30525	175	47	0	0	*	2
764	30565	175	49	0	0	*	2
765	30605	175	50	0	0	*	2
766	30645	174	52	0	0	*	2
767	30685	173	53	0	0	*	2
768	30725	173	55	0	0	*	2
769	30765	173	55	0	0	*	2
770	30805	172	58	0	0	*	2
771	30845	172	60	0	0	*	2
772	30885	171	61	0	0	*	2
773	30925	170	63	0	0	*	2
774	30965	170	64	0	0	*	2
775	31005	172	60	0	0	*	2
776	31045	172	62	0	0	*	2
777	31085	171	63	0	0	*	2
778	31125	168	70	0	0	*	2
779	31165	167	72	0	0	*	2
780	31205	168	71	0	0	*	2
781	31245	170	69	0	0	*	2
782	31285	169	70	0	0	*	2
783	31325	168	71	0	0	*	2
784	31365	167	73	0	0	*	2
785	31405	166	75	0	0	*	2
786	31445	165	76	0	0	*	2
787	31485	164	78	0	0	*	2
788	31525	163	80	0	0	*	2
789	31565	162	81	0	0	*	2
790	31605	161	82	0	0	*	2
791	31645	156	90	0	0	*	2
792	31685	159	86	0	0	*	2
793	31725	158	88	0	0	*	2
794	31765	157	90	0	0	*	2
795	31805	156	91	0	0	*	2
796	31845	155	92	0	0	*	2
797	31885	153	94	0	0	*	2
798	31925	146	100	0	0	*	2
799	31965	150	96	0	0	*	2
800	32005	143	103	0	0	*	2
801	32045	142	104	0	0	*	2
802	32085	146	101	0	0	*	2
803	32125	144	102	0	0	*	2
804	32165	137	108	0	0	*	2
805	32205	135	110	0	0	*	2
806	32245	134	111	0	0	*	2
807	32285	132	112	0	0	*	2
808	32325	130	113	0	0	*	2
809	32365	134	109	0	0	*	2
810	32405	127	116	0	0	*	2
811	32445	126	116	0	0	*	2
812	32485	124	118	0	0	*	2
813	32525	123	119	0	0	*	2
814	32565	121	120	0	0	*	2
815	32605	120	121	0	0	*	2
816	32645	118	122	0	0	*	2
817	32685	117	124	0	0	*	2
818	32725	115	125	0	0	*	2
819	32765	114	127	0	0	*	2
820	32805	112	128	0	0	*	2
821	32845	110	129	0	0	*	2
822	32885	109	130	0	0	*	2
823	32925	112	127	0	0	*	2
824	32965	106	133	0	0	*	2
825	33005	104	135	0	0	*	2
826	33045	102	136	0	0	*	2
827	33085	100	137	0	0	*	2
828	33125	98	138	0	0	*	2
829	33165	97	139	0	0	*	2
830	33205	95	140	0	0	*	2
831	33245	93	141	0	0	*	2
832	33285	91	142	0	0	*	2
833	33325	89	143	0	0	*	2
834	33365	87	144	0	0	*	2
835	33405	86	145	0	0	*	2
836	33445	85	146	0	0	*	2
837	33485	82	147	0	0	*	2
838	33525	81	148	0	0	*	2
839	33565	86	145	0	0	*	2
840	33605	84	146	0	0	*	2
841	33645	83	147	0	0	*	2
842	33685	81	148	0	0	*	2
843	33725	79	149	0	0	*	2
844	33765	77	150	0	0	*	2
845	33805	68	154	0	0	*	2
846	33845	73	151	0	0	*	2
847	33885	71	152	0	0	*	2
848	33925	69	153	0	0	*	2
849	33965	67	154	0	0	*	2
850	34005	65	154	0	0	*	2
851	34045	63	155	0	0	*	2
852	34085	61	156	0	0	*	2
853	34125	59	156	0	0	*	2
854	34165	57	157	0	0	*	2
855	34205	55	158	0	0	*	2
856	34245	53	159	0	0	*	2
857	34285	51	160	0	0	*	2
858	34325	49	160	0	0	*	2
859	34365	48	161	0	0	*	2
860	34405	46	161	0	0	*	2
861	34445	43	162	0	0	*	2
862	34485	41	163	0	0	*	2
863	34525	39	163	0	0	*	2
864	34565	36	164	0	0	*	2
865	34605	34	165	0	0	*	2
866	34645	33	165	0	0	*	2
867	34685	30	166	0	0	*	2
868	34725	28	167	0	0	*	2
869	34765	26	168	0	0	*	2
870	34805	24	168	0	0	*	2
871	34845	22	169	0	0	*	2
872	34885	21	169	0	0	*	2
873	34925	20	169	0	0	*	2
874	34965	19	170	0	0	*	2
875	35005	19	170	0	0	*	2
876	35045	18	170	0	0	*	2
877	35085	17	170	0	0	*	2
878	35125	17	170	0	0	*	2
879	35165	18	170	0	0	*	2
880	35205	17	170	0	0	*	2
881	35245	16	170	0	0	*	2
882	35285	16	170	0	0	*	2
883	35325	16	170	0	0	*	2
884	35365	16	169	0	0	*	2
885	35405	17	169	0	0	*	2
886	35445	17	169	0	0	*	2
887	35485	17	169	0	0	*	2
888	35525	17	168	0	0	*	2
889	35565	17	168	0	0	*	2
890	35605	17	168	0	0	*	2
891	35645	17	167	0	0	*	2
892	35685	17	167	0	0	*	2
893	35725	17	167	0	0	*	2
894	35765	17	166	0	0	*	2
895	35805	17	166	0	0	*	2
896	35845	17	166	0	0	*	2
897	35885	16	166	0	0	*	2
898	35925	16	166	0	0	*	2
899	35965	16	166	0	0	*	2
900	36005	16	166	0	0	*	2
901	36045	16	166	0	0	*	2
902	36085	15	167	0	0	*	2
903	36125	15	167	0	0	*	2
904	36165	15	168	0	0	*	2
905	36205	15	168	0	0	*	2
906	36245	14	168	0	0	*	2
907	36285	15	168	0	0	*	2
908	36325	15	169	0	0	*	2
909	36365	15	169	0	0	*	2
910	36405	15	170	0	0	*	2
911	36445	16	170	0	0	*	2
912	36485	16	170	0	0	*	2
913	36525	18	170	0	0	*	2
914	36565	20	170	0	0	*	2
915	36605	20	168	0	0	*	2
916	36645	21	168	0	0	*	2
917	36685	23	169	0	0	*	2
918	36725	24	169	0	0	*	2
919	36765	24	169	0	0	*	2
920	36805	24	168	0	0	*	2
921	36845	24	168	0	0	*	2
922	36885	25	169	0	0	*	2
923	36925	27	169	0	0	*	2
924	36965	27	170	0	0	*	2
925	37005	28	171	0	0	*	2
926	37045	29	172	0	0	*	2
927	37085	30	172	0	0	*	2
928	37125	33	172	0	0	*	2
929	37165	34	173	0	0	*	2
930	37205	36	173	0	0	*	2
931	37245	37	173	0	0	*	2
932	37285	39	173	0	0	*	2
933	37325	41	173	0	0	*	2
934	37365	42	173	0	0	*	2
935	37405	44	172	0	0	*	2
936	37445	46	172	0	0	*	2
937	37485	48	171	0	0	*	2
938	37525	50	170	0	0	*	2
939	37565	51	169	0	0	*	2
940	37605	53	168	0	0	*	2
941	37645	54	168	0	0	*	2
942	37685	55	167	0	0	*	2
943	37725	57	166	0	0	*	2
944	37765	58	164	0	0	*	2
945	37805	60	164	0	0	*	2
946	37845	61	163	0	0	*	2
947	37885	62	162	0	0	*	2
948	37925	63	161	0	0	*	2
949	37965	64	160	0	0	*	2
950	38005	66	158	0	0	*	2
951	38045	67	157	0	0	*	2
952	38085	68	156	0	0	*	2
953	38125	69	155	0	0	*	2
954	38165	71	153	0	0	*	2
955	38205	72	151	0	0	*	2
956	38245	73	150	0	0	*	2
957	38285	74	148	0	0	*	2
958	38325	75	147	0	0	*	2
959	38365	77	146	0	0	*	2
960	38405	78	144	0	0	*	2
961	38445	79	142	0	0	*	2
962	38485	80	141	0	0	*	2
963	38525	82	139	0	0	*	2
964	38565	83	138	0	0	*	2
965	38605	84	137	0	0	*	2
966	38645	85	135	0	0	*	2
967	38685	87	133	0	0	*	2
968	38725	88	132	0	0	*	2
969	38765	89	131	0	0	*	2
970	38805	90	129	0	0	*	2
971	38845	92	127	0	0	*	2
972	38885	93	126	0	0	*	2
973	38925	95	122	0	0	*	2
974	38965	98	116	0	0	*	2
975	39005	99	114	0	0	*	2
976	39045	100	112	0	0	*	2
977	39085	98	117	0	0	*	2
978	39125	102	109	0	0	*	2
979	39165	103	106	0	0	*	2
980	39205	104	104	0	0	*	2
981	39245	105	102	0	0	*	2
982	39285	106	100	0	0	*	2
983	39325	104	106	0	0	*	2
984	39365	106	103	0	0	*	2
985	39405	109	94	0	0	*	2
986	39445	109	93	0	0	*	2
987	39485	110	91	0	0	*	2
988	39525	111	89	0	0	*	2
989	39565	109	94	0	0	*	2
990	39605	110	92	0	0	*	2
991	39645	111	90	0	0	*	2
992	39685	111	88	0	0	*	2
993	39725	114	79	0	0	*	2
994	39765	113	84	0	0	*	2
995	39805	113	83	0	0	*	2
996	39845	114	81	0	0	*	2
997	39885	114	79	0	0	*	2
998	39925	114	77	0	0	*	2
999	39965	115	76	0	0	*	2
1000	40005	116	73	0	0	*	2
1001	40045	116	71	0	0	*	2
1002	40085	117	69	0	0	*	2
1003	40125	118	68	0	0	*	2
1004	40165	118	66	0	0	*	2
1005	40205	118	64	0	0	*	2
1006	40245	119	62	0	0	*	2
1007	40285	120	60	0	0	*	2
1008	40325	120	58	0	0	*	2
1009	40365	121	56	0	0	*	2
1010	40405	121	54	0	0	*	2
1011	40445	121	52	0	0	*	2
1012	40485	121	50	0	0	*	2
1013	40525	122	48	0	0	*	2
1014	40565	122	47	0	0	*	2
1015	40605	122	45	0	0	*	2
1016	40645	123	44	0	0	*	2
1017	40685	123	42	0	0	*	2
1018	40725	123	40	0	0	*	2
1019	40765	124	39	0	0	*	2
1020	40805	124	36	0	0	*	2
1021	40845	124	35	0	0	*	2
1022	40885	125	42	0	0	*	2
1023	40925	124	23	0	0	*	2
1024	40965	125	29	0	0	*	2
1025	41005	124	25	0	0	*	2
1026	41045	123	20	0	0	*	2
1027	41085	122	18	0	0	*	2
1028	41125	124	24	0	0	*	2
1029	41165	124	23	0	0	*	2
1030	41205	124	22	0	0	*	2
1031	41245	123	21	0	0	*	2
1032	41285	123	20	0	0	*	2
1033	41325	122	19	0	0	*	2
1034	41365	122	18	0	0	*	2
1035	41405	121	17	0	0	*	2
1036	41445	118	15	0	0	*	2
1037	41485	114	14	0	0	*	2
1038	41525	113	15	0	0	*	2
1039	41565	113	15	0	0	*	2
1040	41605	112	15	0	0	*	2
1041	41645	115	15	0	0	*	2
1042	41685	109	16	0	0	*	2
1043	41725	109	16	0	0	*	2
1044	41765	109	16	0	0	*	2
1045	41805	108	17	0	0	*	2
1046	41845	112	15	0	0	*	2
1047	41885	110	16	0	0	*	2
1048	41925	105	19	0	0	*	2
1049	41965	104	19	0	0	*	2
1050	42005	107	17	0	0	*	2
1051	42045	106	17	0	0	*	2
1052	42085	106	18	0	0	*	2
1053	42125	100	21	0	0	*	2
1054	42165	99	22	0	0	*	2
1055	42205	97	23	0	0	*	2
1056	42245	97	23	0	0	*	2
1057	42285	96	23	0	0	*	2
1058	42325	95	24	0	0	*	2
1059	42365	94	25	0	0	*	2
1060	42405	93	25	0	0	*	2
1061	42445	93	26	0	0	*	2
1062	42485	97	23	0	0	*	2
1063	42525	96	25	0	0	*	2
1064	42565	92	28	0	0	*	2
1065	42605	91	30	0	0	*	2
1066	42645	90	32	0	0	*	2
1067	42685	89	33	0	0	*	2
1068	42725	89	34	0	0	*	2
1069	42765	88	35	0	0	*	2
1070	42805	87	36	0	0	*	2
1071	42845	89	34	0	0	*	2
1072	42885	86	39	0	0	*	2
1073	42925	85	40	0	0	*	2
1074	42965	85	41	0	0	*	2
1075	43005	84	42	0	0	*	2
1076	43045	86	37	0	0	*	2
1077	43085	83	44	0	0	*	2
1078	43125	82	46	0	0	*	2
1079	43165	82	47	0	0	*	2
1080	43205	81	48	0	0	*	2
1081	43245	80	50	0	0	*	2
1082	43285	80	51	0	0	*	2
1083	43325	79	52	0	0	*	2
1084	43365	79	55	0	0	*	2
1085	43405	78	56	0	0	*	2
1086	43445	77	57	0	0	*	2
1087	43485	77	59	0	0	*	2
1088	43525	78	53	0	0	*	2
1089	43565	78	56	0	0	*	2
1090	43605	75	62	0	0	*	2
1091	43645	75	64	0	0	*	2
1092	43685	76	60	0	0	*	2
1093	43725	73	69	0	0	*	2
1094	43765	74	63	0	0	*	2
1095	43805	73	65	0	0	*	2
1096	43845	73	66	0	0	*	2
1097	43885	73	68	0	0	*	2
1098	43925	72	69	0	0	*	2
1099	43965	71	71	0	0	*	2
1100	44005	71	72	0	0	*	2
1101	44045	70	74	0	0	*	2
1102	44085	69	76	0	0	*	2
1103	44125	68	78	0	0	*	2
1104	44165	67	80	0	0	*	2
1105	44205	66	81	0	0	*	2
1106	44245	66	83	0	0	*	2
1107	44285	65	85	0	0	*	2
1108	44325	64	87	0	0	*	2
1109	44365	63	89	0	0	*	2
1110	44405	62	91	0	0	*	2
1111	44445	61	92	0	0	*	2
1112	44485	61	94	0	0	*	2
1113	44525	60	96	0	0	*	2
1114	44565	59	98	0	0	*	2
1115	44605	58	99	0	0	*	2
1116	44645	57	101	0	0	*	2
1117	44685	56	103	0	0	*	2
1118	44725	55	104	0	0	*	2
1119	44765	54	106	0	0	*	2
1120	44805	53	108	0	0	*	2
1121	44845	52	110	0	0	*	2
1122	44885	51	112	0	0	*	2
1123	44925	50	114	0	0	*	2
1124	44965	49	115	0	0	*	2
1125	45005	48	116	0	0	*	2
1126	45045	47	118	0	0	*	2
1127	45085	47	120	0	0	*	2
1128	45125	45	122	0	0	*	2
1129	45165	44	124	0	0	*	2
1130	45205	43	126	0	0	*	2
1131	45245	42	127	0	0	*	2
1132	45285	41	130	0	0	*	2
1133	45325	40	131	0	0	*	2
1134	45365	39	132	0	0	*	2
1135	45405	38	134	0	0	*	2
1136	45445	36	136	0	0	*	2
1137	45485	36	137	0	0	*	2
1138	45525	35	139	0	0	*	2
1139	45565	33	141	0	0	*	2
1140	45605	32	142	0	0	*	2
1141	45645	31	144	0	0	*	2
1142	45685	30	146	0	0	*	2
1143	45725	29	147	0	0	*	2
1144	45765	27	149	0	0	*	2
1145	45805	26	151	0	0	*	2
1146	45845	25	152	0	0	*	2
1147	45885	24	154	0	0	*	2
1148	45925	22	156	0	0	*	2
1149	45965	20	158	0	0	*	2
1150	46005	19	159	0	0	*	2
1151	46045	18	161	0	0	*	2
1152	46085	18	162	0	0	*	2
1153	46125	17	163	0	0	*	2
1154	46165	16	163	0	0	*	2
1155	46205	16	164	0	0	*	2
1156	46245	16	165	0	0	*	2
1157	46285	16	166	0	0	*	2
1158	46325	16	167	0	0	*	2
1159	46365	16	167	0	0	*	2
1160	46405	17	169	0	0	*	2
1161	46445	18	168	0	0	*	2
1162	46485	19	169	0	0	*	2
1163	46525	19	170	0	0	*	2
1164	46565	19	170	0	0	*	2
1165	46605	20	171	0	0	*	2
1166	46645	21	171	0	0	*	2
1167	46685	21	173	0	0	*	2
1168	46725	22	174	0	0	*	2
1169	46765	22	175	0	0	*	2
1170	46805	24	177	0	0	*	2
1171	46845	25	178	0	0	*	2
1172	46885	27	179	0	0	*	2
1173	46925	29	180	0	0	*	2
1174	46965	29	181	0	0	*	2
1175	47005	31	183	0	0	*	2
1176	47045	33	183	0	0	*	2
1177	47085	35	185	0	0	*	2
1178	47125	36	185	0	0	*	2
1179	47165	36	187	0	0	*	2
1180	47205	38	188	0	0	*	2
1181	47245	39	190	0	0	*	2
1182	47285	40	190	0	0	*	2
1183	47325	41	192	0	0	*	2
1184	47365	42	193	0	0	*	2
1185	47405	44	194	0	0	*	2
1186	47445	45	196	0	0	*	2
1187	47485	46	197	0	0	*	2
1188	47525	47	198	0	0	*	2
1189	47565	48	199	0	0	*	2
1190	47605	49	200	0	0	*	2
1191	47645	50	201	0	0	*	2
1192	47685	59	207	0	0	*	2
1193	47725	53	204	0	0	*	2
1194	47765	54	205	0	0	*	2
1195	47805	55	205	0	0	*	2
1196	47845	57	206	0	0	*	2
1197	47885	59	207	0	0	*	2
1198	47925	60	208	0	0	*	2
1199	47965	61	209	0	0	*	2
1200	48005	62	210	0	0	*	2
1201	48045	64	211	0	0	*	2
1202	48085	66	211	0	0	*	2
1203	48125	68	212	0	0	*	2
1204	48165	77	214	0	0	*	2
1205	48205	71	213	0	0	*	2
1206	48245	72	214	0	0	*	2
1207	48285	73	214	0	0	*	2
1208	48325	74	214	0	0	*	2
1209	48365	76	214	0	0	*	2
1210	48405	78	215	0	0	*	2
1211	48445	80	215	0	0	*	2
1212	48485	82	215	0	0	*	2
1213	48525	83	215	0	0	*	2
1214	48565	85	215	0	0	*	2
1215	48605	86	215	0	0	*	2
1216	48645	89	215	0	0	*	2
1217	48685	90	215	0	0	*	2
1218	48725	91	215	0	0	*	2
1219	48765	93	214	0	0	*	2
1220	48805	94	214	0	0	*	2
1221	48845	96	214	0	0	*	2
1222	48885	97	213	0	0	*	2
1223	48925	99	213	0	0	*	2
1224	48965	101	212	0	0	*	2
1225	49005	102	212	0	0	*	2
1226	49045	103	212	0	0	*	2
1227	49085	105	211	0	0	*	2
1228	49125	107	210	0	0	*	2
1229	49165	108	210	0	0	*	2
1230	49205	110	209	0	0	*	2
1231	49245	111	209	0	0	*	2
1232	49285	119	205	0	0	*	2
1233	49325	114	208	0	0	*	2
1234	49365	116	207	0	0	*	2
1235	49405	117	206	0	0	*	2
1236	49445	119	205	0	0	*	2
1237	49485	120	205	0	0	*	2
1238	49525	121	204	0	0	*	2
1239	49565	123	203	0	0	*	2
1240	49605	125	201	0	0	*	2
1241	49645	126	200	0	0	*	2
1242	49685	128	200	0	0	*	2
1243	49725	129	199	0	0	*	2
1244	49765	131	198	0	0	*	2
1245	49805	132	197	0	0	*	2
1246	49845	133	195	0	0	*	2
1247	49885	134	194	0	0	*	2
1248	49925	136	193	0	0	*	2
1249	49965	137	192	0	0	*	2
1250	50005	138	191	0	0	*	2
1251	50045	140	190	0	0	*	2
1252	50085	141	189	0	0	*	2
1253	50125	142	188	0	0	*	2
1254	50165	144	187	0	0	*	2
1255	50205	145	186	0	0	*	2
1256	50245	146	185	0	0	*	2
1257	50285	147	184	0	0	*	2
1258	50325	148	182	0	0	*	2
1259	50365	150	181	0	0	*	2
1260	50405	151	180	0	0	*	2
1261	50445	152	178	0	0	*	2
1262	50485	154	177	0	0	*	2
1263	50525	155	176	0	0	*	2
1264	50565	156	174	0	0	*	2
1265	50605	158	173	0	0	*	2
1266	50645	158	172	0	0	*	2
1267	50685	159	170	0	0	*	2
1268	50725	160	169	0	0	*	2
1269	50765	162	167	0	0	*	2
1270	50805	163	166	0	0	*	2
1271	50845	164	165	0	0	*	2
1272	50885	165	163	0	0	*	2
1273	50925	166	162	0	0	*	2
1274	50965	167	161	0	0	*	2
1275	51005	169	158	0	0	*	2
1276	51045	169	158	0	0	*	2
1277	51085	170	157	0	0	*	2
1278	51125	171	155	0	0	*	2
1279	51165	171	154	0	0	*	2
1280	51205	173	152	0	0	*	2
1281	51245	173	151	0	0	*	2
1282	51285	175	149	0	0	*	2
1283	51325	175	148	0	0	*	2
1284	51365	176	146	0	0	*	2
1285	51405	176	144	0	0	*	2
1286	51445	177	143	0	0	*	2
1287	51485	178	141	0	0	*	2
1288	51525	178	140	0	0	*	2
1289	51565	179	139	0	0	*	2
1290	51605	179	138	0	0	*	2
1291	51645	180	136	0	0	*	2
1292	51685	180	134	0	0	*	2
1293	51725	180	133	0	0	*	2
1294	51765	181	131	0	0	*	2
1295	51805	182	122	0	0	*	2
1296	51845	182	128	0	0	*	2
1297	51885	182	125	0	0	*	2
1298	51925	182	124	0	0	*	2
1299	51965	182	123	0	0	*	2
1300	52005	181	113	0	0	*	2
1301	52045	182	118	0	0	*	2
1302	52085	182	117	0	0	*	2
1303	52125	182	115	0	0	*	2
1304	52165	181	113	0	0	*	2
1305	52205	181	112	0	0	*	2
1306	52245	181	110	0	0	*	2
1307	52285	180	108	0	0	*	2
1308	52325	180	107	0	0	*	2
1309	52365	180	106	0	0	*	2
1310	52405	179	102	0	0	*	2
1311	52445	179	102	0	0	*	2
1312	52485	179	100	0	0	*	2
1313	52525	178	99	0	0	*	2
1314	52565	178	97	0	0	*	2
1315	52605	178	96	0	0	*	2
1316	52645	176	92	0	0	*	2
1317	52685	177	92	0	0	*	2
1318	52725	177	92	0	0	*	2
1319	52765	177	91	0	0	*	2
1320	52805	177	89	0	0	*	2
1321	52845	175	80	0	0	*	2
1322	52885	176	86	0	0	*	2
1323	52925	176	84	0	0	*	2
1324	52965	175	83	0	0	*	2
1325	53005	173	73	0	0	*	2
1326	53045	173	71	0	0	*	2
1327	53085	174	78	0	0	*	2
1328	53125	174	77	0	0	*	2
1329	53165	174	75	0	0	*	2
1330	53205	173	73	0	0	*	2
1331	53245	173	71	0	0	*	2
1332	53285	172	70	0	0	*	2
1333	53325	172	69	0	0	*	2
1334	53365	172	67	0	0	*	2
1335	53405	171	58	0	0	*	2
1336	53445	170	56	0	0	*	2
1337	53485	170	54	0	0	*	2
1338	53525	170	52	0	0	*	2
1339	53565	170	60	0	0	*	2
1340	53605	170	58	0	0	*	2
1341	53645	170	57	0	0	*	2
1342	53685	170	55	0	0	*	2
1343	53725	169	53	0	0	*	2
1344	53765	168	50	0	0	*	2
1345	53805	168	49	0	0	*	2
1346	53845	168	48	0	0	*	2
1347	53885	168	46	0	0	*	2
1348	53925	164	40	0	0	*	2
1349	53965	162	40	0	0	*	2
1350	54005	165	43	0	0	*	2
1351	54045	165	43	0	0	*	2
1352	54085	164	42	0	0	*	2
1353	54125	158	38	0	0	*	2
1354	54165	162	40	0	0	*	2
1355	54205	156	39	0	0	*	2
1356	54245	160	39	0	0	*	2
1357	54285	158	39	0	0	*	2
1358	54325	157	39	0	0	*	2
1359	54365	153	39	0	0	*	2
1360	54405	152	39	0	0	*	2
1361	54445	151	39	0	0	*	2
1362	54485	154	38	0	0	*	2
1363	54525	148	40	0	0	*	2
1364	54565	148	40	0	0	*	2
1365	54605	151	38	0	0	*	2
1366	54645	149	39	0	0	*	2
1367	54685	149	39	0	0	*	2
1368	54725	144	40	0	0	*	2
1369	54765	143	40	0	0	*	2
1370	54805	147	39	0	0	*	2
1371	54845	145	39	0	0	*	2
1372	54885	144	40	0	0	*	2
1373	54925	139	40	0	0	*	2
1374	54965	137	41	0	0	*	2
1375	55005	136	40	0	0	*	2
1376	55045	141	39	0	0	*	2
1377	55085	142	40	0	0	*	2
1378	55125	140	40	0	0	*	2
1379	55165	138	40	0	0	*	2
1380	55205	137	40	0	0	*	2
1381	55245	128	40	0	0	*	2
1382	55285	135	40	0	0	*	2
1383	55325	134	40	0	0	*	2
1384	55365	133	40	0	0	*	2
1385	55405	131	40	0	0	*	2
1386	55445	130	40	0	0	*	2
1387	55485	128	40	0	0	*	2
1388	55525	127	39	0	0	*	2
1389	55565	126	39	0	0	*	2
1390	55605	124	39	0	0	*	2
1391	55645	123	39	0	0	*	2
1392	55685	121	39	0	0	*	2
1393	55725	119	38	0	0	*	2
1394	55765	117	38	0	0	*	2
1395	55805	116	38	0	0	*	2
1396	55845	114	37	0	0	*	2
1397	55885	104	35	0	0	*	2
1398	55925	102	35	0	0	*	2
1399	55965	109	36	0	0	*	2
1400	56005	107	36	0	0	*	2
1401	56045	106	36	0	0	*	2
1402	56085	103	35	0	0	*	2
1403	56125	94	33	0	0	*	2
1404	56165	99	34	0	0	*	2
1405	56205	97	33	0	0	*	2
1406	56245	96	33	0	0	*	2
1407	56285	95	33	0	0	*	2
1408	56325	92	33	0	0	*	2
1409	56365	91	32	0	0	*	2
1410	56405	81	30	0	0	*	2
1411	56445	87	31	0	0	*	2
1412	56485	85	30	0	0	*	2
1413	56525	76	29	0	0	*	2
1414	56565	75	28	0	0	*	2
1415	56605	81	30	0	0	*	2
1416	56645	77	28	0	0	*	2
1417	56685	70	27	0	0	*	2
1418	56725	73	27	0	0	*	2
1419	56765	66	26	0	0	*	2
1420	56805	69	26	0	0	*	2
1421	56845	68	25	0	0	*	2
1422	56885	68	25	0	0	*	2
1423	56925	67	25	0	0	*	2
1424	56965	66	25	0	0	*	2
1425	57005	65	25	0	0	*	2
1426	57045	63	25	0	0	*	2
1427	57085	62	25	0	0	*	2
1428	57125	61	26	0	0	*	2
1429	57165	59	28	0	0	*	2
1430	57205	56	29	0	0	*	2
1431	57245	55	31	0	0	*	2
1432	57285	54	32	0	0	*	2
1433	57325	53	33	0	0	*	2
1434	57365	52	34	0	0	*	2
1435	57405	50	34	0	0	*	2
1436	57445	49	35	0	0	*	2
1437	57485	49	37	0	0	*	2
1438	57525	48	37	0	0	*	2
1439	57565	51	35	0	0	*	2
1440	57605	49	36	0	0	*	2
1441	57645	46	38	0	0	*	2
1442	57685	47	37	0	0	*	2
1443	57725	47	38	0	0	*	2
1444	57765	45	38	0	0	*	2
1445	57805	44	39	0	0	*	2
1446	57845	43	40	0	0	*	2
1447	57885	42	40	0	0	*	2
1448	57925	41	41	0	0	*	2
1449	57965	40	42	0	0	*	2
1450	58005	40	43	0	0	*	2
1451	58045	39	43	0	0	*	2
1452	58085	38	44	0	0	*	2
1453	58125	38	44	0	0	*	2
1454	58165	37	45	0	0	*	2
1455	58205	36	46	0	0	*	2
1456	58245	35	47	0	0	*	2
1457	58285	35	47	0	0	*	2
1458	58325	33	48	0	0	*	2
1459	58365	33	49	0	0	*	2
1460	58405	32	50	0	0	*	2
1461	58445	31	51	0	0	*	2
1462	58485	30	53	0	0	*	2
1463	58525	30	54	0	0	*	2
1464	58565	29	55	0	0	*	2
1465	58605	28	56	0	0	*	2
1466	58645	27	57	0	0	*	2
1467	58685	26	58	0	0	*	2
1468	58725	25	60	0	0	*	2
1469	58765	25	61	0	0	*	2
1470	58805	24	62	0	0	*	2
1471	58845	24	64	0	0	*	2
1472	58885	23	65	0	0	*	2
1473	58925	23	66	0	0	*	2
1474	58965	22	68	0	0	*	2
1475	59005	21	69	0	0	*	2
1476	59045	21	70	0	0	*	2
1477	59085	20	72	0	0	*	2
1478	59125	20	73	0	0	*	2
1479	59165	20	74	0	0	*	2
1480	59205	19	75	0	0	*	2
1481	59245	18	77	0	0	*	2
1482	59285	18	78	0	0	*	2
1483	59325	17	80	0	0	*	2
1484	59365	17	81	0	0	*	2
1485	59405	17	83	0	0	*	2
1486	59445	16	84	0	0	*	2
1487	59485	16	85	0	0	*	2
1488	59525	15	87	0	0	*	2
1489	59565	15	89	0	0	*	2
1490	59605	14	90	0	0	*	2
1491	59645	14	92	0	0	*	2
1492	59685	14	93	0	0	*	2
1493	59725	13	95	0	0	*	2
1494	59765	12	97	0	0	*	2
1495	59805	12	98	0	0	*	2
1496	59845	12	100	0	0	*	2
1497	59885	12	102	0	0	*	2
1498	59925	12	104	0	0	*	2
1499	59965	12	106	0	0	*	2
1500	60005	11	108	0	0	*	2
1501	60045	11	110	0	0	*	2
1502	60085	11	111	0	0	*	2
1503	60125	10	114	0	0	*	2
1504	60165	10	116	0	0	*	2
1505	60205	9	117	0	0	*	2
1506	60245	8	119	0	0	*	2
1507	60285	8	121	0	0	*	2
1508	60325	8	123	0	0	*	2
1509	60365	8	125	0	0	*	2
1510	60405	8	127	0	0	*	2
1511	60445	8	128	0	0	*	2
1512	60485	7	130	0	0	*	2
1513	60525	7	131	0	0	*	2
1514	60565	7	132	0	0	*	2
1515	60605	7	134	0	0	*	2
1516	60645	7	136	0	0	*	2
1517	60685	7	138	0	0	*	2
1518	60725	8	139	0	0	*	2
1519	60765	8	140	0	0	*	2
1520	60805	9	142	0	0	*	2
1521	60845	10	144	0	0	*	2
1522	60885	10	145	0	0	*	2
1523	60925	11	147	0	0	*	2
1524	60965	11	147	0	0	*	2
1525	61005	12	149	0	0	*	2
1526	61045	12	150	0	0	*	2
1527	61085	13	152	0	0	*	2
1528	61125	14	153	0	0	*	2
1529	61165	15	155	0	0	*	2
