%%BEGIN_HEADER
	%%BEGIN DATABASE_INFORMATION
		%Date.0 ( 16.10.2019 )
		%Time.0 ( 12:32 )
	%%END DATABASE_INFORMATION
	%%BEGIN SETUP_INFORMATION
		%TrackerVersion.0 ( Tracker version 2.38 release 12.8.2012 )
		%ElapsedTime_ms.0 ( 60396 )
		%Paradigm.0 ( PlacePreference )
		%FeederParameters.0 ( 1500 0 )
			// %FeederParameters.0 ( ENTRANCE_LATENCY EXIT_LATENCY )
		%ElapsedPath_m.0 ( 0.00 )
		%ArenaDiameter_m.0 ( 1.80 )
		%TrackerResolution_PixPerCM.0 ( 1.4222 )
		%ArenaCenterXY.0 ( 127.5 127.5 )
		%Frame.0 ( RoomFrame )
		%ReinforcedSector.0 ( 64.3907 190.6093 7 )
			//%ReinforcedSector.0 ( CENTER_X CENTER_Y RADIUS )
		%RoomTrackReinforcedSector.0 ( 64.3907 190.6093 7 )
			//%RoomTrackReinforcedSector.0 ( CENTER_X CENTER_Y RADIUS )
	%%END SETUP_INFORMATION
	%%BEGIN RECORD_FORMAT
		%Sample.0 ( FrameCount 1msTimeStamp RoomX RoomY Sectors State Flags FrameInfo )
			//Sectors indicate if the object is in a target. Number is binary coded. Sectors = 0: no target, Sectors = 1: room target, Sectors: = 2 arena target, Sectors: = 3 room and arena target
			////State indicates the Watermaze State: OutsideTarget = 0, EntranceLatency = 1, InsideTarget = 3, OutsideRefractory = 4, BadSpot = 5
			//FrameInfo indicates succesfuly tracked spots: ReferencePoint * 2^0 + Spot0 * 2^(1+0) + Spot1 * 2^(1+1) + Spot2 * 2^(1+2) .... 
	%%END RECORD_FORMAT
%%END_HEADER
1	76	50	36	0	0	*	2
2	116	50	36	0	0	*	2
3	156	52	37	0	0	*	2
4	196	53	37	0	0	*	2
5	236	54	37	0	0	*	2
6	276	55	37	0	0	*	2
7	316	56	37	0	0	*	2
8	356	57	36	0	0	*	2
9	396	58	36	0	0	*	2
10	436	59	36	0	0	*	2
11	476	60	37	0	0	*	2
12	516	62	37	0	0	*	2
13	556	63	37	0	0	*	2
14	596	65	37	0	0	*	2
15	636	66	37	0	0	*	2
16	676	68	37	0	0	*	2
17	716	70	37	0	0	*	2
18	756	72	37	0	0	*	2
19	796	74	37	0	0	*	2
20	836	76	37	0	0	*	2
21	876	79	37	0	0	*	2
22	916	82	37	0	0	*	2
23	956	84	37	0	0	*	2
24	996	87	37	0	0	*	2
25	1036	95	37	0	0	*	2
26	1076	92	37	0	0	*	2
27	1116	95	38	0	0	*	2
28	1156	97	38	0	0	*	2
29	1196	99	38	0	0	*	2
30	1236	103	38	0	0	*	2
31	1276	105	39	0	0	*	2
32	1316	109	39	0	0	*	2
33	1356	111	40	0	0	*	2
34	1396	114	40	0	0	*	2
35	1436	122	41	0	0	*	2
36	1476	119	41	0	0	*	2
37	1516	122	41	0	0	*	2
38	1556	125	42	0	0	*	2
39	1596	128	42	0	0	*	2
40	1636	131	42	0	0	*	2
41	1676	134	43	0	0	*	2
42	1716	137	43	0	0	*	2
43	1756	139	43	0	0	*	2
44	1796	142	44	0	0	*	2
45	1836	144	44	0	0	*	2
46	1876	152	44	0	0	*	2
47	1916	149	45	0	0	*	2
48	1956	153	45	0	0	*	2
49	1996	156	46	0	0	*	2
50	2036	158	46	0	0	*	2
51	2076	160	46	0	0	*	2
52	2116	164	46	0	0	*	2
53	2156	166	46	0	0	*	2
54	2196	170	47	0	0	*	2
55	2236	172	47	0	0	*	2
56	2276	175	47	0	0	*	2
57	2316	178	48	0	0	*	2
58	2356	180	48	0	0	*	2
59	2396	182	49	0	0	*	2
60	2436	189	50	0	0	*	2
61	2476	192	50	0	0	*	2
62	2516	190	50	0	0	*	2
63	2556	198	51	0	0	*	2
64	2596	196	51	0	0	*	2
65	2636	200	51	0	0	*	2
66	2676	206	52	0	0	*	2
67	2716	209	52	0	0	*	2
68	2756	211	53	0	0	*	2
69	2796	214	53	0	0	*	2
70	2836	217	54	0	0	*	2
71	2876	217	53	0	0	*	2
72	2916	221	54	0	0	*	2
73	2956	223	55	0	0	*	2
74	2996	221	55	0	0	*	2
75	3036	224	55	0	0	*	2
76	3076	225	56	0	0	*	2
77	3116	225	57	0	0	*	2
78	3156	227	58	0	0	*	2
79	3196	228	59	0	0	*	2
80	3236	230	60	0	0	*	2
81	3276	231	62	0	0	*	2
82	3316	232	65	0	0	*	2
83	3356	233	67	0	0	*	2
84	3396	234	69	0	0	*	2
85	3436	234	70	0	0	*	2
86	3476	234	71	0	0	*	2
87	3516	235	73	0	0	*	2
88	3556	235	75	0	0	*	2
89	3596	236	77	0	0	*	2
90	3636	236	79	0	0	*	2
91	3676	237	81	0	0	*	2
92	3716	237	84	0	0	*	2
93	3756	238	86	0	0	*	2
94	3796	239	88	0	0	*	2
95	3836	239	90	0	0	*	2
96	3876	240	93	0	0	*	2
97	3916	240	94	0	0	*	2
98	3956	241	97	0	0	*	2
99	3996	242	100	0	0	*	2
100	4036	242	101	0	0	*	2
101	4076	243	104	0	0	*	2
102	4116	243	106	0	0	*	2
103	4156	244	109	0	0	*	2
104	4196	244	112	0	0	*	2
105	4236	245	114	0	0	*	2
106	4276	245	116	0	0	*	2
107	4316	246	118	0	0	*	2
108	4356	247	121	0	0	*	2
109	4396	247	123	0	0	*	2
110	4436	248	125	0	0	*	2
111	4476	248	128	0	0	*	2
112	4516	248	130	0	0	*	2
113	4556	248	132	0	0	*	2
114	4596	248	135	0	0	*	2
115	4636	248	137	0	0	*	2
116	4676	248	139	0	0	*	2
117	4716	248	141	0	0	*	2
118	4756	248	143	0	0	*	2
119	4796	247	145	0	0	*	2
120	4836	247	148	0	0	*	2
121	4876	247	150	0	0	*	2
122	4916	246	152	0	0	*	2
123	4956	246	155	0	0	*	2
124	4996	245	157	0	0	*	2
125	5036	244	159	0	0	*	2
126	5076	243	161	0	0	*	2
127	5116	243	162	0	0	*	2
128	5156	242	164	0	0	*	2
129	5196	242	166	0	0	*	2
130	5236	241	168	0	0	*	2
131	5276	240	170	0	0	*	2
132	5316	239	172	0	0	*	2
133	5356	239	174	0	0	*	2
134	5396	238	176	0	0	*	2
135	5436	237	178	0	0	*	2
136	5476	236	180	0	0	*	2
137	5516	236	181	0	0	*	2
138	5556	234	183	0	0	*	2
139	5596	233	185	0	0	*	2
140	5636	232	187	0	0	*	2
141	5676	231	189	0	0	*	2
142	5716	230	191	0	0	*	2
143	5756	229	192	0	0	*	2
144	5796	228	194	0	0	*	2
145	5836	226	196	0	0	*	2
146	5876	225	198	0	0	*	2
147	5916	223	200	0	0	*	2
148	5956	222	202	0	0	*	2
149	5996	220	203	0	0	*	2
150	6036	219	205	0	0	*	2
151	6076	218	207	0	0	*	2
152	6116	216	208	0	0	*	2
153	6156	215	209	0	0	*	2
154	6196	213	211	0	0	*	2
155	6236	212	212	0	0	*	2
156	6276	210	214	0	0	*	2
157	6316	208	215	0	0	*	2
158	6356	207	217	0	0	*	2
159	6396	205	218	0	0	*	2
160	6436	204	220	0	0	*	2
161	6476	202	221	0	0	*	2
162	6516	200	222	0	0	*	2
163	6556	198	224	0	0	*	2
164	6596	196	225	0	0	*	2
165	6636	194	226	0	0	*	2
166	6676	193	228	0	0	*	2
167	6716	191	229	0	0	*	2
168	6756	189	230	0	0	*	2
169	6796	187	231	0	0	*	2
170	6836	185	232	0	0	*	2
171	6876	183	233	0	0	*	2
172	6916	181	234	0	0	*	2
173	6956	179	234	0	0	*	2
174	6996	177	235	0	0	*	2
175	7036	175	236	0	0	*	2
176	7076	173	237	0	0	*	2
177	7116	171	238	0	0	*	2
178	7156	169	239	0	0	*	2
179	7196	167	239	0	0	*	2
180	7236	164	240	0	0	*	2
181	7276	162	241	0	0	*	2
182	7316	160	241	0	0	*	2
183	7356	158	242	0	0	*	2
184	7396	156	242	0	0	*	2
185	7436	153	243	0	0	*	2
186	7476	150	243	0	0	*	2
187	7516	148	243	0	0	*	2
188	7556	146	244	0	0	*	2
189	7596	136	245	0	0	*	2
190	7636	134	245	0	0	*	2
191	7676	138	245	0	0	*	2
192	7716	136	245	0	0	*	2
193	7756	134	245	0	0	*	2
194	7796	123	246	0	0	*	2
195	7836	121	246	0	0	*	2
196	7876	119	245	0	0	*	2
197	7916	116	245	0	0	*	2
198	7956	113	245	0	0	*	2
199	7996	111	245	0	0	*	2
200	8036	109	244	0	0	*	2
201	8076	106	244	0	0	*	2
202	8116	110	244	0	0	*	2
203	8156	107	243	0	0	*	2
204	8196	104	243	0	0	*	2
205	8236	102	243	0	0	*	2
206	8276	94	241	0	0	*	2
207	8316	97	241	0	0	*	2
208	8356	94	241	0	0	*	2
209	8396	92	240	0	0	*	2
210	8436	90	240	0	0	*	2
211	8476	82	238	0	0	*	2
212	8516	86	238	0	0	*	2
213	8556	84	237	0	0	*	2
214	8596	82	236	0	0	*	2
215	8636	79	236	0	0	*	2
216	8676	77	235	0	0	*	2
217	8716	75	234	0	0	*	2
218	8756	73	233	0	0	*	2
219	8796	70	232	0	0	*	2
220	8836	68	231	0	0	*	2
221	8876	65	229	0	0	*	2
222	8916	63	228	0	0	*	2
223	8956	61	227	0	0	*	2
224	8996	60	225	0	0	*	2
225	9036	57	224	0	0	*	2
226	9076	55	222	0	0	*	2
227	9116	53	220	0	0	*	2
228	9156	51	219	0	0	*	2
229	9196	50	217	0	0	*	2
230	9236	48	215	0	0	*	2
231	9276	46	214	0	0	*	2
232	9316	44	212	0	0	*	2
233	9356	42	210	0	0	*	2
234	9396	40	209	0	0	*	2
235	9436	39	207	0	0	*	2
236	9476	36	205	0	0	*	2
237	9516	35	203	0	0	*	2
238	9556	33	201	0	0	*	2
239	9596	31	199	0	0	*	2
240	9636	30	197	0	0	*	2
241	9676	28	195	0	0	*	2
242	9716	27	193	0	0	*	2
243	9756	25	191	0	0	*	2
244	9796	24	190	0	0	*	2
245	9836	23	187	0	0	*	2
246	9876	22	185	0	0	*	2
247	9916	21	184	0	0	*	2
248	9956	19	181	0	0	*	2
249	9996	18	179	0	0	*	2
250	10036	17	177	0	0	*	2
251	10076	16	174	0	0	*	2
252	10116	15	172	0	0	*	2
253	10156	14	170	0	0	*	2
254	10196	13	167	0	0	*	2
255	10236	12	165	0	0	*	2
256	10276	12	163	0	0	*	2
257	10316	11	161	0	0	*	2
258	10356	10	159	0	0	*	2
259	10396	10	157	0	0	*	2
260	10436	9	154	0	0	*	2
261	10476	9	152	0	0	*	2
262	10516	8	150	0	0	*	2
263	10556	8	147	0	0	*	2
264	10596	7	145	0	0	*	2
265	10636	7	143	0	0	*	2
266	10676	7	140	0	0	*	2
267	10716	6	139	0	0	*	2
268	10756	6	136	0	0	*	2
269	10796	6	134	0	0	*	2
270	10836	5	132	0	0	*	2
271	10876	5	129	0	0	*	2
272	10916	5	126	0	0	*	2
273	10956	5	124	0	0	*	2
274	10996	5	121	0	0	*	2
275	11036	5	119	0	0	*	2
276	11076	5	116	0	0	*	2
277	11116	6	115	0	0	*	2
278	11156	6	112	0	0	*	2
279	11196	6	110	0	0	*	2
280	11236	7	107	0	0	*	2
281	11276	7	105	0	0	*	2
282	11316	8	103	0	0	*	2
283	11356	8	100	0	0	*	2
284	11396	9	97	0	0	*	2
285	11436	10	95	0	0	*	2
286	11476	10	93	0	0	*	2
287	11516	11	91	0	0	*	2
288	11556	12	88	0	0	*	2
289	11596	12	86	0	0	*	2
290	11636	13	83	0	0	*	2
291	11676	14	81	0	0	*	2
292	11716	15	78	0	0	*	2
293	11756	16	76	0	0	*	2
294	11796	17	74	0	0	*	2
295	11836	18	72	0	0	*	2
296	11876	19	70	0	0	*	2
297	11916	21	67	0	0	*	2
298	11956	22	65	0	0	*	2
299	11996	23	63	0	0	*	2
300	12036	24	61	0	0	*	2
301	12076	25	58	0	0	*	2
302	12116	27	56	0	0	*	2
303	12156	28	54	0	0	*	2
304	12196	30	52	0	0	*	2
305	12236	31	50	0	0	*	2
306	12276	32	48	0	0	*	2
307	12316	34	47	0	0	*	2
308	12356	36	45	0	0	*	2
309	12396	37	43	0	0	*	2
310	12436	39	41	0	0	*	2
311	12476	40	39	0	0	*	2
312	12516	42	37	0	0	*	2
313	12556	44	36	0	0	*	2
314	12596	46	34	0	0	*	2
315	12636	48	32	0	0	*	2
316	12676	50	30	0	0	*	2
317	12716	52	29	0	0	*	2
318	12756	54	28	0	0	*	2
319	12796	56	26	0	0	*	2
320	12836	58	25	0	0	*	2
321	12876	60	23	0	0	*	2
322	12916	62	22	0	0	*	2
323	12956	64	21	0	0	*	2
324	12996	66	20	0	0	*	2
325	13036	68	19	0	0	*	2
326	13076	70	18	0	0	*	2
327	13116	73	16	0	0	*	2
328	13156	74	15	0	0	*	2
329	13196	76	14	0	0	*	2
330	13236	79	14	0	0	*	2
331	13276	81	13	0	0	*	2
332	13316	83	12	0	0	*	2
333	13356	85	11	0	0	*	2
334	13396	87	10	0	0	*	2
335	13436	89	9	0	0	*	2
336	13476	92	9	0	0	*	2
337	13516	94	8	0	0	*	2
338	13556	97	7	0	0	*	2
339	13596	99	6	0	0	*	2
340	13636	101	6	0	0	*	2
341	13676	103	6	0	0	*	2
342	13716	105	5	0	0	*	2
343	13756	108	5	0	0	*	2
344	13796	110	5	0	0	*	2
345	13836	112	4	0	0	*	2
346	13876	115	4	0	0	*	2
347	13916	117	4	0	0	*	2
348	13956	120	3	0	0	*	2
349	13996	122	3	0	0	*	2
350	14036	124	3	0	0	*	2
351	14076	128	3	0	0	*	2
352	14116	130	3	0	0	*	2
353	14156	132	3	0	0	*	2
354	14196	134	3	0	0	*	2
355	14236	137	3	0	0	*	2
356	14276	139	4	0	0	*	2
357	14316	142	4	0	0	*	2
358	14356	144	4	0	0	*	2
359	14396	146	5	0	0	*	2
360	14436	149	5	0	0	*	2
361	14476	151	6	0	0	*	2
362	14516	154	6	0	0	*	2
363	14556	156	7	0	0	*	2
364	14596	158	7	0	0	*	2
365	14636	160	8	0	0	*	2
366	14676	162	8	0	0	*	2
367	14716	165	9	0	0	*	2
368	14756	168	10	0	0	*	2
369	14796	169	11	0	0	*	2
370	14836	171	11	0	0	*	2
371	14876	174	12	0	0	*	2
372	14916	176	13	0	0	*	2
373	14956	178	14	0	0	*	2
374	14996	181	15	0	0	*	2
375	15036	182	16	0	0	*	2
376	15076	184	17	0	0	*	2
377	15116	186	19	0	0	*	2
378	15156	189	20	0	0	*	2
379	15196	191	21	0	0	*	2
380	15236	193	22	0	0	*	2
381	15276	195	23	0	0	*	2
382	15316	196	24	0	0	*	2
383	15356	198	26	0	0	*	2
384	15396	200	27	0	0	*	2
385	15436	203	29	0	0	*	2
386	15476	204	30	0	0	*	2
387	15516	206	32	0	0	*	2
388	15556	207	33	0	0	*	2
389	15596	210	35	0	0	*	2
390	15636	212	37	0	0	*	2
391	15676	213	38	0	0	*	2
392	15716	215	40	0	0	*	2
393	15756	216	42	0	0	*	2
394	15796	218	44	0	0	*	2
395	15836	219	46	0	0	*	2
396	15876	221	48	0	0	*	2
397	15916	223	49	0	0	*	2
398	15956	224	51	0	0	*	2
399	15996	225	53	0	0	*	2
400	16036	227	55	0	0	*	2
401	16076	229	57	0	0	*	2
402	16116	230	60	0	0	*	2
403	16156	231	62	0	0	*	2
404	16196	233	64	0	0	*	2
405	16236	234	66	0	0	*	2
406	16276	235	69	0	0	*	2
407	16316	237	70	0	0	*	2
408	16356	238	72	0	0	*	2
409	16396	239	75	0	0	*	2
410	16436	240	77	0	0	*	2
411	16476	241	79	0	0	*	2
412	16516	242	81	0	0	*	2
413	16556	243	83	0	0	*	2
414	16596	243	85	0	0	*	2
415	16636	244	87	0	0	*	2
416	16676	245	89	0	0	*	2
417	16716	245	92	0	0	*	2
418	16756	246	94	0	0	*	2
419	16796	247	96	0	0	*	2
420	16836	247	98	0	0	*	2
421	16876	248	101	0	0	*	2
422	16916	248	103	0	0	*	2
423	16956	248	105	0	0	*	2
424	16996	249	108	0	0	*	2
425	17036	249	110	0	0	*	2
426	17076	250	112	0	0	*	2
427	17116	250	115	0	0	*	2
428	17156	250	117	0	0	*	2
429	17196	250	119	0	0	*	2
430	17236	250	122	0	0	*	2
431	17276	250	124	0	0	*	2
432	17316	250	127	0	0	*	2
433	17356	250	129	0	0	*	2
434	17396	250	132	0	0	*	2
435	17436	250	134	0	0	*	2
436	17476	249	137	0	0	*	2
437	17516	249	139	0	0	*	2
438	17556	249	141	0	0	*	2
439	17596	249	143	0	0	*	2
440	17636	248	145	0	0	*	2
441	17676	248	148	0	0	*	2
442	17716	247	150	0	0	*	2
443	17756	247	152	0	0	*	2
444	17796	246	155	0	0	*	2
445	17836	246	157	0	0	*	2
446	17876	245	159	0	0	*	2
447	17916	244	161	0	0	*	2
448	17956	244	163	0	0	*	2
449	17996	243	165	0	0	*	2
450	18036	242	168	0	0	*	2
451	18076	242	170	0	0	*	2
452	18116	241	172	0	0	*	2
453	18156	240	174	0	0	*	2
454	18196	238	177	0	0	*	2
455	18236	238	179	0	0	*	2
456	18276	237	181	0	0	*	2
457	18316	236	183	0	0	*	2
458	18356	234	185	0	0	*	2
459	18396	233	187	0	0	*	2
460	18436	232	189	0	0	*	2
461	18476	231	191	0	0	*	2
462	18516	230	193	0	0	*	2
463	18556	228	195	0	0	*	2
464	18596	227	196	0	0	*	2
465	18636	225	198	0	0	*	2
466	18676	224	200	0	0	*	2
467	18716	222	203	0	0	*	2
468	18756	220	205	0	0	*	2
469	18796	219	206	0	0	*	2
470	18836	218	208	0	0	*	2
471	18876	216	209	0	0	*	2
472	18916	214	211	0	0	*	2
473	18956	212	213	0	0	*	2
474	18996	210	215	0	0	*	2
475	19036	208	216	0	0	*	2
476	19076	206	218	0	0	*	2
477	19116	205	219	0	0	*	2
478	19156	203	221	0	0	*	2
479	19196	200	223	0	0	*	2
480	19236	198	224	0	0	*	2
481	19276	196	225	0	0	*	2
482	19316	194	227	0	0	*	2
483	19356	192	228	0	0	*	2
484	19396	190	230	0	0	*	2
485	19436	188	231	0	0	*	2
486	19476	186	232	0	0	*	2
487	19516	184	233	0	0	*	2
488	19556	182	234	0	0	*	2
489	19596	179	235	0	0	*	2
490	19636	177	237	0	0	*	2
491	19676	175	237	0	0	*	2
492	19716	173	238	0	0	*	2
493	19756	170	239	0	0	*	2
494	19796	168	240	0	0	*	2
495	19836	166	241	0	0	*	2
496	19876	163	242	0	0	*	2
497	19916	161	242	0	0	*	2
498	19956	159	243	0	0	*	2
499	19996	157	244	0	0	*	2
500	20036	154	244	0	0	*	2
501	20076	152	245	0	0	*	2
502	20116	149	245	0	0	*	2
503	20156	147	245	0	0	*	2
504	20196	145	246	0	0	*	2
505	20236	142	246	0	0	*	2
506	20276	140	246	0	0	*	2
507	20316	137	246	0	0	*	2
508	20356	127	248	0	0	*	2
509	20396	125	248	0	0	*	2
510	20436	122	248	0	0	*	2
511	20476	120	248	0	0	*	2
512	20516	117	247	0	0	*	2
513	20556	115	247	0	0	*	2
514	20596	112	247	0	0	*	2
515	20636	109	246	0	0	*	2
516	20676	107	246	0	0	*	2
517	20716	105	246	0	0	*	2
518	20756	108	245	0	0	*	2
519	20796	100	245	0	0	*	2
520	20836	103	244	0	0	*	2
521	20876	95	244	0	0	*	2
522	20916	98	243	0	0	*	2
523	20956	96	242	0	0	*	2
524	20996	94	242	0	0	*	2
525	21036	91	241	0	0	*	2
526	21076	89	241	0	0	*	2
527	21116	87	240	0	0	*	2
528	21156	84	239	0	0	*	2
529	21196	82	238	0	0	*	2
530	21236	80	237	0	0	*	2
531	21276	77	236	0	0	*	2
532	21316	76	235	0	0	*	2
533	21356	73	234	0	0	*	2
534	21396	71	233	0	0	*	2
535	21436	69	232	0	0	*	2
536	21476	67	231	0	0	*	2
537	21516	64	230	0	0	*	2
538	21556	63	228	0	0	*	2
539	21596	61	227	0	0	*	2
540	21636	59	225	0	0	*	2
541	21676	57	224	0	0	*	2
542	21716	55	222	0	0	*	2
543	21756	53	221	0	0	*	2
544	21796	51	219	0	0	*	2
545	21836	49	218	0	0	*	2
546	21876	48	216	0	0	*	2
547	21916	46	214	0	0	*	2
548	21956	44	213	0	0	*	2
549	21996	42	211	0	0	*	2
550	22036	40	209	0	0	*	2
551	22076	38	208	0	0	*	2
552	22116	37	206	0	0	*	2
553	22156	35	204	0	0	*	2
554	22196	33	202	0	0	*	2
555	22236	32	201	0	0	*	2
556	22276	30	198	0	0	*	2
557	22316	29	196	0	0	*	2
558	22356	27	195	0	0	*	2
559	22396	26	193	0	0	*	2
560	22436	24	190	0	0	*	2
561	22476	24	189	0	0	*	2
562	22516	22	187	0	0	*	2
563	22556	21	185	0	0	*	2
564	22596	20	183	0	0	*	2
565	22636	19	180	0	0	*	2
566	22676	18	178	0	0	*	2
567	22716	17	176	0	0	*	2
568	22756	16	173	0	0	*	2
569	22796	15	171	0	0	*	2
570	22836	14	169	0	0	*	2
571	22876	13	166	0	0	*	2
572	22916	12	164	0	0	*	2
573	22956	12	162	0	0	*	2
574	22996	11	160	0	0	*	2
575	23036	10	158	0	0	*	2
576	23076	9	155	0	0	*	2
577	23116	9	152	0	0	*	2
578	23156	8	150	0	0	*	2
579	23196	8	148	0	0	*	2
580	23236	7	145	0	0	*	2
581	23276	7	143	0	0	*	2
582	23316	6	140	0	0	*	2
583	23356	6	138	0	0	*	2
584	23396	6	136	0	0	*	2
585	23436	6	133	0	0	*	2
586	23476	6	131	0	0	*	2
587	23516	6	128	0	0	*	2
588	23556	6	126	0	0	*	2
589	23596	6	123	0	0	*	2
590	23636	6	121	0	0	*	2
591	23676	6	118	0	0	*	2
592	23716	7	115	0	0	*	2
593	23756	7	113	0	0	*	2
594	23796	7	110	0	0	*	2
595	23836	8	107	0	0	*	2
596	23876	8	105	0	0	*	2
597	23916	9	103	0	0	*	2
598	23956	9	100	0	0	*	2
599	23996	9	98	0	0	*	2
600	24036	10	95	0	0	*	2
601	24076	10	93	0	0	*	2
602	24116	11	92	0	0	*	2
603	24156	11	89	0	0	*	2
604	24196	12	87	0	0	*	2
605	24236	12	85	0	0	*	2
606	24276	13	82	0	0	*	2
607	24316	14	80	0	0	*	2
608	24356	15	78	0	0	*	2
609	24396	16	76	0	0	*	2
610	24436	17	73	0	0	*	2
611	24476	18	71	0	0	*	2
612	24516	19	69	0	0	*	2
613	24556	20	67	0	0	*	2
614	24596	22	65	0	0	*	2
615	24636	23	63	0	0	*	2
616	24676	24	61	0	0	*	2
617	24716	25	58	0	0	*	2
618	24756	27	56	0	0	*	2
619	24796	28	55	0	0	*	2
620	24836	30	53	0	0	*	2
621	24876	31	50	0	0	*	2
622	24916	33	48	0	0	*	2
623	24956	34	46	0	0	*	2
624	24996	36	45	0	0	*	2
625	25036	37	43	0	0	*	2
626	25076	39	41	0	0	*	2
627	25116	41	39	0	0	*	2
628	25156	43	37	0	0	*	2
629	25196	45	35	0	0	*	2
630	25236	47	34	0	0	*	2
631	25276	48	32	0	0	*	2
632	25316	50	31	0	0	*	2
633	25356	52	29	0	0	*	2
634	25396	54	27	0	0	*	2
635	25436	56	26	0	0	*	2
636	25476	58	25	0	0	*	2
637	25516	60	24	0	0	*	2
638	25556	62	23	0	0	*	2
639	25596	64	21	0	0	*	2
640	25636	67	20	0	0	*	2
641	25676	69	19	0	0	*	2
642	25716	71	18	0	0	*	2
643	25756	73	17	0	0	*	2
644	25796	76	16	0	0	*	2
645	25836	78	14	0	0	*	2
646	25876	81	13	0	0	*	2
647	25916	83	13	0	0	*	2
648	25956	85	12	0	0	*	2
649	25996	88	11	0	0	*	2
650	26036	90	10	0	0	*	2
651	26076	93	9	0	0	*	2
652	26116	95	8	0	0	*	2
653	26156	97	8	0	0	*	2
654	26196	100	7	0	0	*	2
655	26236	102	6	0	0	*	2
656	26276	105	6	0	0	*	2
657	26316	107	5	0	0	*	2
658	26356	109	5	0	0	*	2
659	26396	111	5	0	0	*	2
660	26436	114	4	0	0	*	2
661	26476	116	4	0	0	*	2
662	26516	119	3	0	0	*	2
663	26556	122	3	0	0	*	2
664	26596	124	3	0	0	*	2
665	26636	126	3	0	0	*	2
666	26676	129	3	0	0	*	2
667	26716	132	3	0	0	*	2
668	26756	134	3	0	0	*	2
669	26796	137	4	0	0	*	2
670	26836	139	4	0	0	*	2
671	26876	142	4	0	0	*	2
672	26916	145	5	0	0	*	2
673	26956	147	5	0	0	*	2
674	26996	150	6	0	0	*	2
675	27036	152	6	0	0	*	2
676	27076	154	7	0	0	*	2
677	27116	157	7	0	0	*	2
678	27156	159	8	0	0	*	2
679	27196	162	9	0	0	*	2
680	27236	164	9	0	0	*	2
681	27276	167	10	0	0	*	2
682	27316	169	11	0	0	*	2
683	27356	171	12	0	0	*	2
684	27396	174	13	0	0	*	2
685	27436	176	14	0	0	*	2
686	27476	179	15	0	0	*	2
687	27516	181	16	0	0	*	2
688	27556	183	17	0	0	*	2
689	27596	185	19	0	0	*	2
690	27636	188	20	0	0	*	2
691	27676	190	21	0	0	*	2
692	27716	192	22	0	0	*	2
693	27756	194	23	0	0	*	2
694	27796	196	25	0	0	*	2
695	27836	198	26	0	0	*	2
696	27876	200	28	0	0	*	2
697	27916	202	29	0	0	*	2
698	27956	204	31	0	0	*	2
699	27996	206	32	0	0	*	2
700	28036	207	34	0	0	*	2
701	28076	209	36	0	0	*	2
702	28116	211	37	0	0	*	2
703	28156	213	39	0	0	*	2
704	28196	214	41	0	0	*	2
705	28236	216	42	0	0	*	2
706	28276	217	44	0	0	*	2
707	28316	219	46	0	0	*	2
708	28356	220	47	0	0	*	2
709	28396	222	49	0	0	*	2
710	28436	224	52	0	0	*	2
711	28476	225	53	0	0	*	2
712	28516	227	56	0	0	*	2
713	28556	229	58	0	0	*	2
714	28596	230	60	0	0	*	2
715	28636	231	62	0	0	*	2
716	28676	233	65	0	0	*	2
717	28716	234	67	0	0	*	2
718	28756	236	69	0	0	*	2
719	28796	237	71	0	0	*	2
720	28836	238	73	0	0	*	2
721	28876	239	76	0	0	*	2
722	28916	240	78	0	0	*	2
723	28956	241	80	0	0	*	2
724	28996	242	82	0	0	*	2
725	29036	242	85	0	0	*	2
726	29076	243	87	0	0	*	2
727	29116	243	89	0	0	*	2
728	29156	244	92	0	0	*	2
729	29196	245	94	0	0	*	2
730	29236	246	96	0	0	*	2
731	29276	246	98	0	0	*	2
732	29316	247	101	0	0	*	2
733	29356	247	103	0	0	*	2
734	29396	248	106	0	0	*	2
735	29436	248	108	0	0	*	2
736	29476	249	110	0	0	*	2
737	29516	249	113	0	0	*	2
738	29556	249	115	0	0	*	2
739	29596	249	117	0	0	*	2
740	29636	249	119	0	0	*	2
741	29676	250	122	0	0	*	2
742	29716	250	124	0	0	*	2
743	29756	249	127	0	0	*	2
744	29796	249	129	0	0	*	2
745	29836	249	132	0	0	*	2
746	29876	249	134	0	0	*	2
747	29916	249	137	0	0	*	2
748	29956	249	139	0	0	*	2
749	29996	248	141	0	0	*	2
750	30036	248	143	0	0	*	2
751	30076	248	146	0	0	*	2
752	30116	247	148	0	0	*	2
753	30156	247	150	0	0	*	2
754	30196	246	153	0	0	*	2
755	30236	246	155	0	0	*	2
756	30276	245	157	0	0	*	2
757	30316	244	159	0	0	*	2
758	30356	244	161	0	0	*	2
759	30396	243	163	0	0	*	2
760	30436	242	165	0	0	*	2
761	30476	241	168	0	0	*	2
762	30516	240	170	0	0	*	2
763	30556	240	172	0	0	*	2
764	30596	239	174	0	0	*	2
765	30636	238	176	0	0	*	2
766	30676	237	178	0	0	*	2
767	30716	236	180	0	0	*	2
768	30756	235	183	0	0	*	2
769	30796	233	185	0	0	*	2
770	30836	232	186	0	0	*	2
771	30876	231	188	0	0	*	2
772	30916	230	190	0	0	*	2
773	30956	229	192	0	0	*	2
774	30996	228	194	0	0	*	2
775	31036	226	196	0	0	*	2
776	31076	225	198	0	0	*	2
777	31116	223	199	0	0	*	2
778	31156	222	201	0	0	*	2
779	31196	220	203	0	0	*	2
780	31236	219	205	0	0	*	2
781	31276	217	207	0	0	*	2
782	31316	216	209	0	0	*	2
783	31356	214	210	0	0	*	2
784	31396	212	212	0	0	*	2
785	31436	210	214	0	0	*	2
786	31476	208	215	0	0	*	2
787	31516	207	217	0	0	*	2
788	31556	205	219	0	0	*	2
789	31596	203	220	0	0	*	2
790	31636	201	222	0	0	*	2
791	31676	199	223	0	0	*	2
792	31716	197	224	0	0	*	2
793	31756	195	226	0	0	*	2
794	31796	193	227	0	0	*	2
795	31836	191	228	0	0	*	2
796	31876	189	230	0	0	*	2
797	31916	187	231	0	0	*	2
798	31956	185	232	0	0	*	2
799	31996	182	233	0	0	*	2
800	32036	180	234	0	0	*	2
801	32076	178	234	0	0	*	2
802	32116	176	236	0	0	*	2
803	32156	174	237	0	0	*	2
804	32196	171	238	0	0	*	2
805	32236	169	239	0	0	*	2
806	32276	167	239	0	0	*	2
807	32316	164	240	0	0	*	2
808	32356	162	241	0	0	*	2
809	32396	159	242	0	0	*	2
810	32436	157	243	0	0	*	2
811	32476	155	243	0	0	*	2
812	32516	153	243	0	0	*	2
813	32556	150	244	0	0	*	2
814	32596	147	245	0	0	*	2
815	32636	145	245	0	0	*	2
816	32676	143	246	0	0	*	2
817	32716	133	247	0	0	*	2
818	32756	130	248	0	0	*	2
819	32796	135	246	0	0	*	2
820	32836	125	248	0	0	*	2
821	32876	122	247	0	0	*	2
822	32916	120	247	0	0	*	2
823	32956	118	247	0	0	*	2
824	32996	115	247	0	0	*	2
825	33036	112	246	0	0	*	2
826	33076	110	246	0	0	*	2
827	33116	108	245	0	0	*	2
828	33156	105	245	0	0	*	2
829	33196	103	244	0	0	*	2
830	33236	100	244	0	0	*	2
831	33276	97	244	0	0	*	2
832	33316	95	244	0	0	*	2
833	33356	93	243	0	0	*	2
834	33396	97	242	0	0	*	2
835	33436	87	242	0	0	*	2
836	33476	92	241	0	0	*	2
837	33516	90	240	0	0	*	2
838	33556	87	240	0	0	*	2
839	33596	85	239	0	0	*	2
840	33636	83	238	0	0	*	2
841	33676	80	237	0	0	*	2
842	33716	79	236	0	0	*	2
843	33756	76	235	0	0	*	2
844	33796	73	234	0	0	*	2
845	33836	71	233	0	0	*	2
846	33876	69	232	0	0	*	2
847	33916	67	231	0	0	*	2
848	33956	65	230	0	0	*	2
849	33996	63	228	0	0	*	2
850	34036	61	227	0	0	*	2
851	34076	59	225	0	0	*	2
852	34116	57	224	0	0	*	2
853	34156	55	222	0	0	*	2
854	34196	53	221	0	0	*	2
855	34236	51	219	0	0	*	2
856	34276	49	218	0	0	*	2
857	34316	48	216	0	0	*	2
858	34356	46	214	0	0	*	2
859	34396	44	213	0	0	*	2
860	34436	42	211	0	0	*	2
861	34476	40	209	0	0	*	2
862	34516	38	208	0	0	*	2
863	34556	37	206	0	0	*	2
864	34596	36	205	0	0	*	2
865	34636	34	203	0	0	*	2
866	34676	32	201	0	0	*	2
867	34716	31	199	0	0	*	2
868	34756	29	198	0	0	*	2
869	34796	28	196	0	0	*	2
870	34836	27	194	0	0	*	2
871	34876	26	192	0	0	*	2
872	34916	24	190	0	0	*	2
873	34956	23	188	0	0	*	2
874	34996	22	186	0	0	*	2
875	35036	21	185	0	0	*	2
876	35076	20	183	0	0	*	2
877	35116	19	181	0	0	*	2
878	35156	18	179	0	0	*	2
879	35196	17	176	0	0	*	2
880	35236	16	175	0	0	*	2
881	35276	15	173	0	0	*	2
882	35316	14	170	0	0	*	2
883	35356	13	168	0	0	*	2
884	35396	13	166	0	0	*	2
885	35436	12	164	0	0	*	2
886	35476	12	162	0	0	*	2
887	35516	11	160	0	0	*	2
888	35556	11	158	0	0	*	2
889	35596	10	156	0	0	*	2
890	35636	9	154	0	0	*	2
891	35676	9	151	0	0	*	2
892	35716	8	150	0	0	*	2
893	35756	8	148	0	0	*	2
894	35796	7	146	0	0	*	2
895	35836	7	143	0	0	*	2
896	35876	6	141	0	0	*	2
897	35916	6	139	0	0	*	2
898	35956	6	137	0	0	*	2
899	35996	6	135	0	0	*	2
900	36036	6	133	0	0	*	2
901	36076	6	130	0	0	*	2
902	36116	5	128	0	0	*	2
903	36156	6	125	0	0	*	2
904	36196	6	123	0	0	*	2
905	36236	6	121	0	0	*	2
906	36276	6	119	0	0	*	2
907	36316	6	116	0	0	*	2
908	36356	6	114	0	0	*	2
909	36396	6	112	0	0	*	2
910	36436	7	110	0	0	*	2
911	36476	7	108	0	0	*	2
912	36516	7	105	0	0	*	2
913	36556	8	103	0	0	*	2
914	36596	8	101	0	0	*	2
915	36636	9	99	0	0	*	2
916	36676	9	97	0	0	*	2
917	36716	10	94	0	0	*	2
918	36756	11	92	0	0	*	2
919	36796	11	90	0	0	*	2
920	36836	12	88	0	0	*	2
921	36876	12	86	0	0	*	2
922	36916	13	85	0	0	*	2
923	36956	14	82	0	0	*	2
924	36996	15	80	0	0	*	2
925	37036	15	78	0	0	*	2
926	37076	16	76	0	0	*	2
927	37116	17	75	0	0	*	2
928	37156	18	73	0	0	*	2
929	37196	19	71	0	0	*	2
930	37236	20	70	0	0	*	2
931	37276	21	67	0	0	*	2
932	37316	22	66	0	0	*	2
933	37356	23	64	0	0	*	2
934	37396	24	63	0	0	*	2
935	37436	24	61	0	0	*	2
936	37476	26	59	0	0	*	2
937	37516	27	57	0	0	*	2
938	37556	28	55	0	0	*	2
939	37596	29	53	0	0	*	2
940	37636	31	52	0	0	*	2
941	37676	32	50	0	0	*	2
942	37716	34	48	0	0	*	2
943	37756	35	46	0	0	*	2
944	37796	36	45	0	0	*	2
945	37836	38	43	0	0	*	2
946	37876	39	41	0	0	*	2
947	37916	41	40	0	0	*	2
948	37956	43	38	0	0	*	2
949	37996	45	36	0	0	*	2
950	38036	46	35	0	0	*	2
951	38076	48	33	0	0	*	2
952	38116	50	31	0	0	*	2
953	38156	51	30	0	0	*	2
954	38196	54	28	0	0	*	2
955	38236	56	26	0	0	*	2
956	38276	58	25	0	0	*	2
957	38316	60	24	0	0	*	2
958	38356	62	23	0	0	*	2
959	38396	64	21	0	0	*	2
960	38436	66	20	0	0	*	2
961	38476	68	19	0	0	*	2
962	38516	71	18	0	0	*	2
963	38556	73	17	0	0	*	2
964	38596	75	16	0	0	*	2
965	38636	77	15	0	0	*	2
966	38676	79	14	0	0	*	2
967	38716	82	13	0	0	*	2
968	38756	84	12	0	0	*	2
969	38796	86	11	0	0	*	2
970	38836	88	10	0	0	*	2
971	38876	91	10	0	0	*	2
972	38916	93	9	0	0	*	2
973	38956	95	9	0	0	*	2
974	38996	97	8	0	0	*	2
975	39036	99	7	0	0	*	2
976	39076	102	7	0	0	*	2
977	39116	104	6	0	0	*	2
978	39156	106	6	0	0	*	2
979	39196	109	5	0	0	*	2
980	39236	111	5	0	0	*	2
981	39276	113	5	0	0	*	2
982	39316	115	4	0	0	*	2
983	39356	118	4	0	0	*	2
984	39396	120	4	0	0	*	2
985	39436	122	4	0	0	*	2
986	39476	124	4	0	0	*	2
987	39516	127	3	0	0	*	2
988	39556	129	3	0	0	*	2
989	39596	132	3	0	0	*	2
990	39636	134	4	0	0	*	2
991	39676	136	4	0	0	*	2
992	39716	138	4	0	0	*	2
993	39756	141	4	0	0	*	2
994	39796	143	4	0	0	*	2
995	39836	146	5	0	0	*	2
996	39876	147	5	0	0	*	2
997	39916	150	6	0	0	*	2
998	39956	152	6	0	0	*	2
999	39996	154	7	0	0	*	2
1000	40036	157	8	0	0	*	2
1001	40076	159	8	0	0	*	2
1002	40116	161	9	0	0	*	2
1003	40156	163	10	0	0	*	2
1004	40196	165	10	0	0	*	2
1005	40236	167	11	0	0	*	2
1006	40276	170	12	0	0	*	2
1007	40316	171	12	0	0	*	2
1008	40356	173	13	0	0	*	2
1009	40396	176	14	0	0	*	2
1010	40436	178	15	0	0	*	2
1011	40476	180	16	0	0	*	2
1012	40516	182	17	0	0	*	2
1013	40556	183	18	0	0	*	2
1014	40596	185	19	0	0	*	2
1015	40636	187	20	0	0	*	2
1016	40676	189	21	0	0	*	2
1017	40716	191	23	0	0	*	2
1018	40756	193	23	0	0	*	2
1019	40796	194	24	0	0	*	2
1020	40836	196	26	0	0	*	2
1021	40876	197	27	0	0	*	2
1022	40916	198	28	0	0	*	2
1023	40956	199	29	0	0	*	2
1024	40996	201	30	0	0	*	2
1025	41036	201	31	0	0	*	2
1026	41076	202	32	0	0	*	2
1027	41116	204	34	0	0	*	2
1028	41156	207	36	0	0	*	2
1029	41196	203	33	0	0	*	2
1030	41236	218	43	0	0	*	2
1031	41276	214	41	0	0	*	2
1032	41316	215	42	0	0	*	2
1033	41356	216	43	0	0	*	2
1034	41396	218	45	0	0	*	2
1035	41436	219	46	0	0	*	2
1036	41476	221	48	0	0	*	2
1037	41516	222	50	0	0	*	2
1038	41556	223	51	0	0	*	2
1039	41596	225	53	0	0	*	2
1040	41636	231	61	0	0	*	2
1041	41676	232	63	0	0	*	2
1042	41716	234	65	0	0	*	2
1043	41756	231	61	0	0	*	2
1044	41796	231	63	0	0	*	2
1045	41836	233	66	0	0	*	2
1046	41876	234	67	0	0	*	2
1047	41916	236	70	0	0	*	2
1048	41956	237	72	0	0	*	2
1049	41996	238	74	0	0	*	2
1050	42036	239	75	0	0	*	2
1051	42076	240	78	0	0	*	2
1052	42116	241	80	0	0	*	2
1053	42156	242	82	0	0	*	2
1054	42196	243	84	0	0	*	2
1055	42236	243	86	0	0	*	2
1056	42276	243	88	0	0	*	2
1057	42316	244	90	0	0	*	2
1058	42356	245	92	0	0	*	2
1059	42396	246	94	0	0	*	2
1060	42436	246	96	0	0	*	2
1061	42476	247	98	0	0	*	2
1062	42516	247	100	0	0	*	2
1063	42556	247	102	0	0	*	2
1064	42596	248	105	0	0	*	2
1065	42636	248	107	0	0	*	2
1066	42676	249	110	0	0	*	2
1067	42716	249	112	0	0	*	2
1068	42756	249	114	0	0	*	2
1069	42796	249	116	0	0	*	2
1070	42836	250	119	0	0	*	2
1071	42876	249	120	0	0	*	2
1072	42916	249	123	0	0	*	2
1073	42956	249	125	0	0	*	2
1074	42996	249	127	0	0	*	2
1075	43036	249	130	0	0	*	2
1076	43076	249	132	0	0	*	2
1077	43116	249	134	0	0	*	2
1078	43156	249	136	0	0	*	2
1079	43196	248	138	0	0	*	2
1080	43236	248	140	0	0	*	2
1081	43276	248	142	0	0	*	2
1082	43316	248	144	0	0	*	2
1083	43356	247	146	0	0	*	2
1084	43396	247	148	0	0	*	2
1085	43436	246	151	0	0	*	2
1086	43476	246	152	0	0	*	2
1087	43516	245	154	0	0	*	2
1088	43556	245	156	0	0	*	2
1089	43596	244	158	0	0	*	2
1090	43636	244	160	0	0	*	2
1091	43676	243	162	0	0	*	2
1092	43716	243	164	0	0	*	2
1093	43756	242	166	0	0	*	2
1094	43796	242	168	0	0	*	2
1095	43836	241	170	0	0	*	2
1096	43876	240	171	0	0	*	2
1097	43916	239	173	0	0	*	2
1098	43956	239	175	0	0	*	2
1099	43996	238	177	0	0	*	2
1100	44036	237	179	0	0	*	2
1101	44076	236	181	0	0	*	2
1102	44116	235	183	0	0	*	2
1103	44156	234	185	0	0	*	2
1104	44196	232	186	0	0	*	2
1105	44236	231	188	0	0	*	2
1106	44276	230	190	0	0	*	2
1107	44316	229	192	0	0	*	2
1108	44356	228	194	0	0	*	2
1109	44396	226	196	0	0	*	2
1110	44436	225	198	0	0	*	2
1111	44476	224	199	0	0	*	2
1112	44516	222	202	0	0	*	2
1113	44556	220	203	0	0	*	2
1114	44596	219	205	0	0	*	2
1115	44636	218	207	0	0	*	2
1116	44676	216	208	0	0	*	2
1117	44716	215	210	0	0	*	2
1118	44756	213	211	0	0	*	2
1119	44796	211	213	0	0	*	2
1120	44836	209	214	0	0	*	2
1121	44876	208	216	0	0	*	2
1122	44916	206	217	0	0	*	2
1123	44956	204	219	0	0	*	2
1124	44996	202	220	0	0	*	2
1125	45036	201	222	0	0	*	2
1126	45076	199	223	0	0	*	2
1127	45116	197	225	0	0	*	2
1128	45156	195	226	0	0	*	2
1129	45196	193	227	0	0	*	2
1130	45236	191	229	0	0	*	2
1131	45276	189	229	0	0	*	2
1132	45316	187	231	0	0	*	2
1133	45356	185	232	0	0	*	2
1134	45396	183	232	0	0	*	2
1135	45436	181	233	0	0	*	2
1136	45476	179	234	0	0	*	2
1137	45516	176	235	0	0	*	2
1138	45556	174	236	0	0	*	2
1139	45596	172	237	0	0	*	2
1140	45636	170	238	0	0	*	2
1141	45676	168	239	0	0	*	2
1142	45716	166	240	0	0	*	2
1143	45756	164	240	0	0	*	2
1144	45796	162	241	0	0	*	2
1145	45836	160	242	0	0	*	2
1146	45876	158	242	0	0	*	2
1147	45916	156	243	0	0	*	2
1148	45956	154	243	0	0	*	2
1149	45996	151	243	0	0	*	2
1150	46036	149	244	0	0	*	2
1151	46076	147	244	0	0	*	2
1152	46116	145	244	0	0	*	2
1153	46156	143	244	0	0	*	2
1154	46196	140	244	0	0	*	2
1155	46236	138	245	0	0	*	2
1156	46276	136	245	0	0	*	2
1157	46316	126	248	0	0	*	2
1158	46356	124	248	0	0	*	2
1159	46396	121	247	0	0	*	2
1160	46436	120	247	0	0	*	2
1161	46476	124	245	0	0	*	2
1162	46516	115	247	0	0	*	2
1163	46556	113	246	0	0	*	2
1164	46596	110	246	0	0	*	2
1165	46636	109	246	0	0	*	2
1166	46676	106	245	0	0	*	2
1167	46716	104	245	0	0	*	2
1168	46756	109	244	0	0	*	2
1169	46796	106	244	0	0	*	2
1170	46836	97	243	0	0	*	2
1171	46876	95	243	0	0	*	2
1172	46916	98	242	0	0	*	2
1173	46956	97	242	0	0	*	2
1174	46996	95	241	0	0	*	2
1175	47036	92	241	0	0	*	2
1176	47076	84	240	0	0	*	2
1177	47116	88	239	0	0	*	2
1178	47156	85	239	0	0	*	2
1179	47196	84	238	0	0	*	2
1180	47236	82	237	0	0	*	2
1181	47276	80	236	0	0	*	2
1182	47316	78	235	0	0	*	2
1183	47356	76	234	0	0	*	2
1184	47396	74	233	0	0	*	2
1185	47436	72	232	0	0	*	2
1186	47476	70	232	0	0	*	2
1187	47516	68	231	0	0	*	2
1188	47556	66	229	0	0	*	2
1189	47596	64	228	0	0	*	2
1190	47636	62	227	0	0	*	2
1191	47676	61	226	0	0	*	2
1192	47716	59	224	0	0	*	2
1193	47756	56	223	0	0	*	2
1194	47796	54	221	0	0	*	2
1195	47836	53	220	0	0	*	2
1196	47876	51	219	0	0	*	2
1197	47916	49	217	0	0	*	2
1198	47956	47	215	0	0	*	2
1199	47996	46	214	0	0	*	2
1200	48036	44	212	0	0	*	2
1201	48076	42	211	0	0	*	2
1202	48116	41	209	0	0	*	2
1203	48156	39	208	0	0	*	2
1204	48196	37	206	0	0	*	2
1205	48236	36	205	0	0	*	2
1206	48276	34	203	0	0	*	2
1207	48316	33	201	0	0	*	2
1208	48356	31	200	0	0	*	2
1209	48396	30	198	0	0	*	2
1210	48436	28	196	0	0	*	2
1211	48476	27	194	0	0	*	2
1212	48516	26	192	0	0	*	2
1213	48556	25	191	0	0	*	2
1214	48596	24	189	0	0	*	2
1215	48636	23	187	0	0	*	2
1216	48676	21	185	0	0	*	2
1217	48716	20	183	0	0	*	2
1218	48756	19	181	0	0	*	2
1219	48796	18	179	0	0	*	2
1220	48836	17	177	0	0	*	2
1221	48876	16	175	0	0	*	2
1222	48916	15	173	0	0	*	2
1223	48956	15	171	0	0	*	2
1224	48996	14	169	0	0	*	2
1225	49036	13	167	0	0	*	2
1226	49076	13	165	0	0	*	2
1227	49116	12	163	0	0	*	2
1228	49156	12	161	0	0	*	2
1229	49196	11	159	0	0	*	2
1230	49236	10	158	0	0	*	2
1231	49276	10	156	0	0	*	2
1232	49316	10	154	0	0	*	2
1233	49356	9	152	0	0	*	2
1234	49396	8	149	0	0	*	2
1235	49436	8	147	0	0	*	2
1236	49476	8	145	0	0	*	2
1237	49516	7	144	0	0	*	2
1238	49556	7	141	0	0	*	2
1239	49596	7	140	0	0	*	2
1240	49636	7	138	0	0	*	2
1241	49676	7	136	0	0	*	2
1242	49716	6	134	0	0	*	2
1243	49756	6	132	0	0	*	2
1244	49796	6	131	0	0	*	2
1245	49836	6	129	0	0	*	2
1246	49876	6	127	0	0	*	2
1247	49916	6	125	0	0	*	2
1248	49956	6	123	0	0	*	2
1249	49996	6	121	0	0	*	2
1250	50036	7	119	0	0	*	2
1251	50076	7	116	0	0	*	2
1252	50116	7	115	0	0	*	2
1253	50156	7	113	0	0	*	2
1254	50196	7	111	0	0	*	2
1255	50236	8	109	0	0	*	2
1256	50276	8	107	0	0	*	2
1257	50316	8	105	0	0	*	2
1258	50356	9	102	0	0	*	2
1259	50396	9	100	0	0	*	2
1260	50436	9	99	0	0	*	2
1261	50476	10	96	0	0	*	2
1262	50516	10	95	0	0	*	2
1263	50556	11	93	0	0	*	2
1264	50596	11	91	0	0	*	2
1265	50636	12	89	0	0	*	2
1266	50676	12	88	0	0	*	2
1267	50716	12	86	0	0	*	2
1268	50756	13	84	0	0	*	2
1269	50796	14	82	0	0	*	2
1270	50836	15	79	0	0	*	2
1271	50876	16	78	0	0	*	2
1272	50916	17	76	0	0	*	2
1273	50956	18	74	0	0	*	2
1274	50996	18	73	0	0	*	2
1275	51036	19	70	0	0	*	2
1276	51076	20	69	0	0	*	2
1277	51116	21	68	0	0	*	2
1278	51156	22	66	0	0	*	2
1279	51196	23	64	0	0	*	2
1280	51236	24	62	0	0	*	2
1281	51276	25	60	0	0	*	2
1282	51316	27	58	0	0	*	2
1283	51356	28	56	0	0	*	2
1284	51396	29	55	0	0	*	2
1285	51436	30	53	0	0	*	2
1286	51476	31	51	0	0	*	2
1287	51516	33	48	0	0	*	2
1288	51556	34	47	0	0	*	2
1289	51596	36	46	0	0	*	2
1290	51636	37	44	0	0	*	2
1291	51676	39	42	0	0	*	2
1292	51716	41	40	0	0	*	2
1293	51756	42	38	0	0	*	2
1294	51796	44	37	0	0	*	2
1295	51836	45	35	0	0	*	2
1296	51876	47	34	0	0	*	2
1297	51916	49	32	0	0	*	2
1298	51956	51	30	0	0	*	2
1299	51996	53	29	0	0	*	2
1300	52036	54	28	0	0	*	2
1301	52076	57	26	0	0	*	2
1302	52116	59	25	0	0	*	2
1303	52156	61	24	0	0	*	2
1304	52196	62	23	0	0	*	2
1305	52236	64	22	0	0	*	2
1306	52276	66	21	0	0	*	2
1307	52316	68	20	0	0	*	2
1308	52356	71	19	0	0	*	2
1309	52396	73	17	0	0	*	2
1310	52436	75	16	0	0	*	2
1311	52476	77	16	0	0	*	2
1312	52516	79	15	0	0	*	2
1313	52556	81	14	0	0	*	2
1314	52596	83	13	0	0	*	2
1315	52636	85	12	0	0	*	2
1316	52676	87	11	0	0	*	2
1317	52716	89	10	0	0	*	2
1318	52756	91	9	0	0	*	2
1319	52796	93	9	0	0	*	2
1320	52836	96	8	0	0	*	2
1321	52876	98	7	0	0	*	2
1322	52916	100	7	0	0	*	2
1323	52956	102	6	0	0	*	2
1324	52996	104	6	0	0	*	2
1325	53036	107	5	0	0	*	2
1326	53076	109	5	0	0	*	2
1327	53116	111	5	0	0	*	2
1328	53156	113	4	0	0	*	2
1329	53196	116	4	0	0	*	2
1330	53236	118	4	0	0	*	2
1331	53276	121	4	0	0	*	2
1332	53316	123	4	0	0	*	2
1333	53356	126	4	0	0	*	2
1334	53396	128	4	0	0	*	2
1335	53436	130	4	0	0	*	2
1336	53476	133	4	0	0	*	2
1337	53516	135	4	0	0	*	2
1338	53556	138	4	0	0	*	2
1339	53596	140	4	0	0	*	2
1340	53636	142	5	0	0	*	2
1341	53676	145	5	0	0	*	2
1342	53716	147	5	0	0	*	2
1343	53756	149	6	0	0	*	2
1344	53796	152	6	0	0	*	2
1345	53836	154	7	0	0	*	2
1346	53876	156	7	0	0	*	2
1347	53916	158	8	0	0	*	2
1348	53956	160	9	0	0	*	2
1349	53996	163	9	0	0	*	2
1350	54036	165	10	0	0	*	2
1351	54076	167	11	0	0	*	2
1352	54116	169	11	0	0	*	2
1353	54156	171	12	0	0	*	2
1354	54196	173	13	0	0	*	2
1355	54236	176	14	0	0	*	2
1356	54276	178	15	0	0	*	2
1357	54316	180	16	0	0	*	2
1358	54356	182	17	0	0	*	2
1359	54396	184	18	0	0	*	2
1360	54436	186	19	0	0	*	2
1361	54476	189	21	0	0	*	2
1362	54516	190	22	0	0	*	2
1363	54556	192	23	0	0	*	2
1364	54596	194	24	0	0	*	2
1365	54636	195	25	0	0	*	2
1366	54676	197	26	0	0	*	2
1367	54716	199	27	0	0	*	2
1368	54756	200	29	0	0	*	2
1369	54796	202	30	0	0	*	2
1370	54836	204	31	0	0	*	2
1371	54876	206	33	0	0	*	2
1372	54916	207	34	0	0	*	2
1373	54956	209	36	0	0	*	2
1374	54996	210	37	0	0	*	2
1375	55036	211	38	0	0	*	2
1376	55076	213	40	0	0	*	2
1377	55116	214	41	0	0	*	2
1378	55156	216	43	0	0	*	2
1379	55196	217	44	0	0	*	2
1380	55236	218	45	0	0	*	2
1381	55276	219	46	0	0	*	2
1382	55316	220	48	0	0	*	2
1383	55356	222	50	0	0	*	2
1384	55396	223	52	0	0	*	2
1385	55436	225	54	0	0	*	2
1386	55476	226	55	0	0	*	2
1387	55516	228	57	0	0	*	2
1388	55556	229	59	0	0	*	2
1389	55596	230	61	0	0	*	2
1390	55636	231	64	0	0	*	2
1391	55676	232	65	0	0	*	2
1392	55716	233	67	0	0	*	2
1393	55756	235	69	0	0	*	2
1394	55796	236	71	0	0	*	2
1395	55836	237	73	0	0	*	2
1396	55876	238	75	0	0	*	2
1397	55916	239	76	0	0	*	2
1398	55956	240	78	0	0	*	2
1399	55996	240	80	0	0	*	2
1400	56036	241	82	0	0	*	2
1401	56076	242	84	0	0	*	2
1402	56116	243	86	0	0	*	2
1403	56156	243	88	0	0	*	2
1404	56196	244	91	0	0	*	2
1405	56236	245	93	0	0	*	2
1406	56276	245	94	0	0	*	2
1407	56316	246	97	0	0	*	2
1408	56356	246	98	0	0	*	2
1409	56396	247	101	0	0	*	2
1410	56436	247	102	0	0	*	2
1411	56476	248	104	0	0	*	2
1412	56516	248	107	0	0	*	2
1413	56556	248	109	0	0	*	2
1414	56596	248	111	0	0	*	2
1415	56636	249	113	0	0	*	2
1416	56676	249	115	0	0	*	2
1417	56716	249	117	0	0	*	2
1418	56756	249	119	0	0	*	2
1419	56796	249	121	0	0	*	2
1420	56836	249	123	0	0	*	2
1421	56876	249	125	0	0	*	2
1422	56916	249	128	0	0	*	2
1423	56956	249	129	0	0	*	2
1424	56996	249	132	0	0	*	2
1425	57036	249	134	0	0	*	2
1426	57076	249	136	0	0	*	2
1427	57116	249	138	0	0	*	2
1428	57156	249	139	0	0	*	2
1429	57196	248	141	0	0	*	2
1430	57236	248	143	0	0	*	2
1431	57276	248	145	0	0	*	2
1432	57316	247	148	0	0	*	2
1433	57356	247	149	0	0	*	2
1434	57396	246	151	0	0	*	2
1435	57436	246	153	0	0	*	2
1436	57476	245	156	0	0	*	2
1437	57516	245	158	0	0	*	2
1438	57556	244	159	0	0	*	2
1439	57596	243	161	0	0	*	2
1440	57636	243	163	0	0	*	2
1441	57676	243	165	0	0	*	2
1442	57716	242	166	0	0	*	2
1443	57756	241	168	0	0	*	2
1444	57796	240	170	0	0	*	2
1445	57836	240	172	0	0	*	2
1446	57876	239	174	0	0	*	2
1447	57916	238	176	0	0	*	2
1448	57956	237	177	0	0	*	2
1449	57996	236	179	0	0	*	2
1450	58036	235	181	0	0	*	2
1451	58076	234	183	0	0	*	2
1452	58116	233	184	0	0	*	2
1453	58156	232	186	0	0	*	2
1454	58196	231	187	0	0	*	2
1455	58236	231	189	0	0	*	2
1456	58276	230	190	0	0	*	2
1457	58316	229	192	0	0	*	2
1458	58356	227	193	0	0	*	2
1459	58396	226	195	0	0	*	2
1460	58436	225	197	0	0	*	2
1461	58476	224	198	0	0	*	2
1462	58516	223	200	0	0	*	2
1463	58556	221	201	0	0	*	2
1464	58596	220	203	0	0	*	2
1465	58636	219	204	0	0	*	2
1466	58676	218	206	0	0	*	2
1467	58716	216	207	0	0	*	2
1468	58756	215	209	0	0	*	2
1469	58796	214	210	0	0	*	2
1470	58836	212	211	0	0	*	2
1471	58876	211	213	0	0	*	2
1472	58916	209	214	0	0	*	2
1473	58956	208	216	0	0	*	2
1474	58996	206	217	0	0	*	2
1475	59036	205	218	0	0	*	2
1476	59076	203	220	0	0	*	2
1477	59116	202	221	0	0	*	2
1478	59156	200	222	0	0	*	2
1479	59196	198	224	0	0	*	2
1480	59236	196	225	0	0	*	2
1481	59276	194	226	0	0	*	2
1482	59316	193	228	0	0	*	2
1483	59356	191	229	0	0	*	2
1484	59396	189	230	0	0	*	2
1485	59436	187	231	0	0	*	2
1486	59476	185	232	0	0	*	2
1487	59516	183	233	0	0	*	2
1488	59556	182	234	0	0	*	2
1489	59596	179	235	0	0	*	2
1490	59636	177	236	0	0	*	2
1491	59676	175	237	0	0	*	2
1492	59716	173	237	0	0	*	2
1493	59756	171	238	0	0	*	2
1494	59796	169	239	0	0	*	2
1495	59836	167	240	0	0	*	2
1496	59876	165	240	0	0	*	2
1497	59916	162	241	0	0	*	2
1498	59956	160	241	0	0	*	2
1499	59996	158	242	0	0	*	2
1500	60036	156	243	0	0	*	2
1501	60076	154	243	0	0	*	2
1502	60116	152	244	0	0	*	2
1503	60156	149	244	0	0	*	2
1504	60196	147	244	0	0	*	2
1505	60236	145	245	0	0	*	2
1506	60276	143	245	0	0	*	2
1507	60316	141	245	0	0	*	2
1508	60356	131	247	0	0	*	2
1509	60396	129	247	0	0	*	2
