%%BEGIN_HEADER
	%%BEGIN DATABASE_INFORMATION
		%Date.0 ( 13.9.2019 )
		%Time.0 ( 17:49 )
	%%END DATABASE_INFORMATION
	%%BEGIN SETUP_INFORMATION
		%TrackerVersion.0 ( Tracker version 2.38 release 12.8.2012 )
		%ElapsedTime_ms.0 ( 65261 )
		%Paradigm.0 ( PlacePreference )
		%FeederParameters.0 ( 1500 0 )
			// %FeederParameters.0 ( ENTRANCE_LATENCY EXIT_LATENCY )
		%ElapsedPath_m.0 ( 0.00 )
		%ArenaDiameter_m.0 ( 1.80 )
		%TrackerResolution_PixPerCM.0 ( 1.4222 )
		%ArenaCenterXY.0 ( 127.5 127.5 )
		%Frame.0 ( RoomFrame )
		%ReinforcedSector.0 ( 190.6093 64.3907 7 )
			//%ReinforcedSector.0 ( CENTER_X CENTER_Y RADIUS )
		%RoomTrackReinforcedSector.0 ( 190.6093 64.3907 7 )
			//%RoomTrackReinforcedSector.0 ( CENTER_X CENTER_Y RADIUS )
	%%END SETUP_INFORMATION
	%%BEGIN RECORD_FORMAT
		%Sample.0 ( FrameCount 1msTimeStamp RoomX RoomY Sectors State Flags FrameInfo )
			//Sectors indicate if the object is in a target. Number is binary coded. Sectors = 0: no target, Sectors = 1: room target, Sectors: = 2 arena target, Sectors: = 3 room and arena target
			////State indicates the Watermaze State: OutsideTarget = 0, EntranceLatency = 1, InsideTarget = 3, OutsideRefractory = 4, BadSpot = 5
			//FrameInfo indicates succesfuly tracked spots: ReferencePoint * 2^0 + Spot0 * 2^(1+0) + Spot1 * 2^(1+1) + Spot2 * 2^(1+2) .... 
	%%END RECORD_FORMAT
%%END_HEADER
1	60	205	209	0	0	*	2
2	100	206	209	0	0	*	2
3	140	205	209	0	0	*	2
4	180	205	209	0	0	*	2
5	220	205	208	0	0	*	2
6	260	204	207	0	0	*	2
7	300	204	206	0	0	*	2
8	340	203	206	0	0	*	2
9	380	202	206	0	0	*	2
10	420	201	205	0	0	*	2
11	460	200	205	0	0	*	2
12	500	199	205	0	0	*	2
13	540	197	204	0	0	*	2
14	580	195	203	0	0	*	2
15	620	194	202	0	0	*	2
16	660	192	202	0	0	*	2
17	700	191	202	0	0	*	2
18	740	189	201	0	0	*	2
19	780	188	201	0	0	*	2
20	820	186	201	0	0	*	2
21	860	184	200	0	0	*	2
22	900	182	200	0	0	*	2
23	940	181	200	0	0	*	2
24	980	179	199	0	0	*	2
25	1020	177	199	0	0	*	2
26	1060	175	199	0	0	*	2
27	1100	172	198	0	0	*	2
28	1140	170	198	0	0	*	2
29	1180	169	197	0	0	*	2
30	1220	166	197	0	0	*	2
31	1260	164	196	0	0	*	2
32	1300	162	196	0	0	*	2
33	1340	160	195	0	0	*	2
34	1380	158	195	0	0	*	2
35	1420	156	194	0	0	*	2
36	1460	153	194	0	0	*	2
37	1500	151	193	0	0	*	2
38	1540	149	193	0	0	*	2
39	1580	146	192	0	0	*	2
40	1620	145	191	0	0	*	2
41	1660	143	191	0	0	*	2
42	1700	140	191	0	0	*	2
43	1740	139	190	0	0	*	2
44	1780	136	190	0	0	*	2
45	1820	134	189	0	0	*	2
46	1860	132	189	0	0	*	2
47	1900	129	189	0	0	*	2
48	1940	127	189	0	0	*	2
49	1980	125	188	0	0	*	2
50	2020	122	188	0	0	*	2
51	2060	121	188	0	0	*	2
52	2100	118	188	0	0	*	2
53	2140	116	188	0	0	*	2
54	2180	113	188	0	0	*	2
55	2220	111	187	0	0	*	2
56	2260	109	188	0	0	*	2
57	2300	106	188	0	0	*	2
58	2340	104	188	0	0	*	2
59	2380	100	188	0	0	*	2
60	2420	97	188	0	0	*	2
61	2460	96	188	0	0	*	2
62	2500	93	189	0	0	*	2
63	2540	91	189	0	0	*	2
64	2580	89	189	0	0	*	2
65	2620	87	189	0	0	*	2
66	2660	85	190	0	0	*	2
67	2700	82	190	0	0	*	2
68	2740	80	190	0	0	*	2
69	2780	78	190	0	0	*	2
70	2820	75	191	0	0	*	2
71	2860	73	191	0	0	*	2
72	2900	72	191	0	0	*	2
73	2940	69	192	0	0	*	2
74	2980	67	192	0	0	*	2
75	3020	65	192	0	0	*	2
76	3060	63	193	0	0	*	2
77	3100	61	193	0	0	*	2
78	3140	59	194	0	0	*	2
79	3180	57	194	0	0	*	2
80	3220	54	194	0	0	*	2
81	3260	51	194	0	0	*	2
82	3300	49	194	0	0	*	2
83	3340	47	195	0	0	*	2
84	3380	45	195	0	0	*	2
85	3420	43	195	0	0	*	2
86	3460	40	195	0	0	*	2
87	3500	37	196	0	0	*	2
88	3540	36	196	0	0	*	2
89	3580	34	196	0	0	*	2
90	3620	33	195	0	0	*	2
91	3660	32	195	0	0	*	2
92	3700	30	194	0	0	*	2
93	3740	28	193	0	0	*	2
94	3780	27	192	0	0	*	2
95	3820	27	191	0	0	*	2
96	3860	26	190	0	0	*	2
97	3900	26	189	0	0	*	2
98	3940	25	188	0	0	*	2
99	3980	24	187	0	0	*	2
100	4020	24	186	0	0	*	2
101	4060	23	185	0	0	*	2
102	4100	22	184	0	0	*	2
103	4140	22	182	0	0	*	2
104	4180	22	181	0	0	*	2
105	4220	20	179	0	0	*	2
106	4260	20	177	0	0	*	2
107	4300	19	176	0	0	*	2
108	4340	19	174	0	0	*	2
109	4380	18	172	0	0	*	2
110	4420	17	170	0	0	*	2
111	4460	16	169	0	0	*	2
112	4500	16	167	0	0	*	2
113	4540	15	164	0	0	*	2
114	4580	15	163	0	0	*	2
115	4620	14	161	0	0	*	2
116	4660	13	159	0	0	*	2
117	4700	13	157	0	0	*	2
118	4740	13	155	0	0	*	2
119	4780	12	153	0	0	*	2
120	4820	12	151	0	0	*	2
121	4860	12	149	0	0	*	2
122	4900	12	148	0	0	*	2
123	4940	12	145	0	0	*	2
124	4980	11	143	0	0	*	2
125	5020	11	141	0	0	*	2
126	5060	11	139	0	0	*	2
127	5100	11	138	0	0	*	2
128	5140	11	135	0	0	*	2
129	5180	11	133	0	0	*	2
130	5220	11	131	0	0	*	2
131	5260	12	128	0	0	*	2
132	5300	12	127	0	0	*	2
133	5340	12	124	0	0	*	2
134	5380	13	122	0	0	*	2
135	5420	13	119	0	0	*	2
136	5460	14	116	0	0	*	2
137	5500	16	115	0	0	*	2
138	5540	15	113	0	0	*	2
139	5580	16	110	0	0	*	2
140	5620	17	108	0	0	*	2
141	5660	17	106	0	0	*	2
142	5700	18	103	0	0	*	2
143	5740	19	102	0	0	*	2
144	5780	19	100	0	0	*	2
145	5820	20	97	0	0	*	2
146	5860	21	95	0	0	*	2
147	5900	21	93	0	0	*	2
148	5940	21	91	0	0	*	2
149	5980	22	90	0	0	*	2
150	6020	24	87	0	0	*	2
151	6060	24	85	0	0	*	2
152	6100	25	83	0	0	*	2
153	6140	25	81	0	0	*	2
154	6180	25	80	0	0	*	2
155	6220	27	78	0	0	*	2
156	6260	28	76	0	0	*	2
157	6300	30	74	0	0	*	2
158	6340	32	72	0	0	*	2
159	6380	32	70	0	0	*	2
160	6420	34	69	0	0	*	2
161	6460	36	67	0	0	*	2
162	6500	37	66	0	0	*	2
163	6540	38	64	0	0	*	2
164	6580	40	62	0	0	*	2
165	6620	41	61	0	0	*	2
166	6660	43	60	0	0	*	2
167	6700	45	58	0	0	*	2
168	6740	46	57	0	0	*	2
169	6780	48	55	0	0	*	2
170	6820	49	54	0	0	*	2
171	6860	51	53	0	0	*	2
172	6900	53	51	0	0	*	2
173	6940	54	50	0	0	*	2
174	6980	56	48	0	0	*	2
175	7020	58	46	0	0	*	2
176	7060	59	46	0	0	*	2
177	7100	61	45	0	0	*	2
178	7140	62	44	0	0	*	2
179	7180	64	42	0	0	*	2
180	7220	66	40	0	0	*	2
181	7260	68	39	0	0	*	2
182	7300	70	37	0	0	*	2
183	7340	73	36	0	0	*	2
184	7380	74	35	0	0	*	2
185	7420	75	34	0	0	*	2
186	7460	77	33	0	0	*	2
187	7500	78	33	0	0	*	2
188	7540	81	32	0	0	*	2
189	7580	84	30	0	0	*	2
190	7620	86	29	0	0	*	2
191	7660	88	28	0	0	*	2
192	7700	89	28	0	0	*	2
193	7740	90	27	0	0	*	2
194	7780	94	27	0	0	*	2
195	7820	96	26	0	0	*	2
196	7860	97	26	0	0	*	2
197	7900	99	25	0	0	*	2
198	7940	101	25	0	0	*	2
199	7980	103	25	0	0	*	2
200	8020	105	25	0	0	*	2
201	8060	107	25	0	0	*	2
202	8100	109	25	0	0	*	2
203	8140	110	25	0	0	*	2
204	8180	112	25	0	0	*	2
205	8220	118	26	0	0	*	2
206	8260	118	25	0	0	*	2
207	8300	119	26	0	0	*	2
208	8340	121	26	0	0	*	2
209	8380	122	26	0	0	*	2
210	8420	125	27	0	0	*	2
211	8460	127	28	0	0	*	2
212	8500	129	28	0	0	*	2
213	8540	130	28	0	0	*	2
214	8580	132	29	0	0	*	2
215	8620	134	30	0	0	*	2
216	8660	136	30	0	0	*	2
217	8700	138	31	0	0	*	2
218	8740	140	31	0	0	*	2
219	8780	141	32	0	0	*	2
220	8820	143	33	0	0	*	2
221	8860	146	34	0	0	*	2
222	8900	148	35	0	0	*	2
223	8940	149	36	0	0	*	2
224	8980	151	37	0	0	*	2
225	9020	153	37	0	0	*	2
226	9060	155	38	0	0	*	2
227	9100	157	39	0	0	*	2
228	9140	158	40	0	0	*	2
229	9180	160	42	0	0	*	2
230	9220	162	43	0	0	*	2
231	9260	164	44	0	0	*	2
232	9300	167	46	0	0	*	2
233	9340	168	47	0	0	*	2
234	9380	170	49	0	0	*	2
235	9420	172	50	0	0	*	2
236	9460	172	50	0	0	*	2
237	9500	178	56	0	0	*	2
238	9540	176	55	0	0	*	2
239	9580	177	56	0	0	*	2
240	9620	179	57	0	0	*	2
241	9660	179	58	0	0	*	2
242	9700	182	63	0	0	*	2
243	9740	182	65	0	1	*	2
244	9780	182	66	0	1	*	2
245	9820	182	67	0	1	*	2
246	9860	182	65	0	0	*	2
247	9900	180	65	0	0	*	2
248	9940	181	67	0	0	*	2
249	9980	180	68	0	0	*	2
250	10020	181	69	0	0	*	2
251	10060	181	70	0	0	*	2
252	10100	181	71	0	0	*	2
253	10140	181	73	0	0	*	2
254	10180	181	74	0	0	*	2
255	10220	182	75	0	0	*	2
256	10260	182	77	0	0	*	2
257	10300	182	79	0	0	*	2
258	10340	183	81	0	0	*	2
259	10380	184	83	0	0	*	2
260	10420	183	83	0	0	*	2
261	10460	184	85	0	0	*	2
262	10500	184	86	0	0	*	2
263	10540	185	90	0	0	*	2
264	10580	186	92	0	0	*	2
265	10620	185	92	0	0	*	2
266	10660	185	93	0	0	*	2
267	10700	186	95	0	0	*	2
268	10740	186	98	0	0	*	2
269	10780	187	100	0	0	*	2
270	10820	188	105	0	0	*	2
271	10860	187	103	0	0	*	2
272	10900	188	105	0	0	*	2
273	10940	188	106	0	0	*	2
274	10980	188	110	0	0	*	2
275	11020	189	113	0	0	*	2
276	11060	189	113	0	0	*	2
277	11100	190	114	0	0	*	2
278	11140	190	116	0	0	*	2
279	11180	190	118	0	0	*	2
280	11220	191	120	0	0	*	2
281	11260	191	122	0	0	*	2
282	11300	191	124	0	0	*	2
283	11340	192	126	0	0	*	2
284	11380	192	128	0	0	*	2
285	11420	193	132	0	0	*	2
286	11460	194	138	0	0	*	2
287	11500	194	134	0	0	*	2
288	11540	194	136	0	0	*	2
289	11580	194	138	0	0	*	2
290	11620	194	139	0	0	*	2
291	11660	195	142	0	0	*	2
292	11700	195	143	0	0	*	2
293	11740	196	145	0	0	*	2
294	11780	196	147	0	0	*	2
295	11820	197	149	0	0	*	2
296	11860	197	153	0	0	*	2
297	11900	198	156	0	0	*	2
298	11940	198	156	0	0	*	2
299	11980	198	157	0	0	*	2
300	12020	199	159	0	0	*	2
301	12060	199	161	0	0	*	2
302	12100	199	163	0	0	*	2
303	12140	200	165	0	0	*	2
304	12180	200	167	0	0	*	2
305	12220	200	169	0	0	*	2
306	12260	201	170	0	0	*	2
307	12300	201	174	0	0	*	2
308	12340	202	176	0	0	*	2
309	12380	202	177	0	0	*	2
310	12420	202	179	0	0	*	2
311	12460	203	181	0	0	*	2
312	12500	203	183	0	0	*	2
313	12540	203	185	0	0	*	2
314	12580	203	187	0	0	*	2
315	12620	204	189	0	0	*	2
316	12660	204	191	0	0	*	2
317	12700	204	192	0	0	*	2
318	12740	204	195	0	0	*	2
319	12780	204	198	0	0	*	2
320	12820	205	200	0	0	*	2
321	12860	205	201	0	0	*	2
322	12900	205	203	0	0	*	2
323	12940	205	205	0	0	*	2
324	12980	204	207	0	0	*	2
325	13020	204	209	0	0	*	2
326	13060	204	211	0	0	*	2
327	13100	204	212	0	0	*	2
328	13140	204	214	0	0	*	2
329	13180	203	215	0	0	*	2
330	13220	203	217	0	0	*	2
331	13260	202	218	0	0	*	2
332	13300	201	220	0	0	*	2
333	13340	200	221	0	0	*	2
334	13380	200	222	0	0	*	2
335	13420	199	222	0	0	*	2
336	13460	198	223	0	0	*	2
337	13500	196	224	0	0	*	2
338	13540	194	225	0	0	*	2
339	13580	192	226	0	0	*	2
340	13620	191	227	0	0	*	2
341	13660	189	227	0	0	*	2
342	13700	188	228	0	0	*	2
343	13740	186	228	0	0	*	2
344	13780	184	228	0	0	*	2
345	13820	183	229	0	0	*	2
346	13860	181	229	0	0	*	2
347	13900	180	229	0	0	*	2
348	13940	178	230	0	0	*	2
349	13980	176	230	0	0	*	2
350	14020	174	231	0	0	*	2
351	14060	172	231	0	0	*	2
352	14100	170	232	0	0	*	2
353	14140	168	232	0	0	*	2
354	14180	166	233	0	0	*	2
355	14220	165	233	0	0	*	2
356	14260	162	234	0	0	*	2
357	14300	161	234	0	0	*	2
358	14340	158	235	0	0	*	2
359	14380	156	236	0	0	*	2
360	14420	155	236	0	0	*	2
361	14460	152	236	0	0	*	2
362	14500	150	237	0	0	*	2
363	14540	148	237	0	0	*	2
364	14580	146	238	0	0	*	2
365	14620	145	238	0	0	*	2
366	14660	142	238	0	0	*	2
367	14700	139	239	0	0	*	2
368	14740	138	239	0	0	*	2
369	14780	136	239	0	0	*	2
370	14820	134	240	0	0	*	2
371	14860	132	240	0	0	*	2
372	14900	129	240	0	0	*	2
373	14940	127	240	0	0	*	2
374	14980	125	241	0	0	*	2
375	15020	122	241	0	0	*	2
376	15060	121	241	0	0	*	2
377	15100	118	241	0	0	*	2
378	15140	115	241	0	0	*	2
379	15180	112	242	0	0	*	2
380	15220	110	242	0	0	*	2
381	15260	108	242	0	0	*	2
382	15300	108	242	0	0	*	2
383	15340	105	242	0	0	*	2
384	15380	103	241	0	0	*	2
385	15420	99	241	0	0	*	2
386	15460	98	241	0	0	*	2
387	15500	96	241	0	0	*	2
388	15540	94	241	0	0	*	2
389	15580	92	240	0	0	*	2
390	15620	91	240	0	0	*	2
391	15660	89	239	0	0	*	2
392	15700	87	239	0	0	*	2
393	15740	85	238	0	0	*	2
394	15780	84	237	0	0	*	2
395	15820	82	237	0	0	*	2
396	15860	80	236	0	0	*	2
397	15900	78	235	0	0	*	2
398	15940	76	234	0	0	*	2
399	15980	74	233	0	0	*	2
400	16020	73	232	0	0	*	2
401	16060	71	232	0	0	*	2
402	16100	69	231	0	0	*	2
403	16140	68	230	0	0	*	2
404	16180	66	229	0	0	*	2
405	16220	64	227	0	0	*	2
406	16260	62	226	0	0	*	2
407	16300	61	225	0	0	*	2
408	16340	59	224	0	0	*	2
409	16380	58	222	0	0	*	2
410	16420	56	221	0	0	*	2
411	16460	54	220	0	0	*	2
412	16500	53	218	0	0	*	2
413	16540	51	217	0	0	*	2
414	16580	49	216	0	0	*	2
415	16620	49	215	0	0	*	2
416	16660	47	213	0	0	*	2
417	16700	45	212	0	0	*	2
418	16740	43	210	0	0	*	2
419	16780	42	209	0	0	*	2
420	16820	40	208	0	0	*	2
421	16860	39	207	0	0	*	2
422	16900	37	206	0	0	*	2
423	16940	36	204	0	0	*	2
424	16980	35	203	0	0	*	2
425	17020	33	201	0	0	*	2
426	17060	32	200	0	0	*	2
427	17100	31	199	0	0	*	2
428	17140	30	197	0	0	*	2
429	17180	29	196	0	0	*	2
430	17220	27	194	0	0	*	2
431	17260	26	192	0	0	*	2
432	17300	25	191	0	0	*	2
433	17340	24	190	0	0	*	2
434	17380	24	188	0	0	*	2
435	17420	23	186	0	0	*	2
436	17460	22	185	0	0	*	2
437	17500	21	183	0	0	*	2
438	17540	20	182	0	0	*	2
439	17580	19	180	0	0	*	2
440	17620	18	178	0	0	*	2
441	17660	17	177	0	0	*	2
442	17700	17	175	0	0	*	2
443	17740	16	173	0	0	*	2
444	17780	15	172	0	0	*	2
445	17820	14	170	0	0	*	2
446	17860	14	168	0	0	*	2
447	17900	13	167	0	0	*	2
448	17940	12	165	0	0	*	2
449	17980	12	163	0	0	*	2
450	18020	12	162	0	0	*	2
451	18060	11	160	0	0	*	2
452	18100	11	158	0	0	*	2
453	18140	10	157	0	0	*	2
454	18180	9	155	0	0	*	2
455	18220	9	153	0	0	*	2
456	18260	9	151	0	0	*	2
457	18300	8	150	0	0	*	2
458	18340	8	148	0	0	*	2
459	18380	7	146	0	0	*	2
460	18420	7	144	0	0	*	2
461	18460	7	142	0	0	*	2
462	18500	6	140	0	0	*	2
463	18540	6	139	0	0	*	2
464	18580	6	137	0	0	*	2
465	18620	6	135	0	0	*	2
466	18660	6	133	0	0	*	2
467	18700	5	132	0	0	*	2
468	18740	5	130	0	0	*	2
469	18780	6	128	0	0	*	2
470	18820	6	126	0	0	*	2
471	18860	5	124	0	0	*	2
472	18900	5	122	0	0	*	2
473	18940	6	121	0	0	*	2
474	18980	6	119	0	0	*	2
475	19020	6	117	0	0	*	2
476	19060	6	116	0	0	*	2
477	19100	6	114	0	0	*	2
478	19140	6	112	0	0	*	2
479	19180	6	110	0	0	*	2
480	19220	7	109	0	0	*	2
481	19260	7	107	0	0	*	2
482	19300	7	105	0	0	*	2
483	19340	8	103	0	0	*	2
484	19380	8	101	0	0	*	2
485	19420	8	99	0	0	*	2
486	19460	9	97	0	0	*	2
487	19500	9	95	0	0	*	2
488	19540	10	93	0	0	*	2
489	19580	10	92	0	0	*	2
490	19620	11	90	0	0	*	2
491	19660	11	88	0	0	*	2
492	19700	12	87	0	0	*	2
493	19740	12	84	0	0	*	2
494	19780	13	82	0	0	*	2
495	19820	14	81	0	0	*	2
496	19860	14	79	0	0	*	2
497	19900	15	78	0	0	*	2
498	19940	16	76	0	0	*	2
499	19980	17	74	0	0	*	2
500	20020	17	72	0	0	*	2
501	20060	18	71	0	0	*	2
502	20100	19	69	0	0	*	2
503	20140	20	68	0	0	*	2
504	20180	21	66	0	0	*	2
505	20220	22	64	0	0	*	2
506	20260	23	62	0	0	*	2
507	20300	24	61	0	0	*	2
508	20340	25	59	0	0	*	2
509	20380	26	58	0	0	*	2
510	20420	27	56	0	0	*	2
511	20460	28	54	0	0	*	2
512	20500	29	53	0	0	*	2
513	20540	30	51	0	0	*	2
514	20580	32	50	0	0	*	2
515	20620	33	48	0	0	*	2
516	20660	34	47	0	0	*	2
517	20700	35	46	0	0	*	2
518	20740	36	45	0	0	*	2
519	20780	37	43	0	0	*	2
520	20820	38	42	0	0	*	2
521	20860	40	40	0	0	*	2
522	20900	41	39	0	0	*	2
523	20940	42	38	0	0	*	2
524	20980	44	37	0	0	*	2
525	21020	45	35	0	0	*	2
526	21060	47	34	0	0	*	2
527	21100	48	33	0	0	*	2
528	21140	49	31	0	0	*	2
529	21180	51	30	0	0	*	2
530	21220	52	29	0	0	*	2
531	21260	54	28	0	0	*	2
532	21300	55	27	0	0	*	2
533	21340	57	25	0	0	*	2
534	21380	58	24	0	0	*	2
535	21420	60	23	0	0	*	2
536	21460	61	23	0	0	*	2
537	21500	63	22	0	0	*	2
538	21540	64	21	0	0	*	2
539	21580	66	20	0	0	*	2
540	21620	68	19	0	0	*	2
541	21660	69	18	0	0	*	2
542	21700	71	17	0	0	*	2
543	21740	73	17	0	0	*	2
544	21780	74	16	0	0	*	2
545	21820	76	15	0	0	*	2
546	21860	78	14	0	0	*	2
547	21900	80	14	0	0	*	2
548	21940	81	13	0	0	*	2
549	21980	83	12	0	0	*	2
550	22020	85	11	0	0	*	2
551	22060	86	11	0	0	*	2
552	22100	88	10	0	0	*	2
553	22140	89	10	0	0	*	2
554	22180	91	9	0	0	*	2
555	22220	93	9	0	0	*	2
556	22260	95	8	0	0	*	2
557	22300	97	7	0	0	*	2
558	22340	97	7	0	0	*	2
559	22380	100	6	0	0	*	2
560	22420	101	6	0	0	*	2
561	22460	103	6	0	0	*	2
562	22500	104	5	0	0	*	2
563	22540	106	5	0	0	*	2
564	22580	108	5	0	0	*	2
565	22620	109	5	0	0	*	2
566	22660	111	4	0	0	*	2
567	22700	113	4	0	0	*	2
568	22740	115	4	0	0	*	2
569	22780	116	4	0	0	*	2
570	22820	118	4	0	0	*	2
571	22860	120	3	0	0	*	2
572	22900	121	3	0	0	*	2
573	22940	123	3	0	0	*	2
574	22980	124	3	0	0	*	2
575	23020	126	3	0	0	*	2
576	23060	128	3	0	0	*	2
577	23100	130	3	0	0	*	2
578	23140	131	3	0	0	*	2
579	23180	134	3	0	0	*	2
580	23220	135	3	0	0	*	2
581	23260	136	3	0	0	*	2
582	23300	139	4	0	0	*	2
583	23340	140	4	0	0	*	2
584	23380	141	4	0	0	*	2
585	23420	144	4	0	0	*	2
586	23460	145	4	0	0	*	2
587	23500	147	5	0	0	*	2
588	23540	148	5	0	0	*	2
589	23580	150	5	0	0	*	2
590	23620	152	6	0	0	*	2
591	23660	153	6	0	0	*	2
592	23700	155	7	0	0	*	2
593	23740	157	7	0	0	*	2
594	23780	158	8	0	0	*	2
595	23820	160	8	0	0	*	2
596	23860	162	8	0	0	*	2
597	23900	163	9	0	0	*	2
598	23940	165	9	0	0	*	2
599	23980	167	10	0	0	*	2
600	24020	168	10	0	0	*	2
601	24060	170	11	0	0	*	2
602	24100	171	12	0	0	*	2
603	24140	173	12	0	0	*	2
604	24180	174	13	0	0	*	2
605	24220	176	14	0	0	*	2
606	24260	177	14	0	0	*	2
607	24300	180	15	0	0	*	2
608	24340	181	16	0	0	*	2
609	24380	182	16	0	0	*	2
610	24420	184	17	0	0	*	2
611	24460	185	18	0	0	*	2
612	24500	187	19	0	0	*	2
613	24540	189	20	0	0	*	2
614	24580	190	21	0	0	*	2
615	24620	192	22	0	0	*	2
616	24660	193	23	0	0	*	2
617	24700	194	23	0	0	*	2
618	24740	197	24	0	0	*	2
619	24780	198	25	0	0	*	2
620	24820	199	26	0	0	*	2
621	24860	201	27	0	0	*	2
622	24900	202	29	0	0	*	2
623	24940	204	29	0	0	*	2
624	24980	205	31	0	0	*	2
625	25020	206	32	0	0	*	2
626	25060	207	33	0	0	*	2
627	25100	208	34	0	0	*	2
628	25140	210	36	0	0	*	2
629	25180	211	37	0	0	*	2
630	25220	213	38	0	0	*	2
631	25260	214	39	0	0	*	2
632	25300	215	41	0	0	*	2
633	25340	217	42	0	0	*	2
634	25380	218	44	0	0	*	2
635	25420	219	45	0	0	*	2
636	25460	220	46	0	0	*	2
637	25500	222	47	0	0	*	2
638	25540	223	49	0	0	*	2
639	25580	224	51	0	0	*	2
640	25620	225	52	0	0	*	2
641	25660	226	53	0	0	*	2
642	25700	227	55	0	0	*	2
643	25740	229	56	0	0	*	2
644	25780	230	58	0	0	*	2
645	25820	231	60	0	0	*	2
646	25860	231	61	0	0	*	2
647	25900	232	63	0	0	*	2
648	25940	233	64	0	0	*	2
649	25980	234	66	0	0	*	2
650	26020	235	68	0	0	*	2
651	26060	236	69	0	0	*	2
652	26100	237	70	0	0	*	2
653	26140	238	72	0	0	*	2
654	26180	239	74	0	0	*	2
655	26220	239	76	0	0	*	2
656	26260	240	77	0	0	*	2
657	26300	241	78	0	0	*	2
658	26340	241	79	0	0	*	2
659	26380	242	81	0	0	*	2
660	26420	243	83	0	0	*	2
661	26460	243	85	0	0	*	2
662	26500	243	86	0	0	*	2
663	26540	244	88	0	0	*	2
664	26580	245	90	0	0	*	2
665	26620	245	92	0	0	*	2
666	26660	246	94	0	0	*	2
667	26700	246	95	0	0	*	2
668	26740	247	97	0	0	*	2
669	26780	247	99	0	0	*	2
670	26820	247	101	0	0	*	2
671	26860	248	103	0	0	*	2
672	26900	248	105	0	0	*	2
673	26940	249	106	0	0	*	2
674	26980	249	108	0	0	*	2
675	27020	249	110	0	0	*	2
676	27060	249	112	0	0	*	2
677	27100	249	114	0	0	*	2
678	27140	250	116	0	0	*	2
679	27180	250	117	0	0	*	2
680	27220	250	119	0	0	*	2
681	27260	250	121	0	0	*	2
682	27300	250	123	0	0	*	2
683	27340	250	125	0	0	*	2
684	27380	250	126	0	0	*	2
685	27420	250	128	0	0	*	2
686	27460	250	130	0	0	*	2
687	27500	250	132	0	0	*	2
688	27540	250	134	0	0	*	2
689	27580	250	135	0	0	*	2
690	27620	249	137	0	0	*	2
691	27660	249	139	0	0	*	2
692	27700	249	140	0	0	*	2
693	27740	249	142	0	0	*	2
694	27780	248	144	0	0	*	2
695	27820	248	145	0	0	*	2
696	27860	248	147	0	0	*	2
697	27900	247	149	0	0	*	2
698	27940	247	150	0	0	*	2
699	27980	246	153	0	0	*	2
700	28020	246	155	0	0	*	2
701	28060	246	156	0	0	*	2
702	28100	245	157	0	0	*	2
703	28140	245	159	0	0	*	2
704	28180	244	161	0	0	*	2
705	28220	244	162	0	0	*	2
706	28260	243	164	0	0	*	2
707	28300	243	165	0	0	*	2
708	28340	243	167	0	0	*	2
709	28380	242	169	0	0	*	2
710	28420	241	170	0	0	*	2
711	28460	240	172	0	0	*	2
712	28500	240	173	0	0	*	2
713	28540	239	175	0	0	*	2
714	28580	238	177	0	0	*	2
715	28620	238	178	0	0	*	2
716	28660	237	180	0	0	*	2
717	28700	236	181	0	0	*	2
718	28740	235	183	0	0	*	2
719	28780	234	184	0	0	*	2
720	28820	233	186	0	0	*	2
721	28860	232	187	0	0	*	2
722	28900	231	189	0	0	*	2
723	28940	231	190	0	0	*	2
724	28980	230	191	0	0	*	2
725	29020	229	193	0	0	*	2
726	29060	228	194	0	0	*	2
727	29100	227	196	0	0	*	2
728	29140	226	197	0	0	*	2
729	29180	225	198	0	0	*	2
730	29220	224	200	0	0	*	2
731	29260	223	201	0	0	*	2
732	29300	222	202	0	0	*	2
733	29340	221	204	0	0	*	2
734	29380	220	205	0	0	*	2
735	29420	219	206	0	0	*	2
736	29460	218	208	0	0	*	2
737	29500	217	209	0	0	*	2
738	29540	215	210	0	0	*	2
739	29580	214	211	0	0	*	2
740	29620	213	212	0	0	*	2
741	29660	212	213	0	0	*	2
742	29700	210	214	0	0	*	2
743	29740	209	215	0	0	*	2
744	29780	208	217	0	0	*	2
745	29820	206	218	0	0	*	2
746	29860	205	219	0	0	*	2
747	29900	204	220	0	0	*	2
748	29940	203	221	0	0	*	2
749	29980	201	222	0	0	*	2
750	30020	199	223	0	0	*	2
751	30060	198	224	0	0	*	2
752	30100	196	225	0	0	*	2
753	30140	195	226	0	0	*	2
754	30180	194	227	0	0	*	2
755	30220	192	228	0	0	*	2
756	30260	190	229	0	0	*	2
757	30300	189	230	0	0	*	2
758	30340	188	231	0	0	*	2
759	30380	186	232	0	0	*	2
760	30420	184	232	0	0	*	2
761	30460	183	233	0	0	*	2
762	30500	182	234	0	0	*	2
763	30540	180	235	0	0	*	2
764	30580	178	235	0	0	*	2
765	30620	177	236	0	0	*	2
766	30660	175	237	0	0	*	2
767	30700	173	237	0	0	*	2
768	30740	172	238	0	0	*	2
769	30780	170	239	0	0	*	2
770	30820	169	239	0	0	*	2
771	30860	168	240	0	0	*	2
772	30900	166	240	0	0	*	2
773	30940	164	241	0	0	*	2
774	30980	163	241	0	0	*	2
775	31020	161	242	0	0	*	2
776	31060	159	242	0	0	*	2
777	31100	158	243	0	0	*	2
778	31140	157	243	0	0	*	2
779	31180	155	243	0	0	*	2
780	31220	153	244	0	0	*	2
781	31260	151	244	0	0	*	2
782	31300	150	245	0	0	*	2
783	31340	148	245	0	0	*	2
784	31380	146	245	0	0	*	2
785	31420	145	245	0	0	*	2
786	31460	143	246	0	0	*	2
787	31500	142	246	0	0	*	2
788	31540	140	246	0	0	*	2
789	31580	138	246	0	0	*	2
790	31620	136	246	0	0	*	2
791	31660	134	246	0	0	*	2
792	31700	133	247	0	0	*	2
793	31740	131	247	0	0	*	2
794	31780	129	247	0	0	*	2
795	31820	126	246	0	0	*	2
796	31860	125	246	0	0	*	2
797	31900	124	246	0	0	*	2
798	31940	122	246	0	0	*	2
799	31980	120	246	0	0	*	2
800	32020	118	246	0	0	*	2
801	32060	115	245	0	0	*	2
802	32100	114	245	0	0	*	2
803	32140	111	245	0	0	*	2
804	32180	110	245	0	0	*	2
805	32220	109	245	0	0	*	2
806	32260	105	245	0	0	*	2
807	32300	105	244	0	0	*	2
808	32340	104	244	0	0	*	2
809	32380	101	244	0	0	*	2
810	32420	100	243	0	0	*	2
811	32460	98	243	0	0	*	2
812	32500	96	243	0	0	*	2
813	32540	95	242	0	0	*	2
814	32580	94	242	0	0	*	2
815	32620	92	241	0	0	*	2
816	32660	90	241	0	0	*	2
817	32700	88	240	0	0	*	2
818	32740	86	240	0	0	*	2
819	32780	85	239	0	0	*	2
820	32820	84	239	0	0	*	2
821	32860	83	238	0	0	*	2
822	32900	81	238	0	0	*	2
823	32940	80	237	0	0	*	2
824	32980	78	236	0	0	*	2
825	33020	78	236	0	0	*	2
826	33060	76	235	0	0	*	2
827	33100	74	235	0	0	*	2
828	33140	73	234	0	0	*	2
829	33180	71	233	0	0	*	2
830	33220	70	232	0	0	*	2
831	33260	69	232	0	0	*	2
832	33300	67	231	0	0	*	2
833	33340	66	230	0	0	*	2
834	33380	64	229	0	0	*	2
835	33420	63	228	0	0	*	2
836	33460	62	227	0	0	*	2
837	33500	60	226	0	0	*	2
838	33540	59	225	0	0	*	2
839	33580	57	224	0	0	*	2
840	33620	56	223	0	0	*	2
841	33661	55	222	0	0	*	2
842	33700	53	221	0	0	*	2
843	33740	52	220	0	0	*	2
844	33781	51	219	0	0	*	2
845	33820	49	218	0	0	*	2
846	33860	48	216	0	0	*	2
847	33901	47	215	0	0	*	2
848	33941	46	214	0	0	*	2
849	33980	44	213	0	0	*	2
850	34020	43	212	0	0	*	2
851	34060	42	211	0	0	*	2
852	34100	40	209	0	0	*	2
853	34141	39	209	0	0	*	2
854	34181	37	207	0	0	*	2
855	34220	36	206	0	0	*	2
856	34261	36	205	0	0	*	2
857	34301	34	203	0	0	*	2
858	34341	33	202	0	0	*	2
859	34381	32	201	0	0	*	2
860	34421	31	199	0	0	*	2
861	34461	30	198	0	0	*	2
862	34501	29	197	0	0	*	2
863	34541	28	195	0	0	*	2
864	34581	27	194	0	0	*	2
865	34621	26	193	0	0	*	2
866	34661	25	191	0	0	*	2
867	34701	24	190	0	0	*	2
868	34741	24	188	0	0	*	2
869	34781	23	187	0	0	*	2
870	34821	22	185	0	0	*	2
871	34861	21	184	0	0	*	2
872	34901	20	183	0	0	*	2
873	34941	20	181	0	0	*	2
874	34981	19	180	0	0	*	2
875	35021	18	178	0	0	*	2
876	35061	17	177	0	0	*	2
877	35101	17	175	0	0	*	2
878	35141	16	174	0	0	*	2
879	35181	15	173	0	0	*	2
880	35221	15	171	0	0	*	2
881	35261	14	169	0	0	*	2
882	35301	13	167	0	0	*	2
883	35341	13	166	0	0	*	2
884	35381	12	164	0	0	*	2
885	35421	12	162	0	0	*	2
886	35461	12	161	0	0	*	2
887	35501	11	160	0	0	*	2
888	35541	11	158	0	0	*	2
889	35581	10	157	0	0	*	2
890	35621	10	155	0	0	*	2
891	35661	9	153	0	0	*	2
892	35701	9	151	0	0	*	2
893	35741	9	150	0	0	*	2
894	35781	8	148	0	0	*	2
895	35821	8	147	0	0	*	2
896	35861	7	145	0	0	*	2
897	35901	7	143	0	0	*	2
898	35941	7	141	0	0	*	2
899	35981	7	140	0	0	*	2
900	36021	6	139	0	0	*	2
901	36061	6	137	0	0	*	2
902	36101	6	135	0	0	*	2
903	36141	6	134	0	0	*	2
904	36181	6	132	0	0	*	2
905	36221	6	130	0	0	*	2
906	36261	5	129	0	0	*	2
907	36301	5	127	0	0	*	2
908	36341	5	125	0	0	*	2
909	36381	5	123	0	0	*	2
910	36421	6	122	0	0	*	2
911	36461	6	120	0	0	*	2
912	36501	6	118	0	0	*	2
913	36541	6	117	0	0	*	2
914	36581	6	115	0	0	*	2
915	36621	6	114	0	0	*	2
916	36661	6	112	0	0	*	2
917	36701	6	111	0	0	*	2
918	36741	7	109	0	0	*	2
919	36781	7	107	0	0	*	2
920	36821	7	105	0	0	*	2
921	36861	8	104	0	0	*	2
922	36901	8	102	0	0	*	2
923	36941	8	101	0	0	*	2
924	36981	9	99	0	0	*	2
925	37021	9	97	0	0	*	2
926	37061	9	96	0	0	*	2
927	37101	10	94	0	0	*	2
928	37141	10	93	0	0	*	2
929	37181	11	92	0	0	*	2
930	37221	11	90	0	0	*	2
931	37261	12	88	0	0	*	2
932	37301	12	87	0	0	*	2
933	37341	13	85	0	0	*	2
934	37381	13	83	0	0	*	2
935	37421	14	82	0	0	*	2
936	37461	14	80	0	0	*	2
937	37501	15	79	0	0	*	2
938	37541	16	77	0	0	*	2
939	37581	16	76	0	0	*	2
940	37621	17	74	0	0	*	2
941	37661	18	73	0	0	*	2
942	37701	19	71	0	0	*	2
943	37741	19	70	0	0	*	2
944	37781	20	68	0	0	*	2
945	37821	21	67	0	0	*	2
946	37861	22	66	0	0	*	2
947	37901	23	64	0	0	*	2
948	37941	24	62	0	0	*	2
949	37981	24	61	0	0	*	2
950	38021	25	59	0	0	*	2
951	38061	26	58	0	0	*	2
952	38101	27	56	0	0	*	2
953	38141	28	55	0	0	*	2
954	38181	29	54	0	0	*	2
955	38221	30	52	0	0	*	2
956	38261	31	51	0	0	*	2
957	38301	32	50	0	0	*	2
958	38341	33	48	0	0	*	2
959	38381	34	47	0	0	*	2
960	38421	35	46	0	0	*	2
961	38461	36	45	0	0	*	2
962	38501	37	44	0	0	*	2
963	38541	38	43	0	0	*	2
964	38581	39	41	0	0	*	2
965	38621	41	40	0	0	*	2
966	38661	42	39	0	0	*	2
967	38701	43	38	0	0	*	2
968	38741	44	36	0	0	*	2
969	38781	46	35	0	0	*	2
970	38821	47	34	0	0	*	2
971	38861	48	33	0	0	*	2
972	38901	49	32	0	0	*	2
973	38941	50	31	0	0	*	2
974	38981	51	30	0	0	*	2
975	39021	53	29	0	0	*	2
976	39061	54	28	0	0	*	2
977	39101	55	27	0	0	*	2
978	39141	57	26	0	0	*	2
979	39181	58	25	0	0	*	2
980	39221	60	24	0	0	*	2
981	39261	61	23	0	0	*	2
982	39301	62	23	0	0	*	2
983	39341	64	21	0	0	*	2
984	39381	65	20	0	0	*	2
985	39421	67	20	0	0	*	2
986	39461	69	19	0	0	*	2
987	39501	70	18	0	0	*	2
988	39541	71	17	0	0	*	2
989	39581	73	16	0	0	*	2
990	39621	74	16	0	0	*	2
991	39661	75	15	0	0	*	2
992	39701	77	15	0	0	*	2
993	39741	78	14	0	0	*	2
994	39781	80	13	0	0	*	2
995	39821	81	13	0	0	*	2
996	39861	83	12	0	0	*	2
997	39901	84	12	0	0	*	2
998	39941	86	11	0	0	*	2
999	39981	87	10	0	0	*	2
1000	40021	89	10	0	0	*	2
1001	40061	91	9	0	0	*	2
1002	40101	92	9	0	0	*	2
1003	40141	94	9	0	0	*	2
1004	40181	95	8	0	0	*	2
1005	40221	97	7	0	0	*	2
1006	40261	98	7	0	0	*	2
1007	40301	99	7	0	0	*	2
1008	40341	101	6	0	0	*	2
1009	40381	103	6	0	0	*	2
1010	40421	105	5	0	0	*	2
1011	40461	106	5	0	0	*	2
1012	40501	107	5	0	0	*	2
1013	40541	109	5	0	0	*	2
1014	40581	110	5	0	0	*	2
1015	40621	112	4	0	0	*	2
1016	40661	113	4	0	0	*	2
1017	40701	115	4	0	0	*	2
1018	40741	116	4	0	0	*	2
1019	40781	118	4	0	0	*	2
1020	40821	120	4	0	0	*	2
1021	40861	121	4	0	0	*	2
1022	40901	123	4	0	0	*	2
1023	40941	124	4	0	0	*	2
1024	40981	126	4	0	0	*	2
1025	41021	128	4	0	0	*	2
1026	41061	130	4	0	0	*	2
1027	41101	131	3	0	0	*	2
1028	41141	132	3	0	0	*	2
1029	41181	134	4	0	0	*	2
1030	41221	136	4	0	0	*	2
1031	41261	137	4	0	0	*	2
1032	41301	139	4	0	0	*	2
1033	41341	140	4	0	0	*	2
1034	41381	142	4	0	0	*	2
1035	41421	144	5	0	0	*	2
1036	41461	145	5	0	0	*	2
1037	41501	146	5	0	0	*	2
1038	41541	148	5	0	0	*	2
1039	41581	149	5	0	0	*	2
1040	41621	151	6	0	0	*	2
1041	41661	153	6	0	0	*	2
1042	41701	154	7	0	0	*	2
1043	41741	156	7	0	0	*	2
1044	41781	157	7	0	0	*	2
1045	41821	158	8	0	0	*	2
1046	41861	160	8	0	0	*	2
1047	41901	161	9	0	0	*	2
1048	41941	163	9	0	0	*	2
1049	41981	164	9	0	0	*	2
1050	42021	166	10	0	0	*	2
1051	42061	168	10	0	0	*	2
1052	42101	169	11	0	0	*	2
1053	42141	170	11	0	0	*	2
1054	42181	172	12	0	0	*	2
1055	42221	173	13	0	0	*	2
1056	42261	175	13	0	0	*	2
1057	42301	177	14	0	0	*	2
1058	42341	178	14	0	0	*	2
1059	42381	179	15	0	0	*	2
1060	42421	180	16	0	0	*	2
1061	42461	182	16	0	0	*	2
1062	42501	184	17	0	0	*	2
1063	42541	185	18	0	0	*	2
1064	42581	186	19	0	0	*	2
1065	42621	187	20	0	0	*	2
1066	42661	188	20	0	0	*	2
1067	42701	191	21	0	0	*	2
1068	42741	193	22	0	0	*	2
1069	42781	193	23	0	0	*	2
1070	42821	194	23	0	0	*	2
1071	42861	196	24	0	0	*	2
1072	42901	198	25	0	0	*	2
1073	42941	198	26	0	0	*	2
1074	42981	200	27	0	0	*	2
1075	43021	201	28	0	0	*	2
1076	43061	202	29	0	0	*	2
1077	43101	203	30	0	0	*	2
1078	43141	206	31	0	0	*	2
1079	43181	206	32	0	0	*	2
1080	43221	207	33	0	0	*	2
1081	43261	209	35	0	0	*	2
1082	43301	210	36	0	0	*	2
1083	43341	211	37	0	0	*	2
1084	43381	213	39	0	0	*	2
1085	43421	214	40	0	0	*	2
1086	43461	215	41	0	0	*	2
1087	43501	216	42	0	0	*	2
1088	43541	217	43	0	0	*	2
1089	43581	219	44	0	0	*	2
1090	43621	219	46	0	0	*	2
1091	43661	220	46	0	0	*	2
1092	43701	221	48	0	0	*	2
1093	43741	222	49	0	0	*	2
1094	43781	223	51	0	0	*	2
1095	43821	225	52	0	0	*	2
1096	43861	225	53	0	0	*	2
1097	43901	226	54	0	0	*	2
1098	43941	228	56	0	0	*	2
1099	43981	228	57	0	0	*	2
1100	44021	230	59	0	0	*	2
1101	44061	231	60	0	0	*	2
1102	44101	231	61	0	0	*	2
1103	44141	232	63	0	0	*	2
1104	44181	233	64	0	0	*	2
1105	44221	234	66	0	0	*	2
1106	44261	235	67	0	0	*	2
1107	44301	236	69	0	0	*	2
1108	44341	236	70	0	0	*	2
1109	44381	236	71	0	0	*	2
1110	44421	237	72	0	0	*	2
1111	44461	238	73	0	0	*	2
1112	44501	239	75	0	0	*	2
1113	44541	240	77	0	0	*	2
1114	44581	240	78	0	0	*	2
1115	44621	241	80	0	0	*	2
1116	44661	242	81	0	0	*	2
1117	44701	243	83	0	0	*	2
1118	44741	243	85	0	0	*	2
1119	44781	243	86	0	0	*	2
1120	44821	243	87	0	0	*	2
1121	44861	244	89	0	0	*	2
1122	44901	245	91	0	0	*	2
1123	44941	245	93	0	0	*	2
1124	44981	246	94	0	0	*	2
1125	45021	246	95	0	0	*	2
1126	45061	247	97	0	0	*	2
1127	45101	247	99	0	0	*	2
1128	45141	248	101	0	0	*	2
1129	45181	248	102	0	0	*	2
1130	45221	248	104	0	0	*	2
1131	45261	248	106	0	0	*	2
1132	45301	249	108	0	0	*	2
1133	45341	249	109	0	0	*	2
1134	45381	249	111	0	0	*	2
1135	45421	249	112	0	0	*	2
1136	45461	249	114	0	0	*	2
1137	45501	249	116	0	0	*	2
1138	45541	249	117	0	0	*	2
1139	45581	250	119	0	0	*	2
1140	45621	250	121	0	0	*	2
1141	45661	250	122	0	0	*	2
1142	45701	250	123	0	0	*	2
1143	45741	250	125	0	0	*	2
1144	45781	250	127	0	0	*	2
1145	45821	250	129	0	0	*	2
1146	45861	250	131	0	0	*	2
1147	45901	250	133	0	0	*	2
1148	45941	249	133	0	0	*	2
1149	45981	249	135	0	0	*	2
1150	46021	249	136	0	0	*	2
1151	46061	249	139	0	0	*	2
1152	46101	249	140	0	0	*	2
1153	46141	249	141	0	0	*	2
1154	46181	248	143	0	0	*	2
1155	46221	248	143	0	0	*	2
1156	46261	248	145	0	0	*	2
1157	46301	248	148	0	0	*	2
1158	46341	247	149	0	0	*	2
1159	46381	247	150	0	0	*	2
1160	46421	246	152	0	0	*	2
1161	46461	246	153	0	0	*	2
1162	46501	246	155	0	0	*	2
1163	46541	246	156	0	0	*	2
1164	46581	245	158	0	0	*	2
1165	46621	244	160	0	0	*	2
1166	46661	244	161	0	0	*	2
1167	46701	244	162	0	0	*	2
1168	46741	243	164	0	0	*	2
1169	46781	243	165	0	0	*	2
1170	46821	242	167	0	0	*	2
1171	46861	242	168	0	0	*	2
1172	46901	241	169	0	0	*	2
1173	46941	241	171	0	0	*	2
1174	46981	240	173	0	0	*	2
1175	47021	240	174	0	0	*	2
1176	47061	239	175	0	0	*	2
1177	47101	238	177	0	0	*	2
1178	47141	237	178	0	0	*	2
1179	47181	237	180	0	0	*	2
1180	47221	236	182	0	0	*	2
1181	47261	235	183	0	0	*	2
1182	47301	234	184	0	0	*	2
1183	47341	234	185	0	0	*	2
1184	47381	233	186	0	0	*	2
1185	47421	232	188	0	0	*	2
1186	47461	231	189	0	0	*	2
1187	47501	231	190	0	0	*	2
1188	47541	230	192	0	0	*	2
1189	47581	229	193	0	0	*	2
1190	47621	228	195	0	0	*	2
1191	47661	227	196	0	0	*	2
1192	47701	226	197	0	0	*	2
1193	47741	225	198	0	0	*	2
1194	47781	224	200	0	0	*	2
1195	47821	223	201	0	0	*	2
1196	47861	221	202	0	0	*	2
1197	47901	220	203	0	0	*	2
1198	47941	219	204	0	0	*	2
1199	47981	219	206	0	0	*	2
1200	48021	218	207	0	0	*	2
1201	48061	217	208	0	0	*	2
1202	48101	215	209	0	0	*	2
1203	48141	214	209	0	0	*	2
1204	48181	213	211	0	0	*	2
1205	48221	212	212	0	0	*	2
1206	48261	211	213	0	0	*	2
1207	48301	210	214	0	0	*	2
1208	48341	208	215	0	0	*	2
1209	48381	207	216	0	0	*	2
1210	48421	206	217	0	0	*	2
1211	48461	205	218	0	0	*	2
1212	48501	204	219	0	0	*	2
1213	48541	203	220	0	0	*	2
1214	48581	201	221	0	0	*	2
1215	48621	200	222	0	0	*	2
1216	48661	199	223	0	0	*	2
1217	48701	198	224	0	0	*	2
1218	48741	197	225	0	0	*	2
1219	48781	195	226	0	0	*	2
1220	48821	194	227	0	0	*	2
1221	48861	194	227	0	0	*	2
1222	48901	192	228	0	0	*	2
1223	48941	191	229	0	0	*	2
1224	48981	189	230	0	0	*	2
1225	49021	188	231	0	0	*	2
1226	49061	187	231	0	0	*	2
1227	49101	186	232	0	0	*	2
1228	49141	184	232	0	0	*	2
1229	49181	183	233	0	0	*	2
1230	49221	182	234	0	0	*	2
1231	49261	181	234	0	0	*	2
1232	49301	179	235	0	0	*	2
1233	49341	178	235	0	0	*	2
1234	49381	176	236	0	0	*	2
1235	49421	175	237	0	0	*	2
1236	49461	174	237	0	0	*	2
1237	49501	172	238	0	0	*	2
1238	49541	171	238	0	0	*	2
1239	49581	170	239	0	0	*	2
1240	49621	169	239	0	0	*	2
1241	49661	167	240	0	0	*	2
1242	49701	165	241	0	0	*	2
1243	49741	164	241	0	0	*	2
1244	49781	162	241	0	0	*	2
1245	49821	161	242	0	0	*	2
1246	49861	160	242	0	0	*	2
1247	49901	158	243	0	0	*	2
1248	49941	157	243	0	0	*	2
1249	49981	156	243	0	0	*	2
1250	50021	154	243	0	0	*	2
1251	50061	152	243	0	0	*	2
1252	50101	151	244	0	0	*	2
1253	50141	149	244	0	0	*	2
1254	50181	148	244	0	0	*	2
1255	50221	146	244	0	0	*	2
1256	50261	145	245	0	0	*	2
1257	50301	144	245	0	0	*	2
1258	50341	142	245	0	0	*	2
1259	50381	140	245	0	0	*	2
1260	50421	139	245	0	0	*	2
1261	50461	137	245	0	0	*	2
1262	50501	135	245	0	0	*	2
1263	50541	134	246	0	0	*	2
1264	50581	133	246	0	0	*	2
1265	50621	131	246	0	0	*	2
1266	50661	129	246	0	0	*	2
1267	50701	127	246	0	0	*	2
1268	50741	127	246	0	0	*	2
1269	50781	125	246	0	0	*	2
1270	50821	123	246	0	0	*	2
1271	50861	121	246	0	0	*	2
1272	50901	119	246	0	0	*	2
1273	50941	117	246	0	0	*	2
1274	50981	116	245	0	0	*	2
1275	51021	114	246	0	0	*	2
1276	51061	113	245	0	0	*	2
1277	51101	110	245	0	0	*	2
1278	51141	109	245	0	0	*	2
1279	51181	109	244	0	0	*	2
1280	51221	107	244	0	0	*	2
1281	51261	105	244	0	0	*	2
1282	51301	104	244	0	0	*	2
1283	51341	102	244	0	0	*	2
1284	51381	100	243	0	0	*	2
1285	51421	100	243	0	0	*	2
1286	51461	98	243	0	0	*	2
1287	51501	97	242	0	0	*	2
1288	51541	95	242	0	0	*	2
1289	51581	93	241	0	0	*	2
1290	51621	91	241	0	0	*	2
1291	51661	91	241	0	0	*	2
1292	51701	89	240	0	0	*	2
1293	51741	88	240	0	0	*	2
1294	51781	86	239	0	0	*	2
1295	51821	84	239	0	0	*	2
1296	51861	83	238	0	0	*	2
1297	51901	82	238	0	0	*	2
1298	51941	81	237	0	0	*	2
1299	51981	79	237	0	0	*	2
1300	52021	78	236	0	0	*	2
1301	52061	76	235	0	0	*	2
1302	52101	75	235	0	0	*	2
1303	52141	73	234	0	0	*	2
1304	52181	72	233	0	0	*	2
1305	52221	71	233	0	0	*	2
1306	52261	70	232	0	0	*	2
1307	52301	69	231	0	0	*	2
1308	52341	68	231	0	0	*	2
1309	52381	66	230	0	0	*	2
1310	52421	64	229	0	0	*	2
1311	52461	63	228	0	0	*	2
1312	52501	62	227	0	0	*	2
1313	52541	61	227	0	0	*	2
1314	52581	60	226	0	0	*	2
1315	52621	59	225	0	0	*	2
1316	52661	57	224	0	0	*	2
1317	52701	56	223	0	0	*	2
1318	52741	55	222	0	0	*	2
1319	52781	54	221	0	0	*	2
1320	52821	53	220	0	0	*	2
1321	52861	52	219	0	0	*	2
1322	52901	51	219	0	0	*	2
1323	52941	50	217	0	0	*	2
1324	52981	49	216	0	0	*	2
1325	53021	48	215	0	0	*	2
1326	53061	46	214	0	0	*	2
1327	53101	45	213	0	0	*	2
1328	53141	44	212	0	0	*	2
1329	53181	43	211	0	0	*	2
1330	53221	42	210	0	0	*	2
1331	53261	41	209	0	0	*	2
1332	53301	40	209	0	0	*	2
1333	53341	39	208	0	0	*	2
1334	53381	38	206	0	0	*	2
1335	53421	36	205	0	0	*	2
1336	53461	36	204	0	0	*	2
1337	53501	34	203	0	0	*	2
1338	53541	33	202	0	0	*	2
1339	53581	33	201	0	0	*	2
1340	53621	31	199	0	0	*	2
1341	53661	31	198	0	0	*	2
1342	53701	30	197	0	0	*	2
1343	53741	28	196	0	0	*	2
1344	53781	27	194	0	0	*	2
1345	53821	27	193	0	0	*	2
1346	53861	26	192	0	0	*	2
1347	53901	25	191	0	0	*	2
1348	53941	24	189	0	0	*	2
1349	53981	24	188	0	0	*	2
1350	54021	23	187	0	0	*	2
1351	54061	22	185	0	0	*	2
1352	54101	21	184	0	0	*	2
1353	54141	20	183	0	0	*	2
1354	54181	20	181	0	0	*	2
1355	54221	19	180	0	0	*	2
1356	54261	18	179	0	0	*	2
1357	54301	18	177	0	0	*	2
1358	54341	17	176	0	0	*	2
1359	54381	17	175	0	0	*	2
1360	54421	16	173	0	0	*	2
1361	54461	15	172	0	0	*	2
1362	54501	15	171	0	0	*	2
1363	54541	14	169	0	0	*	2
1364	54581	14	168	0	0	*	2
1365	54621	13	166	0	0	*	2
1366	54661	13	165	0	0	*	2
1367	54701	12	164	0	0	*	2
1368	54741	12	162	0	0	*	2
1369	54781	12	161	0	0	*	2
1370	54821	11	160	0	0	*	2
1371	54861	11	158	0	0	*	2
1372	54901	10	157	0	0	*	2
1373	54941	10	156	0	0	*	2
1374	54981	10	154	0	0	*	2
1375	55021	10	153	0	0	*	2
1376	55061	9	151	0	0	*	2
1377	55101	9	150	0	0	*	2
1378	55141	8	148	0	0	*	2
1379	55181	8	147	0	0	*	2
1380	55221	8	145	0	0	*	2
1381	55261	8	144	0	0	*	2
1382	55301	7	142	0	0	*	2
1383	55341	7	141	0	0	*	2
1384	55381	7	139	0	0	*	2
1385	55421	7	138	0	0	*	2
1386	55461	6	137	0	0	*	2
1387	55501	6	135	0	0	*	2
1388	55541	6	134	0	0	*	2
1389	55581	6	132	0	0	*	2
1390	55621	6	131	0	0	*	2
1391	55661	6	129	0	0	*	2
1392	55701	6	128	0	0	*	2
1393	55741	6	127	0	0	*	2
1394	55781	6	125	0	0	*	2
1395	55821	6	123	0	0	*	2
1396	55861	6	122	0	0	*	2
1397	55901	6	120	0	0	*	2
1398	55941	6	119	0	0	*	2
1399	55981	6	117	0	0	*	2
1400	56021	6	116	0	0	*	2
1401	56061	6	115	0	0	*	2
1402	56101	7	113	0	0	*	2
1403	56141	7	112	0	0	*	2
1404	56181	7	111	0	0	*	2
1405	56221	7	109	0	0	*	2
1406	56261	7	107	0	0	*	2
1407	56301	7	106	0	0	*	2
1408	56341	8	105	0	0	*	2
1409	56381	8	104	0	0	*	2
1410	56421	8	102	0	0	*	2
1411	56461	9	101	0	0	*	2
1412	56501	9	100	0	0	*	2
1413	56541	9	98	0	0	*	2
1414	56581	10	97	0	0	*	2
1415	56621	10	96	0	0	*	2
1416	56661	10	94	0	0	*	2
1417	56701	10	93	0	0	*	2
1418	56741	11	92	0	0	*	2
1419	56781	11	91	0	0	*	2
1420	56821	12	89	0	0	*	2
1421	56861	12	88	0	0	*	2
1422	56901	12	86	0	0	*	2
1423	56941	13	85	0	0	*	2
1424	56981	13	84	0	0	*	2
1425	57021	14	83	0	0	*	2
1426	57061	14	81	0	0	*	2
1427	57101	15	80	0	0	*	2
1428	57141	15	78	0	0	*	2
1429	57181	16	77	0	0	*	2
1430	57221	16	76	0	0	*	2
1431	57261	17	74	0	0	*	2
1432	57301	18	73	0	0	*	2
1433	57341	18	72	0	0	*	2
1434	57381	19	71	0	0	*	2
1435	57421	19	70	0	0	*	2
1436	57461	20	69	0	0	*	2
1437	57501	21	67	0	0	*	2
1438	57541	22	66	0	0	*	2
1439	57581	22	65	0	0	*	2
1440	57621	23	63	0	0	*	2
1441	57661	24	62	0	0	*	2
1442	57701	24	61	0	0	*	2
1443	57741	25	60	0	0	*	2
1444	57781	26	59	0	0	*	2
1445	57821	26	58	0	0	*	2
1446	57861	27	56	0	0	*	2
1447	57901	28	55	0	0	*	2
1448	57941	29	54	0	0	*	2
1449	57981	30	52	0	0	*	2
1450	58021	31	51	0	0	*	2
1451	58061	32	50	0	0	*	2
1452	58101	33	49	0	0	*	2
1453	58141	34	48	0	0	*	2
1454	58181	35	47	0	0	*	2
1455	58221	36	46	0	0	*	2
1456	58261	36	45	0	0	*	2
1457	58301	37	44	0	0	*	2
1458	58341	38	43	0	0	*	2
1459	58381	39	42	0	0	*	2
1460	58421	40	41	0	0	*	2
1461	58461	41	40	0	0	*	2
1462	58501	42	39	0	0	*	2
1463	58541	43	38	0	0	*	2
1464	58581	44	37	0	0	*	2
1465	58621	45	36	0	0	*	2
1466	58661	46	36	0	0	*	2
1467	58701	47	34	0	0	*	2
1468	58741	49	33	0	0	*	2
1469	58781	49	32	0	0	*	2
1470	58821	50	32	0	0	*	2
1471	58861	51	31	0	0	*	2
1472	58901	52	30	0	0	*	2
1473	58941	53	29	0	0	*	2
1474	58981	54	28	0	0	*	2
1475	59021	56	27	0	0	*	2
1476	59061	57	27	0	0	*	2
1477	59101	58	26	0	0	*	2
1478	59141	59	25	0	0	*	2
1479	59181	59	24	0	0	*	2
1480	59221	61	23	0	0	*	2
1481	59261	62	23	0	0	*	2
1482	59301	63	23	0	0	*	2
1483	59341	64	22	0	0	*	2
1484	59381	65	21	0	0	*	2
1485	59421	66	20	0	0	*	2
1486	59461	68	19	0	0	*	2
1487	59501	69	19	0	0	*	2
1488	59541	71	18	0	0	*	2
1489	59581	71	17	0	0	*	2
1490	59621	73	17	0	0	*	2
1491	59661	73	16	0	0	*	2
1492	59701	75	16	0	0	*	2
1493	59741	77	15	0	0	*	2
1494	59781	78	14	0	0	*	2
1495	59821	79	14	0	0	*	2
1496	59861	80	13	0	0	*	2
1497	59901	82	12	0	0	*	2
1498	59941	83	12	0	0	*	2
1499	59981	85	12	0	0	*	2
1500	60021	85	11	0	0	*	2
1501	60061	87	10	0	0	*	2
1502	60101	88	10	0	0	*	2
1503	60141	89	10	0	0	*	2
1504	60181	90	9	0	0	*	2
1505	60221	91	9	0	0	*	2
1506	60261	93	8	0	0	*	2
1507	60301	94	8	0	0	*	2
1508	60341	96	7	0	0	*	2
1509	60381	97	7	0	0	*	2
1510	60421	98	7	0	0	*	2
1511	60461	100	7	0	0	*	2
1512	60501	101	6	0	0	*	2
1513	60541	102	6	0	0	*	2
1514	60581	103	6	0	0	*	2
1515	60621	104	6	0	0	*	2
1516	60661	105	6	0	0	*	2
1517	60701	107	5	0	0	*	2
1518	60741	108	5	0	0	*	2
1519	60781	109	5	0	0	*	2
1520	60821	110	5	0	0	*	2
1521	60861	112	4	0	0	*	2
1522	60901	113	4	0	0	*	2
1523	60941	115	4	0	0	*	2
1524	60981	117	4	0	0	*	2
1525	61021	118	4	0	0	*	2
1526	61061	119	4	0	0	*	2
1527	61101	121	4	0	0	*	2
1528	61141	122	3	0	0	*	2
1529	61181	124	3	0	0	*	2
1530	61221	125	3	0	0	*	2
1531	61261	127	4	0	0	*	2
1532	61301	128	3	0	0	*	2
1533	61341	130	3	0	0	*	2
1534	61381	131	3	0	0	*	2
1535	61421	133	4	0	0	*	2
1536	61461	134	4	0	0	*	2
1537	61501	135	4	0	0	*	2
1538	61541	137	4	0	0	*	2
1539	61581	138	4	0	0	*	2
1540	61621	140	4	0	0	*	2
1541	61661	142	5	0	0	*	2
1542	61701	143	5	0	0	*	2
1543	61741	144	5	0	0	*	2
1544	61781	146	5	0	0	*	2
1545	61821	147	6	0	0	*	2
1546	61861	149	6	0	0	*	2
1547	61901	150	6	0	0	*	2
1548	61941	152	6	0	0	*	2
1549	61981	153	7	0	0	*	2
1550	62021	154	7	0	0	*	2
1551	62061	156	7	0	0	*	2
1552	62101	157	8	0	0	*	2
1553	62141	158	8	0	0	*	2
1554	62181	160	8	0	0	*	2
1555	62221	161	9	0	0	*	2
1556	62261	163	9	0	0	*	2
1557	62301	164	10	0	0	*	2
1558	62341	166	10	0	0	*	2
1559	62381	167	11	0	0	*	2
1560	62421	169	11	0	0	*	2
1561	62461	170	12	0	0	*	2
1562	62501	172	12	0	0	*	2
1563	62541	173	13	0	0	*	2
1564	62581	174	13	0	0	*	2
1565	62621	175	14	0	0	*	2
1566	62661	177	14	0	0	*	2
1567	62701	179	15	0	0	*	2
1568	62741	181	15	0	0	*	2
1569	62781	181	16	0	0	*	2
1570	62821	182	17	0	0	*	2
1571	62861	183	17	0	0	*	2
1572	62901	185	18	0	0	*	2
1573	62941	187	19	0	0	*	2
1574	62981	188	20	0	0	*	2
1575	63021	189	20	0	0	*	2
1576	63061	190	21	0	0	*	2
1577	63101	192	22	0	0	*	2
1578	63141	194	23	0	0	*	2
1579	63181	194	23	0	0	*	2
1580	63221	195	24	0	0	*	2
1581	63261	196	25	0	0	*	2
1582	63301	198	25	0	0	*	2
1583	63341	200	26	0	0	*	2
1584	63381	201	27	0	0	*	2
1585	63421	202	28	0	0	*	2
1586	63461	202	29	0	0	*	2
1587	63501	203	30	0	0	*	2
1588	63541	204	30	0	0	*	2
1589	63581	206	31	0	0	*	2
1590	63621	208	33	0	0	*	2
1591	63661	208	34	0	0	*	2
1592	63701	209	35	0	0	*	2
1593	63741	210	36	0	0	*	2
1594	63781	212	36	0	0	*	2
1595	63821	213	38	0	0	*	2
1596	63861	214	39	0	0	*	2
1597	63901	214	40	0	0	*	2
1598	63941	216	41	0	0	*	2
1599	63981	216	42	0	0	*	2
1600	64021	218	43	0	0	*	2
1601	64061	218	44	0	0	*	2
1602	64101	219	45	0	0	*	2
1603	64141	220	46	0	0	*	2
1604	64181	221	47	0	0	*	2
1605	64221	222	49	0	0	*	2
1606	64261	223	50	0	0	*	2
1607	64301	224	51	0	0	*	2
1608	64341	224	52	0	0	*	2
1609	64381	226	53	0	0	*	2
1610	64421	226	55	0	0	*	2
1611	64461	228	56	0	0	*	2
1612	64501	229	57	0	0	*	2
1613	64541	230	59	0	0	*	2
1614	64581	230	59	0	0	*	2
1615	64621	231	61	0	0	*	2
1616	64661	231	62	0	0	*	2
1617	64701	232	63	0	0	*	2
1618	64741	233	64	0	0	*	2
1619	64781	234	65	0	0	*	2
1620	64821	234	67	0	0	*	2
1621	64861	234	68	0	0	*	2
1622	64901	235	69	0	0	*	2
1623	64941	237	70	0	0	*	2
1624	64981	238	72	0	0	*	2
1625	65021	238	72	0	0	*	2
1626	65061	238	73	0	0	*	2
1627	65101	238	74	0	0	*	2
1628	65141	240	76	0	0	*	2
1629	65181	240	77	0	0	*	2
1630	65221	241	78	0	0	*	2
1631	65261	241	79	0	0	*	2
