%%BEGIN_HEADER
	%%BEGIN DATABASE_INFORMATION
		%Date.0 ( 13.9.2019 )
		%Time.0 ( 16:55 )
	%%END DATABASE_INFORMATION
	%%BEGIN SETUP_INFORMATION
		%TrackerVersion.0 ( Tracker version 2.38 release 12.8.2012 )
		%ElapsedTime_ms.0 ( 61603 )
		%Paradigm.0 ( PlacePreference )
		%FeederParameters.0 ( 1500 0 )
			// %FeederParameters.0 ( ENTRANCE_LATENCY EXIT_LATENCY )
		%ElapsedPath_m.0 ( 0.00 )
		%ArenaDiameter_m.0 ( 1.80 )
		%TrackerResolution_PixPerCM.0 ( 1.4222 )
		%ArenaCenterXY.0 ( 127.5 127.5 )
		%Frame.0 ( RoomFrame )
		%ReinforcedSector.0 ( 127.5000 38.2500 7 )
			//%ReinforcedSector.0 ( CENTER_X CENTER_Y RADIUS )
		%RoomTrackReinforcedSector.0 ( 127.5000 38.2500 7 )
			//%RoomTrackReinforcedSector.0 ( CENTER_X CENTER_Y RADIUS )
	%%END SETUP_INFORMATION
	%%BEGIN RECORD_FORMAT
		%Sample.0 ( FrameCount 1msTimeStamp RoomX RoomY Sectors State Flags FrameInfo )
			//Sectors indicate if the object is in a target. Number is binary coded. Sectors = 0: no target, Sectors = 1: room target, Sectors: = 2 arena target, Sectors: = 3 room and arena target
			////State indicates the Watermaze State: OutsideTarget = 0, EntranceLatency = 1, InsideTarget = 3, OutsideRefractory = 4, BadSpot = 5
			//FrameInfo indicates succesfuly tracked spots: ReferencePoint * 2^0 + Spot0 * 2^(1+0) + Spot1 * 2^(1+1) + Spot2 * 2^(1+2) .... 
	%%END RECORD_FORMAT
%%END_HEADER
1	43	13	117	0	0	*	2
2	83	13	116	0	0	*	2
3	123	14	115	0	0	*	2
4	163	14	114	0	0	*	2
5	203	15	113	0	0	*	2
6	243	15	112	0	0	*	2
7	283	17	111	0	0	*	2
8	323	18	110	0	0	*	2
9	363	18	109	0	0	*	2
10	403	19	109	0	0	*	2
11	443	21	108	0	0	*	2
12	483	22	108	0	0	*	2
13	523	23	108	0	0	*	2
14	563	24	108	0	0	*	2
15	603	24	108	0	0	*	2
16	643	24	108	0	0	*	2
17	683	25	108	0	0	*	2
18	723	26	108	0	0	*	2
19	763	27	107	0	0	*	2
20	803	28	107	0	0	*	2
21	843	31	107	0	0	*	2
22	883	34	107	0	0	*	2
23	923	36	107	0	0	*	2
24	963	38	107	0	0	*	2
25	1003	40	108	0	0	*	2
26	1043	42	109	0	0	*	2
27	1083	45	110	0	0	*	2
28	1123	47	110	0	0	*	2
29	1163	49	111	0	0	*	2
30	1203	51	112	0	0	*	2
31	1243	53	113	0	0	*	2
32	1283	56	115	0	0	*	2
33	1323	58	116	0	0	*	2
34	1363	60	116	0	0	*	2
35	1403	61	117	0	0	*	2
36	1443	63	119	0	0	*	2
37	1483	66	121	0	0	*	2
38	1523	68	122	0	0	*	2
39	1563	73	124	0	0	*	2
40	1603	73	124	0	0	*	2
41	1643	78	128	0	0	*	2
42	1683	80	129	0	0	*	2
43	1723	82	131	0	0	*	2
44	1763	85	132	0	0	*	2
45	1803	87	134	0	0	*	2
46	1843	89	135	0	0	*	2
47	1883	92	137	0	0	*	2
48	1923	94	138	0	0	*	2
49	1963	96	139	0	0	*	2
50	2003	98	140	0	0	*	2
51	2043	101	142	0	0	*	2
52	2083	102	143	0	0	*	2
53	2123	105	145	0	0	*	2
54	2163	107	147	0	0	*	2
55	2203	109	149	0	0	*	2
56	2243	111	150	0	0	*	2
57	2283	113	151	0	0	*	2
58	2323	116	154	0	0	*	2
59	2363	118	156	0	0	*	2
60	2403	120	157	0	0	*	2
61	2443	122	159	0	0	*	2
62	2483	124	160	0	0	*	2
63	2523	126	161	0	0	*	2
64	2563	127	162	0	0	*	2
65	2603	129	164	0	0	*	2
66	2643	132	165	0	0	*	2
67	2683	133	167	0	0	*	2
68	2723	135	168	0	0	*	2
69	2763	135	169	0	0	*	2
70	2803	137	170	0	0	*	2
71	2843	138	172	0	0	*	2
72	2883	139	173	0	0	*	2
73	2923	140	175	0	0	*	2
74	2963	140	176	0	0	*	2
75	3003	141	178	0	0	*	2
76	3043	142	179	0	0	*	2
77	3083	142	180	0	0	*	2
78	3123	143	181	0	0	*	2
79	3163	143	183	0	0	*	2
80	3203	143	184	0	0	*	2
81	3243	144	185	0	0	*	2
82	3283	144	185	0	0	*	2
83	3323	144	185	0	0	*	2
84	3363	145	186	0	0	*	2
85	3403	146	188	0	0	*	2
86	3443	147	190	0	0	*	2
87	3483	148	191	0	0	*	2
88	3523	149	192	0	0	*	2
89	3563	150	193	0	0	*	2
90	3603	152	193	0	0	*	2
91	3643	152	193	0	0	*	2
92	3683	153	193	0	0	*	2
93	3723	153	193	0	0	*	2
94	3763	154	193	0	0	*	2
95	3803	155	192	0	0	*	2
96	3843	155	192	0	0	*	2
97	3883	156	192	0	0	*	2
98	3923	157	192	0	0	*	2
99	3963	157	192	0	0	*	2
100	4003	158	193	0	0	*	2
101	4043	158	193	0	0	*	2
102	4083	158	193	0	0	*	2
103	4123	155	193	0	0	*	2
104	4163	160	194	0	0	*	2
105	4203	157	193	0	0	*	2
106	4243	158	193	0	0	*	2
107	4283	161	193	0	0	*	2
108	4323	158	193	0	0	*	2
109	4363	158	193	0	0	*	2
110	4403	162	191	0	0	*	2
111	4443	161	190	0	0	*	2
112	4483	161	190	0	0	*	2
113	4523	158	192	0	0	*	2
114	4563	158	191	0	0	*	2
115	4603	159	191	0	0	*	2
116	4643	160	190	0	0	*	2
117	4683	161	189	0	0	*	2
118	4723	161	187	0	0	*	2
119	4763	162	187	0	0	*	2
120	4803	162	185	0	0	*	2
121	4843	163	185	0	0	*	2
122	4883	163	184	0	0	*	2
123	4923	164	182	0	0	*	2
124	4963	165	177	0	0	*	2
125	5003	165	179	0	0	*	2
126	5043	165	178	0	0	*	2
127	5083	166	176	0	0	*	2
128	5123	166	173	0	0	*	2
129	5163	167	172	0	0	*	2
130	5203	167	170	0	0	*	2
131	5243	168	167	0	0	*	2
132	5283	168	166	0	0	*	2
133	5323	168	164	0	0	*	2
134	5363	169	162	0	0	*	2
135	5403	169	161	0	0	*	2
136	5443	169	159	0	0	*	2
137	5483	170	157	0	0	*	2
138	5523	170	155	0	0	*	2
139	5563	170	152	0	0	*	2
140	5603	170	150	0	0	*	2
141	5643	170	148	0	0	*	2
142	5683	170	146	0	0	*	2
143	5723	170	144	0	0	*	2
144	5763	170	142	0	0	*	2
145	5803	171	136	0	0	*	2
146	5843	170	138	0	0	*	2
147	5883	170	136	0	0	*	2
148	5923	170	134	0	0	*	2
149	5963	170	131	0	0	*	2
150	6003	171	125	0	0	*	2
151	6043	171	123	0	0	*	2
152	6083	171	121	0	0	*	2
153	6123	170	125	0	0	*	2
154	6163	170	123	0	0	*	2
155	6203	171	116	0	0	*	2
156	6243	170	114	0	0	*	2
157	6283	170	113	0	0	*	2
158	6323	170	112	0	0	*	2
159	6363	169	110	0	0	*	2
160	6403	170	114	0	0	*	2
161	6443	168	109	0	0	*	2
162	6483	167	108	0	0	*	2
163	6523	168	109	0	0	*	2
164	6563	167	108	0	0	*	2
165	6603	165	105	0	0	*	2
166	6643	164	104	0	0	*	2
167	6683	163	103	0	0	*	2
168	6723	162	102	0	0	*	2
169	6763	162	101	0	0	*	2
170	6803	160	99	0	0	*	2
171	6843	159	98	0	0	*	2
172	6883	158	98	0	0	*	2
173	6923	158	97	0	0	*	2
174	6963	157	97	0	0	*	2
175	7003	155	96	0	0	*	2
176	7043	155	95	0	0	*	2
177	7083	158	96	0	0	*	2
178	7123	157	95	0	0	*	2
179	7163	156	95	0	0	*	2
180	7203	155	94	0	0	*	2
181	7243	154	93	0	0	*	2
182	7283	153	93	0	0	*	2
183	7323	151	92	0	0	*	2
184	7363	147	91	0	0	*	2
185	7403	146	90	0	0	*	2
186	7443	144	89	0	0	*	2
187	7483	143	89	0	0	*	2
188	7523	146	89	0	0	*	2
189	7563	145	89	0	0	*	2
190	7603	143	88	0	0	*	2
191	7643	141	88	0	0	*	2
192	7683	137	87	0	0	*	2
193	7723	134	86	0	0	*	2
194	7763	134	86	0	0	*	2
195	7803	135	86	0	0	*	2
196	7843	134	86	0	0	*	2
197	7883	133	85	0	0	*	2
198	7923	126	83	0	0	*	2
199	7963	125	83	0	0	*	2
200	8003	124	83	0	0	*	2
201	8043	122	82	0	0	*	2
202	8083	124	83	0	0	*	2
203	8123	120	82	0	0	*	2
204	8163	118	81	0	0	*	2
205	8203	115	81	0	0	*	2
206	8243	118	81	0	0	*	2
207	8283	115	81	0	0	*	2
208	8323	111	80	0	0	*	2
209	8363	110	79	0	0	*	2
210	8403	109	79	0	0	*	2
211	8443	108	79	0	0	*	2
212	8483	106	79	0	0	*	2
213	8523	105	80	0	0	*	2
214	8563	104	80	0	0	*	2
215	8603	102	81	0	0	*	2
216	8643	102	81	0	0	*	2
217	8683	100	82	0	0	*	2
218	8723	99	82	0	0	*	2
219	8763	99	83	0	0	*	2
220	8803	98	83	0	0	*	2
221	8843	98	83	0	0	*	2
222	8883	98	83	0	0	*	2
223	8923	95	85	0	0	*	2
224	8963	93	86	0	0	*	2
225	9003	95	85	0	0	*	2
226	9043	93	85	0	0	*	2
227	9083	90	87	0	0	*	2
228	9123	92	86	0	0	*	2
229	9163	90	87	0	0	*	2
230	9203	85	91	0	0	*	2
231	9243	84	92	0	0	*	2
232	9283	83	92	0	0	*	2
233	9323	82	92	0	0	*	2
234	9363	81	93	0	0	*	2
235	9403	80	93	0	0	*	2
236	9443	82	92	0	0	*	2
237	9483	76	94	0	0	*	2
238	9523	75	94	0	0	*	2
239	9563	73	95	0	0	*	2
240	9603	71	96	0	0	*	2
241	9643	70	96	0	0	*	2
242	9683	69	96	0	0	*	2
243	9723	69	97	0	0	*	2
244	9763	67	98	0	0	*	2
245	9803	68	98	0	0	*	2
246	9843	68	98	0	0	*	2
247	9883	63	102	0	0	*	2
248	9923	62	103	0	0	*	2
249	9963	62	104	0	0	*	2
250	10003	62	105	0	0	*	2
251	10043	62	106	0	0	*	2
252	10083	61	108	0	0	*	2
253	10123	61	110	0	0	*	2
254	10163	61	111	0	0	*	2
255	10203	61	112	0	0	*	2
256	10243	61	114	0	0	*	2
257	10283	61	114	0	0	*	2
258	10323	61	116	0	0	*	2
259	10363	61	117	0	0	*	2
260	10403	60	118	0	0	*	2
261	10443	60	116	0	0	*	2
262	10483	60	118	0	0	*	2
263	10523	60	119	0	0	*	2
264	10563	60	122	0	0	*	2
265	10603	61	127	0	0	*	2
266	10643	60	125	0	0	*	2
267	10683	61	132	0	0	*	2
268	10723	61	133	0	0	*	2
269	10763	61	135	0	0	*	2
270	10803	61	132	0	0	*	2
271	10843	61	134	0	0	*	2
272	10883	62	141	0	0	*	2
273	10923	63	143	0	0	*	2
274	10963	63	145	0	0	*	2
275	11003	64	146	0	0	*	2
276	11043	64	144	0	0	*	2
277	11083	64	146	0	0	*	2
278	11123	65	148	0	0	*	2
279	11163	65	150	0	0	*	2
280	11203	67	156	0	0	*	2
281	11243	68	159	0	0	*	2
282	11283	69	161	0	0	*	2
283	11323	70	162	0	0	*	2
284	11363	71	164	0	0	*	2
285	11403	71	165	0	0	*	2
286	11443	71	163	0	0	*	2
287	11483	73	168	0	0	*	2
288	11523	74	170	0	0	*	2
289	11563	76	171	0	0	*	2
290	11603	77	173	0	0	*	2
291	11643	77	174	0	0	*	2
292	11683	78	175	0	0	*	2
293	11723	79	175	0	0	*	2
294	11763	82	177	0	0	*	2
295	11803	83	178	0	0	*	2
296	11843	84	179	0	0	*	2
297	11883	85	180	0	0	*	2
298	11923	87	181	0	0	*	2
299	11963	88	182	0	0	*	2
300	12003	91	183	0	0	*	2
301	12043	93	184	0	0	*	2
302	12083	95	185	0	0	*	2
303	12123	97	186	0	0	*	2
304	12163	98	187	0	0	*	2
305	12203	99	188	0	0	*	2
306	12243	99	188	0	0	*	2
307	12283	100	188	0	0	*	2
308	12323	106	191	0	0	*	2
309	12363	108	192	0	0	*	2
310	12403	109	192	0	0	*	2
311	12443	111	193	0	0	*	2
312	12483	114	193	0	0	*	2
313	12523	117	194	0	0	*	2
314	12563	118	195	0	0	*	2
315	12603	120	196	0	0	*	2
316	12643	123	197	0	0	*	2
317	12683	124	197	0	0	*	2
318	12723	125	198	0	0	*	2
319	12763	130	199	0	0	*	2
320	12803	130	199	0	0	*	2
321	12843	132	199	0	0	*	2
322	12883	134	199	0	0	*	2
323	12923	136	199	0	0	*	2
324	12963	139	199	0	0	*	2
325	13003	141	198	0	0	*	2
326	13043	142	198	0	0	*	2
327	13083	145	197	0	0	*	2
328	13123	146	197	0	0	*	2
329	13163	148	197	0	0	*	2
330	13203	150	196	0	0	*	2
331	13243	150	196	0	0	*	2
332	13283	149	197	0	0	*	2
333	13323	154	195	0	0	*	2
334	13363	154	195	0	0	*	2
335	13403	155	195	0	0	*	2
336	13443	155	195	0	0	*	2
337	13483	156	195	0	0	*	2
338	13523	160	192	0	0	*	2
339	13563	162	192	0	0	*	2
340	13603	159	193	0	0	*	2
341	13643	160	193	0	0	*	2
342	13683	162	192	0	0	*	2
343	13723	164	192	0	0	*	2
344	13763	165	191	0	0	*	2
345	13803	166	190	0	0	*	2
346	13843	168	190	0	0	*	2
347	13883	169	189	0	0	*	2
348	13923	171	188	0	0	*	2
349	13963	172	188	0	0	*	2
350	14003	174	187	0	0	*	2
351	14043	178	185	0	0	*	2
352	14083	179	184	0	0	*	2
353	14123	178	185	0	0	*	2
354	14163	179	184	0	0	*	2
355	14203	184	183	0	0	*	2
356	14243	185	182	0	0	*	2
357	14283	184	182	0	0	*	2
358	14323	186	181	0	0	*	2
359	14363	186	181	0	0	*	2
360	14403	191	179	0	0	*	2
361	14443	187	180	0	0	*	2
362	14483	189	180	0	0	*	2
363	14523	190	179	0	0	*	2
364	14563	190	179	0	0	*	2
365	14603	192	178	0	0	*	2
366	14643	193	177	0	0	*	2
367	14683	194	176	0	0	*	2
368	14723	196	174	0	0	*	2
369	14763	198	173	0	0	*	2
370	14803	200	171	0	0	*	2
371	14843	201	169	0	0	*	2
372	14883	202	168	0	0	*	2
373	14923	202	168	0	0	*	2
374	14963	202	167	0	0	*	2
375	15003	201	170	0	0	*	2
376	15043	201	169	0	0	*	2
377	15083	206	163	0	0	*	2
378	15123	206	162	0	0	*	2
379	15163	206	162	0	0	*	2
380	15203	206	161	0	0	*	2
381	15243	207	161	0	0	*	2
382	15283	206	163	0	0	*	2
383	15323	207	162	0	0	*	2
384	15363	208	160	0	0	*	2
385	15403	209	158	0	0	*	2
386	15443	211	153	0	0	*	2
387	15483	211	155	0	0	*	2
388	15523	211	154	0	0	*	2
389	15563	213	149	0	0	*	2
390	15603	213	147	0	0	*	2
391	15643	214	145	0	0	*	2
392	15683	215	144	0	0	*	2
393	15723	214	147	0	0	*	2
394	15763	216	141	0	0	*	2
395	15803	217	140	0	0	*	2
396	15843	218	138	0	0	*	2
397	15883	219	137	0	0	*	2
398	15923	219	135	0	0	*	2
399	15963	219	135	0	0	*	2
400	16003	219	136	0	0	*	2
401	16043	219	135	0	0	*	2
402	16083	222	129	0	0	*	2
403	16123	222	128	0	0	*	2
404	16163	222	126	0	0	*	2
405	16203	223	125	0	0	*	2
406	16243	222	126	0	0	*	2
407	16283	223	122	0	0	*	2
408	16323	224	119	0	0	*	2
409	16363	224	118	0	0	*	2
410	16403	224	117	0	0	*	2
411	16443	224	116	0	0	*	2
412	16483	225	114	0	0	*	2
413	16523	225	113	0	0	*	2
414	16563	226	111	0	0	*	2
415	16603	226	110	0	0	*	2
416	16643	227	108	0	0	*	2
417	16683	228	107	0	0	*	2
418	16723	228	105	0	0	*	2
419	16763	229	104	0	0	*	2
420	16803	229	103	0	0	*	2
421	16843	229	102	0	0	*	2
422	16883	229	101	0	0	*	2
423	16923	228	100	0	0	*	2
424	16963	228	99	0	0	*	2
425	17003	228	98	0	0	*	2
426	17043	227	97	0	0	*	2
427	17083	226	96	0	0	*	2
428	17123	226	96	0	0	*	2
429	17163	225	95	0	0	*	2
430	17203	225	94	0	0	*	2
431	17243	224	93	0	0	*	2
432	17283	224	93	0	0	*	2
433	17323	223	92	0	0	*	2
434	17363	223	92	0	0	*	2
435	17403	223	90	0	0	*	2
436	17443	222	89	0	0	*	2
437	17483	221	88	0	0	*	2
438	17523	221	87	0	0	*	2
439	17563	222	89	0	0	*	2
440	17603	220	85	0	0	*	2
441	17643	219	83	0	0	*	2
442	17683	218	82	0	0	*	2
443	17723	217	81	0	0	*	2
444	17763	215	80	0	0	*	2
445	17803	218	83	0	0	*	2
446	17843	213	78	0	0	*	2
447	17883	213	78	0	0	*	2
448	17923	211	77	0	0	*	2
449	17963	210	76	0	0	*	2
450	18003	210	76	0	0	*	2
451	18043	208	75	0	0	*	2
452	18083	207	75	0	0	*	2
453	18123	206	75	0	0	*	2
454	18163	205	75	0	0	*	2
455	18203	203	75	0	0	*	2
456	18243	202	75	0	0	*	2
457	18283	201	76	0	0	*	2
458	18323	199	76	0	0	*	2
459	18363	198	77	0	0	*	2
460	18403	198	78	0	0	*	2
461	18443	197	79	0	0	*	2
462	18483	196	79	0	0	*	2
463	18523	195	80	0	0	*	2
464	18563	195	81	0	0	*	2
465	18603	195	82	0	0	*	2
466	18643	194	83	0	0	*	2
467	18683	194	85	0	0	*	2
468	18723	194	86	0	0	*	2
469	18763	194	87	0	0	*	2
470	18803	193	88	0	0	*	2
471	18843	193	89	0	0	*	2
472	18883	193	91	0	0	*	2
473	18923	193	92	0	0	*	2
474	18963	192	94	0	0	*	2
475	19003	192	95	0	0	*	2
476	19043	192	96	0	0	*	2
477	19083	193	98	0	0	*	2
478	19123	193	100	0	0	*	2
479	19163	193	102	0	0	*	2
480	19203	193	104	0	0	*	2
481	19243	194	106	0	0	*	2
482	19283	194	108	0	0	*	2
483	19323	194	109	0	0	*	2
484	19363	194	112	0	0	*	2
485	19403	194	115	0	0	*	2
486	19443	195	116	0	0	*	2
487	19483	195	119	0	0	*	2
488	19523	195	120	0	0	*	2
489	19563	195	123	0	0	*	2
490	19603	195	126	0	0	*	2
491	19643	196	128	0	0	*	2
492	19683	196	129	0	0	*	2
493	19723	196	132	0	0	*	2
494	19763	196	134	0	0	*	2
495	19803	196	137	0	0	*	2
496	19843	196	139	0	0	*	2
497	19883	196	141	0	0	*	2
498	19923	196	142	0	0	*	2
499	19963	196	141	0	0	*	2
500	20003	196	147	0	0	*	2
501	20043	195	146	0	0	*	2
502	20083	195	149	0	0	*	2
503	20123	195	153	0	0	*	2
504	20163	195	155	0	0	*	2
505	20203	194	156	0	0	*	2
506	20243	194	156	0	0	*	2
507	20283	194	161	0	0	*	2
508	20323	194	162	0	0	*	2
509	20363	194	164	0	0	*	2
510	20403	194	166	0	0	*	2
511	20443	193	167	0	0	*	2
512	20483	194	168	0	0	*	2
513	20523	194	168	0	0	*	2
514	20563	193	173	0	0	*	2
515	20603	193	175	0	0	*	2
516	20643	193	177	0	0	*	2
517	20683	193	179	0	0	*	2
518	20723	193	177	0	0	*	2
519	20763	193	179	0	0	*	2
520	20803	192	184	0	0	*	2
521	20843	192	186	0	0	*	2
522	20883	192	184	0	0	*	2
523	20923	192	185	0	0	*	2
524	20963	191	188	0	0	*	2
525	21003	191	191	0	0	*	2
526	21043	190	193	0	0	*	2
527	21083	189	195	0	0	*	2
528	21123	189	195	0	0	*	2
529	21163	186	199	0	0	*	2
530	21203	185	201	0	0	*	2
531	21243	186	200	0	0	*	2
532	21283	183	204	0	0	*	2
533	21323	181	205	0	0	*	2
534	21363	183	203	0	0	*	2
535	21403	182	204	0	0	*	2
536	21443	181	206	0	0	*	2
537	21483	180	207	0	0	*	2
538	21523	175	211	0	0	*	2
539	21563	177	210	0	0	*	2
540	21603	175	211	0	0	*	2
541	21643	174	212	0	0	*	2
542	21683	173	213	0	0	*	2
543	21723	171	214	0	0	*	2
544	21763	169	216	0	0	*	2
545	21803	168	216	0	0	*	2
546	21843	167	217	0	0	*	2
547	21883	166	218	0	0	*	2
548	21923	164	218	0	0	*	2
549	21963	162	219	0	0	*	2
550	22003	160	220	0	0	*	2
551	22043	159	221	0	0	*	2
552	22083	158	221	0	0	*	2
553	22123	156	222	0	0	*	2
554	22163	154	223	0	0	*	2
555	22203	152	224	0	0	*	2
556	22243	150	224	0	0	*	2
557	22283	148	225	0	0	*	2
558	22323	146	226	0	0	*	2
559	22363	145	226	0	0	*	2
560	22403	143	227	0	0	*	2
561	22443	141	228	0	0	*	2
562	22483	139	228	0	0	*	2
563	22523	137	229	0	0	*	2
564	22563	135	229	0	0	*	2
565	22603	134	230	0	0	*	2
566	22643	131	230	0	0	*	2
567	22683	129	230	0	0	*	2
568	22723	127	230	0	0	*	2
569	22763	125	230	0	0	*	2
570	22803	118	230	0	0	*	2
571	22843	121	230	0	0	*	2
572	22883	119	230	0	0	*	2
573	22923	117	229	0	0	*	2
574	22963	115	229	0	0	*	2
575	23003	113	228	0	0	*	2
576	23043	112	227	0	0	*	2
577	23083	109	226	0	0	*	2
578	23123	109	225	0	0	*	2
579	23163	107	224	0	0	*	2
580	23203	105	223	0	0	*	2
581	23243	102	220	0	0	*	2
582	23283	103	221	0	0	*	2
583	23323	102	221	0	0	*	2
584	23363	100	219	0	0	*	2
585	23403	99	218	0	0	*	2
586	23443	96	214	0	0	*	2
587	23483	97	216	0	0	*	2
588	23523	96	214	0	0	*	2
589	23563	94	213	0	0	*	2
590	23603	93	211	0	0	*	2
591	23643	89	207	0	0	*	2
592	23683	88	205	0	0	*	2
593	23723	89	208	0	0	*	2
594	23763	88	206	0	0	*	2
595	23803	87	205	0	0	*	2
596	23843	85	201	0	0	*	2
597	23883	82	198	0	0	*	2
598	23923	80	196	0	0	*	2
599	23963	81	198	0	0	*	2
600	24003	77	194	0	0	*	2
601	24043	78	195	0	0	*	2
602	24083	73	191	0	0	*	2
603	24123	73	191	0	0	*	2
604	24163	69	189	0	0	*	2
605	24203	68	188	0	0	*	2
606	24243	66	187	0	0	*	2
607	24283	64	187	0	0	*	2
608	24323	64	187	0	0	*	2
609	24363	62	186	0	0	*	2
610	24403	61	186	0	0	*	2
611	24443	62	186	0	0	*	2
612	24483	62	186	0	0	*	2
613	24523	60	185	0	0	*	2
614	24563	58	185	0	0	*	2
615	24603	57	185	0	0	*	2
616	24643	55	184	0	0	*	2
617	24683	54	184	0	0	*	2
618	24723	54	183	0	0	*	2
619	24763	48	182	0	0	*	2
620	24803	47	182	0	0	*	2
621	24843	46	182	0	0	*	2
622	24883	45	181	0	0	*	2
623	24923	49	182	0	0	*	2
624	24963	49	182	0	0	*	2
625	25003	48	181	0	0	*	2
626	25043	46	181	0	0	*	2
627	25083	46	180	0	0	*	2
628	25123	45	179	0	0	*	2
629	25163	45	179	0	0	*	2
630	25203	45	179	0	0	*	2
631	25243	44	178	0	0	*	2
632	25283	43	177	0	0	*	2
633	25323	43	177	0	0	*	2
634	25363	42	175	0	0	*	2
635	25403	42	175	0	0	*	2
636	25443	41	174	0	0	*	2
637	25483	41	174	0	0	*	2
638	25523	40	173	0	0	*	2
639	25563	40	172	0	0	*	2
640	25603	40	171	0	0	*	2
641	25643	39	169	0	0	*	2
642	25683	39	169	0	0	*	2
643	25723	39	168	0	0	*	2
644	25763	39	166	0	0	*	2
645	25803	39	165	0	0	*	2
646	25843	39	164	0	0	*	2
647	25883	39	163	0	0	*	2
648	25923	39	162	0	0	*	2
649	25963	39	161	0	0	*	2
650	26003	40	160	0	0	*	2
651	26043	40	159	0	0	*	2
652	26083	42	157	0	0	*	2
653	26123	42	157	0	0	*	2
654	26163	42	156	0	0	*	2
655	26203	43	155	0	0	*	2
656	26243	45	154	0	0	*	2
657	26283	46	153	0	0	*	2
658	26323	47	153	0	0	*	2
659	26363	48	152	0	0	*	2
660	26403	49	152	0	0	*	2
661	26443	50	151	0	0	*	2
662	26483	51	151	0	0	*	2
663	26523	53	151	0	0	*	2
664	26563	55	150	0	0	*	2
665	26603	57	150	0	0	*	2
666	26643	57	150	0	0	*	2
667	26683	59	150	0	0	*	2
668	26723	61	150	0	0	*	2
669	26763	62	151	0	0	*	2
670	26803	64	151	0	0	*	2
671	26843	65	151	0	0	*	2
672	26883	67	151	0	0	*	2
673	26923	69	151	0	0	*	2
674	26963	70	152	0	0	*	2
675	27003	74	153	0	0	*	2
676	27043	76	154	0	0	*	2
677	27083	77	154	0	0	*	2
678	27123	76	153	0	0	*	2
679	27163	77	153	0	0	*	2
680	27203	79	154	0	0	*	2
681	27243	85	157	0	0	*	2
682	27283	87	157	0	0	*	2
683	27323	89	158	0	0	*	2
684	27363	89	158	0	0	*	2
685	27403	90	158	0	0	*	2
686	27443	94	159	0	0	*	2
687	27483	96	160	0	0	*	2
688	27523	98	161	0	0	*	2
689	27563	99	162	0	0	*	2
690	27603	102	162	0	0	*	2
691	27643	104	163	0	0	*	2
692	27683	107	164	0	0	*	2
693	27723	109	165	0	0	*	2
694	27763	110	166	0	0	*	2
695	27803	113	167	0	0	*	2
696	27843	115	167	0	0	*	2
697	27883	116	168	0	0	*	2
698	27923	120	169	0	0	*	2
699	27963	121	170	0	0	*	2
700	28003	123	171	0	0	*	2
701	28043	121	170	0	0	*	2
702	28083	123	170	0	0	*	2
703	28123	128	172	0	0	*	2
704	28163	132	173	0	0	*	2
705	28203	134	174	0	0	*	2
706	28243	133	173	0	0	*	2
707	28283	134	174	0	0	*	2
708	28323	136	174	0	0	*	2
709	28363	141	175	0	0	*	2
710	28403	141	176	0	0	*	2
711	28443	143	176	0	0	*	2
712	28483	145	177	0	0	*	2
713	28523	146	177	0	0	*	2
714	28563	149	178	0	0	*	2
715	28603	152	178	0	0	*	2
716	28643	157	180	0	0	*	2
717	28683	156	180	0	0	*	2
718	28723	158	180	0	0	*	2
719	28763	159	180	0	0	*	2
720	28803	162	180	0	0	*	2
721	28843	163	181	0	0	*	2
722	28883	165	181	0	0	*	2
723	28923	167	181	0	0	*	2
724	28963	169	182	0	0	*	2
725	29003	171	182	0	0	*	2
726	29043	173	182	0	0	*	2
727	29083	175	182	0	0	*	2
728	29123	177	183	0	0	*	2
729	29163	179	183	0	0	*	2
730	29203	181	183	0	0	*	2
731	29243	182	183	0	0	*	2
732	29283	184	183	0	0	*	2
733	29323	186	184	0	0	*	2
734	29363	188	184	0	0	*	2
735	29403	190	184	0	0	*	2
736	29443	192	184	0	0	*	2
737	29483	194	184	0	0	*	2
738	29523	195	184	0	0	*	2
739	29563	199	185	0	0	*	2
740	29603	199	184	0	0	*	2
741	29643	203	185	0	0	*	2
742	29683	203	184	0	0	*	2
743	29723	206	184	0	0	*	2
744	29763	206	183	0	0	*	2
745	29803	208	183	0	0	*	2
746	29843	209	182	0	0	*	2
747	29883	209	182	0	0	*	2
748	29923	210	182	0	0	*	2
749	29963	211	181	0	0	*	2
750	30003	211	181	0	0	*	2
751	30043	212	180	0	0	*	2
752	30083	214	179	0	0	*	2
753	30123	215	180	0	0	*	2
754	30163	216	180	0	0	*	2
755	30203	217	180	0	0	*	2
756	30243	218	181	0	0	*	2
757	30283	218	181	0	0	*	2
758	30323	219	182	0	0	*	2
759	30363	219	183	0	0	*	2
760	30403	219	183	0	0	*	2
761	30443	220	183	0	0	*	2
762	30483	220	183	0	0	*	2
763	30523	220	182	0	0	*	2
764	30563	220	182	0	0	*	2
765	30603	221	181	0	0	*	2
766	30643	222	180	0	0	*	2
767	30683	224	179	0	0	*	2
768	30723	225	178	0	0	*	2
769	30763	225	177	0	0	*	2
770	30803	226	176	0	0	*	2
771	30843	227	176	0	0	*	2
772	30883	228	176	0	0	*	2
773	30923	229	175	0	0	*	2
774	30963	231	175	0	0	*	2
775	31003	232	175	0	0	*	2
776	31043	233	176	0	0	*	2
777	31083	234	177	0	0	*	2
778	31123	236	178	0	0	*	2
779	31163	236	178	0	0	*	2
780	31203	236	179	0	0	*	2
781	31243	235	180	0	0	*	2
782	31283	235	180	0	0	*	2
783	31323	235	182	0	0	*	2
784	31363	234	182	0	0	*	2
785	31403	232	182	0	0	*	2
786	31443	232	182	0	0	*	2
787	31483	231	182	0	0	*	2
788	31523	230	182	0	0	*	2
789	31563	229	182	0	0	*	2
790	31603	228	182	0	0	*	2
791	31643	227	183	0	0	*	2
792	31683	225	183	0	0	*	2
793	31723	224	183	0	0	*	2
794	31763	224	183	0	0	*	2
795	31803	222	183	0	0	*	2
796	31843	221	184	0	0	*	2
797	31883	219	184	0	0	*	2
798	31923	219	184	0	0	*	2
799	31963	218	184	0	0	*	2
800	32003	216	185	0	0	*	2
801	32043	215	185	0	0	*	2
802	32083	212	186	0	0	*	2
803	32123	212	186	0	0	*	2
804	32163	212	186	0	0	*	2
805	32203	211	187	0	0	*	2
806	32243	209	188	0	0	*	2
807	32283	206	188	0	0	*	2
808	32323	206	189	0	0	*	2
809	32363	203	190	0	0	*	2
810	32403	202	191	0	0	*	2
811	32443	200	192	0	0	*	2
812	32483	195	194	0	0	*	2
813	32523	197	193	0	0	*	2
814	32563	195	194	0	0	*	2
815	32603	194	195	0	0	*	2
816	32643	192	195	0	0	*	2
817	32683	190	196	0	0	*	2
818	32723	188	197	0	0	*	2
819	32763	186	198	0	0	*	2
820	32803	184	199	0	0	*	2
821	32843	182	200	0	0	*	2
822	32883	181	201	0	0	*	2
823	32923	179	202	0	0	*	2
824	32963	177	203	0	0	*	2
825	33003	175	205	0	0	*	2
826	33043	173	206	0	0	*	2
827	33083	172	207	0	0	*	2
828	33123	170	208	0	0	*	2
829	33163	168	209	0	0	*	2
830	33203	167	210	0	0	*	2
831	33243	165	211	0	0	*	2
832	33283	164	212	0	0	*	2
833	33323	162	213	0	0	*	2
834	33363	160	215	0	0	*	2
835	33403	159	216	0	0	*	2
836	33443	157	217	0	0	*	2
837	33483	156	218	0	0	*	2
838	33523	155	220	0	0	*	2
839	33563	154	221	0	0	*	2
840	33603	152	223	0	0	*	2
841	33643	150	225	0	0	*	2
842	33683	149	226	0	0	*	2
843	33723	148	228	0	0	*	2
844	33763	147	228	0	0	*	2
845	33803	146	230	0	0	*	2
846	33843	146	232	0	0	*	2
847	33883	145	233	0	0	*	2
848	33923	142	238	0	0	*	2
849	33963	142	237	0	0	*	2
850	34003	142	237	0	0	*	2
851	34043	141	239	0	0	*	2
852	34083	141	240	0	0	*	2
853	34123	139	243	0	0	*	2
854	34163	138	244	0	0	*	2
855	34203	137	244	0	0	*	2
856	34243	136	244	0	0	*	2
857	34283	135	244	0	0	*	2
858	34323	134	244	0	0	*	2
859	34363	133	244	0	0	*	2
860	34403	132	244	0	0	*	2
861	34443	130	243	0	0	*	2
862	34483	128	243	0	0	*	2
863	34523	127	243	0	0	*	2
864	34563	126	243	0	0	*	2
865	34603	126	242	0	0	*	2
866	34643	125	242	0	0	*	2
867	34683	124	242	0	0	*	2
868	34723	123	242	0	0	*	2
869	34763	122	242	0	0	*	2
870	34803	121	242	0	0	*	2
871	34843	120	242	0	0	*	2
872	34883	120	242	0	0	*	2
873	34923	118	242	0	0	*	2
874	34963	116	242	0	0	*	2
875	35003	116	242	0	0	*	2
876	35043	115	242	0	0	*	2
877	35083	113	241	0	0	*	2
878	35123	111	241	0	0	*	2
879	35163	110	241	0	0	*	2
880	35203	108	241	0	0	*	2
881	35243	103	241	0	0	*	2
882	35283	105	241	0	0	*	2
883	35323	103	241	0	0	*	2
884	35363	101	241	0	0	*	2
885	35403	94	241	0	0	*	2
886	35443	94	240	0	0	*	2
887	35483	94	240	0	0	*	2
888	35523	92	240	0	0	*	2
889	35563	90	240	0	0	*	2
890	35603	88	239	0	0	*	2
891	35643	86	238	0	0	*	2
892	35683	84	237	0	0	*	2
893	35723	83	236	0	0	*	2
894	35763	81	235	0	0	*	2
895	35803	80	234	0	0	*	2
896	35843	78	234	0	0	*	2
897	35883	76	233	0	0	*	2
898	35923	75	233	0	0	*	2
899	35963	74	232	0	0	*	2
900	36003	72	231	0	0	*	2
901	36043	71	231	0	0	*	2
902	36083	70	230	0	0	*	2
903	36123	68	229	0	0	*	2
904	36163	67	228	0	0	*	2
905	36203	65	227	0	0	*	2
906	36243	64	226	0	0	*	2
907	36283	62	226	0	0	*	2
908	36323	61	225	0	0	*	2
909	36363	59	224	0	0	*	2
910	36403	58	223	0	0	*	2
911	36443	56	222	0	0	*	2
912	36483	55	220	0	0	*	2
913	36523	54	219	0	0	*	2
914	36563	53	218	0	0	*	2
915	36603	51	217	0	0	*	2
916	36643	50	216	0	0	*	2
917	36683	49	215	0	0	*	2
918	36723	49	213	0	0	*	2
919	36763	48	212	0	0	*	2
920	36803	46	210	0	0	*	2
921	36843	45	209	0	0	*	2
922	36883	44	208	0	0	*	2
923	36923	43	206	0	0	*	2
924	36963	42	204	0	0	*	2
925	37003	41	202	0	0	*	2
926	37043	40	200	0	0	*	2
927	37083	39	199	0	0	*	2
928	37123	38	197	0	0	*	2
929	37163	37	195	0	0	*	2
930	37203	37	193	0	0	*	2
931	37243	36	192	0	0	*	2
932	37283	36	190	0	0	*	2
933	37323	35	188	0	0	*	2
934	37363	35	186	0	0	*	2
935	37403	34	185	0	0	*	2
936	37443	34	183	0	0	*	2
937	37483	34	182	0	0	*	2
938	37523	33	180	0	0	*	2
939	37563	33	178	0	0	*	2
940	37603	32	176	0	0	*	2
941	37643	32	173	0	0	*	2
942	37683	32	172	0	0	*	2
943	37723	32	170	0	0	*	2
944	37763	32	168	0	0	*	2
945	37803	32	166	0	0	*	2
946	37843	32	163	0	0	*	2
947	37883	32	161	0	0	*	2
948	37923	32	160	0	0	*	2
949	37963	32	157	0	0	*	2
950	38003	32	156	0	0	*	2
951	38043	33	153	0	0	*	2
952	38083	33	151	0	0	*	2
953	38123	34	149	0	0	*	2
954	38163	34	147	0	0	*	2
955	38203	35	145	0	0	*	2
956	38243	36	144	0	0	*	2
957	38283	36	141	0	0	*	2
958	38323	37	139	0	0	*	2
959	38363	38	138	0	0	*	2
960	38403	39	136	0	0	*	2
961	38443	40	135	0	0	*	2
962	38483	41	133	0	0	*	2
963	38523	42	131	0	0	*	2
964	38563	43	129	0	0	*	2
965	38603	45	127	0	0	*	2
966	38643	46	126	0	0	*	2
967	38683	47	124	0	0	*	2
968	38723	48	123	0	0	*	2
969	38763	49	121	0	0	*	2
970	38803	51	120	0	0	*	2
971	38843	52	118	0	0	*	2
972	38883	54	117	0	0	*	2
973	38923	55	116	0	0	*	2
974	38963	57	115	0	0	*	2
975	39003	59	114	0	0	*	2
976	39043	60	113	0	0	*	2
977	39083	62	112	0	0	*	2
978	39123	64	111	0	0	*	2
979	39163	66	110	0	0	*	2
980	39203	68	110	0	0	*	2
981	39243	70	109	0	0	*	2
982	39283	72	108	0	0	*	2
983	39323	73	108	0	0	*	2
984	39363	76	108	0	0	*	2
985	39403	79	107	0	0	*	2
986	39443	81	107	0	0	*	2
987	39483	83	107	0	0	*	2
988	39523	85	107	0	0	*	2
989	39563	86	107	0	0	*	2
990	39603	89	108	0	0	*	2
991	39643	92	108	0	0	*	2
992	39683	93	108	0	0	*	2
993	39723	95	108	0	0	*	2
994	39763	96	109	0	0	*	2
995	39803	99	110	0	0	*	2
996	39843	101	111	0	0	*	2
997	39883	103	111	0	0	*	2
998	39923	105	112	0	0	*	2
999	39963	107	113	0	0	*	2
1000	40003	108	113	0	0	*	2
1001	40043	110	115	0	0	*	2
1002	40083	112	116	0	0	*	2
1003	40123	113	116	0	0	*	2
1004	40163	116	117	0	0	*	2
1005	40203	118	118	0	0	*	2
1006	40243	120	119	0	0	*	2
1007	40283	122	120	0	0	*	2
1008	40323	123	121	0	0	*	2
1009	40363	126	122	0	0	*	2
1010	40403	127	123	0	0	*	2
1011	40443	129	124	0	0	*	2
1012	40483	132	125	0	0	*	2
1013	40523	133	126	0	0	*	2
1014	40563	135	127	0	0	*	2
1015	40603	137	128	0	0	*	2
1016	40643	138	129	0	0	*	2
1017	40683	140	131	0	0	*	2
1018	40723	142	132	0	0	*	2
1019	40763	144	133	0	0	*	2
1020	40803	146	134	0	0	*	2
1021	40843	146	134	0	0	*	2
1022	40883	149	137	0	0	*	2
1023	40923	149	137	0	0	*	2
1024	40963	151	139	0	0	*	2
1025	41003	153	139	0	0	*	2
1026	41043	156	141	0	0	*	2
1027	41083	156	142	0	0	*	2
1028	41123	158	143	0	0	*	2
1029	41163	159	144	0	0	*	2
1030	41203	161	145	0	0	*	2
1031	41243	163	147	0	0	*	2
1032	41283	164	148	0	0	*	2
1033	41323	166	149	0	0	*	2
1034	41363	167	151	0	0	*	2
1035	41403	170	153	0	0	*	2
1036	41443	170	154	0	0	*	2
1037	41483	172	155	0	0	*	2
1038	41523	173	156	0	0	*	2
1039	41563	175	158	0	0	*	2
1040	41603	176	160	0	0	*	2
1041	41643	177	161	0	0	*	2
1042	41683	181	166	0	0	*	2
1043	41723	180	164	0	0	*	2
1044	41763	182	167	0	0	*	2
1045	41803	182	169	0	0	*	2
1046	41843	183	170	0	0	*	2
1047	41883	184	171	0	0	*	2
1048	41923	186	177	0	0	*	2
1049	41963	185	174	0	0	*	2
1050	42003	186	176	0	0	*	2
1051	42043	187	178	0	0	*	2
1052	42083	188	179	0	0	*	2
1053	42123	189	183	0	0	*	2
1054	42163	189	183	0	0	*	2
1055	42203	189	184	0	0	*	2
1056	42243	190	185	0	0	*	2
1057	42283	190	186	0	0	*	2
1058	42323	190	188	0	0	*	2
1059	42363	190	189	0	0	*	2
1060	42403	190	191	0	0	*	2
1061	42443	189	193	0	0	*	2
1062	42483	189	194	0	0	*	2
1063	42523	189	195	0	0	*	2
1064	42563	189	196	0	0	*	2
1065	42603	188	197	0	0	*	2
1066	42643	188	199	0	0	*	2
1067	42683	188	200	0	0	*	2
1068	42723	187	201	0	0	*	2
1069	42763	187	202	0	0	*	2
1070	42803	187	203	0	0	*	2
1071	42843	186	204	0	0	*	2
1072	42883	185	205	0	0	*	2
1073	42923	184	206	0	0	*	2
1074	42963	183	207	0	0	*	2
1075	43003	182	207	0	0	*	2
1076	43043	181	208	0	0	*	2
1077	43083	180	208	0	0	*	2
1078	43123	179	208	0	0	*	2
1079	43163	178	209	0	0	*	2
1080	43203	176	209	0	0	*	2
1081	43243	175	209	0	0	*	2
1082	43283	176	209	0	0	*	2
1083	43323	173	209	0	0	*	2
1084	43363	173	209	0	0	*	2
1085	43403	173	209	0	0	*	2
1086	43443	172	209	0	0	*	2
1087	43483	171	209	0	0	*	2
1088	43523	170	209	0	0	*	2
1089	43563	169	209	0	0	*	2
1090	43603	168	208	0	0	*	2
1091	43643	167	208	0	0	*	2
1092	43683	165	208	0	0	*	2
1093	43723	164	207	0	0	*	2
1094	43763	163	206	0	0	*	2
1095	43803	161	205	0	0	*	2
1096	43843	160	205	0	0	*	2
1097	43883	158	204	0	0	*	2
1098	43923	158	203	0	0	*	2
1099	43963	156	202	0	0	*	2
1100	44003	155	200	0	0	*	2
1101	44043	154	199	0	0	*	2
1102	44083	153	198	0	0	*	2
1103	44123	152	197	0	0	*	2
1104	44163	151	196	0	0	*	2
1105	44203	150	194	0	0	*	2
1106	44243	149	192	0	0	*	2
1107	44283	148	191	0	0	*	2
1108	44323	147	189	0	0	*	2
1109	44363	146	187	0	0	*	2
1110	44403	146	186	0	0	*	2
1111	44443	146	185	0	0	*	2
1112	44483	145	183	0	0	*	2
1113	44523	144	181	0	0	*	2
1114	44563	144	179	0	0	*	2
1115	44603	143	176	0	0	*	2
1116	44643	142	175	0	0	*	2
1117	44683	142	173	0	0	*	2
1118	44723	141	171	0	0	*	2
1119	44763	141	169	0	0	*	2
1120	44803	140	167	0	0	*	2
1121	44843	140	165	0	0	*	2
1122	44883	139	164	0	0	*	2
1123	44923	139	163	0	0	*	2
1124	44963	139	161	0	0	*	2
1125	45003	139	158	0	0	*	2
1126	45043	139	157	0	0	*	2
1127	45083	138	151	0	0	*	2
1128	45123	138	153	0	0	*	2
1129	45163	138	152	0	0	*	2
1130	45203	138	149	0	0	*	2
1131	45243	138	147	0	0	*	2
1132	45283	138	142	0	0	*	2
1133	45323	138	144	0	0	*	2
1134	45363	138	142	0	0	*	2
1135	45403	139	141	0	0	*	2
1136	45443	140	138	0	0	*	2
1137	45483	140	137	0	0	*	2
1138	45523	141	135	0	0	*	2
1139	45563	143	130	0	0	*	2
1140	45603	143	129	0	0	*	2
1141	45643	143	129	0	0	*	2
1142	45683	143	128	0	0	*	2
1143	45723	144	127	0	0	*	2
1144	45763	147	124	0	0	*	2
1145	45803	146	125	0	0	*	2
1146	45843	149	122	0	0	*	2
1147	45883	150	122	0	0	*	2
1148	45923	151	122	0	0	*	2
1149	45963	152	122	0	0	*	2
1150	46003	153	122	0	0	*	2
1151	46043	155	122	0	0	*	2
1152	46083	156	122	0	0	*	2
1153	46123	157	122	0	0	*	2
1154	46163	157	123	0	0	*	2
1155	46203	159	123	0	0	*	2
1156	46243	159	123	0	0	*	2
1157	46283	161	123	0	0	*	2
1158	46323	163	123	0	0	*	2
1159	46363	163	123	0	0	*	2
1160	46403	165	123	0	0	*	2
1161	46443	166	123	0	0	*	2
1162	46483	168	123	0	0	*	2
1163	46523	170	123	0	0	*	2
1164	46563	170	123	0	0	*	2
1165	46603	173	124	0	0	*	2
1166	46643	174	123	0	0	*	2
1167	46683	178	124	0	0	*	2
1168	46723	179	124	0	0	*	2
1169	46763	176	123	0	0	*	2
1170	46803	178	123	0	0	*	2
1171	46843	180	124	0	0	*	2
1172	46883	182	124	0	0	*	2
1173	46923	183	124	0	0	*	2
1174	46963	185	124	0	0	*	2
1175	47003	187	124	0	0	*	2
1176	47043	188	124	0	0	*	2
1177	47083	191	124	0	0	*	2
1178	47123	193	125	0	0	*	2
1179	47163	194	125	0	0	*	2
1180	47203	196	125	0	0	*	2
1181	47243	201	125	0	0	*	2
1182	47283	201	125	0	0	*	2
1183	47323	206	125	0	0	*	2
1184	47363	206	125	0	0	*	2
1185	47403	211	125	0	0	*	2
1186	47443	212	125	0	0	*	2
1187	47483	214	125	0	0	*	2
1188	47523	217	125	0	0	*	2
1189	47563	218	125	0	0	*	2
1190	47603	219	125	0	0	*	2
1191	47643	221	125	0	0	*	2
1192	47683	223	125	0	0	*	2
1193	47723	224	125	0	0	*	2
1194	47763	225	125	0	0	*	2
1195	47803	227	125	0	0	*	2
1196	47843	228	125	0	0	*	2
1197	47883	230	126	0	0	*	2
1198	47923	231	126	0	0	*	2
1199	47963	231	126	0	0	*	2
1200	48003	232	127	0	0	*	2
1201	48043	233	127	0	0	*	2
1202	48083	234	128	0	0	*	2
1203	48123	235	129	0	0	*	2
1204	48163	235	129	0	0	*	2
1205	48203	235	130	0	0	*	2
1206	48243	235	131	0	0	*	2
1207	48283	236	132	0	0	*	2
1208	48323	236	133	0	0	*	2
1209	48363	236	134	0	0	*	2
1210	48403	236	134	0	0	*	2
1211	48443	236	135	0	0	*	2
1212	48483	237	136	0	0	*	2
1213	48523	237	136	0	0	*	2
1214	48563	237	137	0	0	*	2
1215	48603	237	138	0	0	*	2
1216	48643	237	139	0	0	*	2
1217	48683	237	139	0	0	*	2
1218	48723	237	140	0	0	*	2
1219	48763	237	141	0	0	*	2
1220	48803	237	141	0	0	*	2
1221	48843	237	141	0	0	*	2
1222	48883	236	143	0	0	*	2
1223	48923	235	146	0	0	*	2
1224	48963	235	146	0	0	*	2
1225	49003	235	146	0	0	*	2
1226	49043	233	150	0	0	*	2
1227	49083	233	151	0	0	*	2
1228	49123	232	153	0	0	*	2
1229	49163	232	154	0	0	*	2
1230	49203	232	153	0	0	*	2
1231	49243	231	156	0	0	*	2
1232	49283	231	156	0	0	*	2
1233	49323	231	157	0	0	*	2
1234	49363	227	162	0	0	*	2
1235	49403	228	161	0	0	*	2
1236	49443	227	162	0	0	*	2
1237	49483	226	163	0	0	*	2
1238	49523	225	165	0	0	*	2
1239	49563	224	166	0	0	*	2
1240	49603	223	168	0	0	*	2
1241	49643	221	169	0	0	*	2
1242	49683	220	171	0	0	*	2
1243	49723	219	172	0	0	*	2
1244	49763	218	173	0	0	*	2
1245	49803	217	175	0	0	*	2
1246	49843	213	179	0	0	*	2
1247	49883	213	178	0	0	*	2
1248	49923	212	180	0	0	*	2
1249	49963	208	183	0	0	*	2
1250	50003	209	182	0	0	*	2
1251	50043	208	183	0	0	*	2
1252	50083	206	185	0	0	*	2
1253	50123	205	186	0	0	*	2
1254	50163	204	187	0	0	*	2
1255	50203	200	191	0	0	*	2
1256	50243	201	191	0	0	*	2
1257	50283	200	192	0	0	*	2
1258	50323	196	196	0	0	*	2
1259	50363	196	196	0	0	*	2
1260	50403	195	197	0	0	*	2
1261	50443	194	199	0	0	*	2
1262	50483	194	200	0	0	*	2
1263	50523	193	201	0	0	*	2
1264	50563	193	202	0	0	*	2
1265	50603	192	204	0	0	*	2
1266	50643	191	206	0	0	*	2
1267	50683	189	210	0	0	*	2
1268	50723	190	207	0	0	*	2
1269	50763	189	208	0	0	*	2
1270	50803	189	209	0	0	*	2
1271	50843	188	210	0	0	*	2
1272	50883	187	212	0	0	*	2
1273	50923	186	213	0	0	*	2
1274	50963	186	215	0	0	*	2
1275	51003	185	216	0	0	*	2
1276	51043	184	218	0	0	*	2
1277	51083	183	219	0	0	*	2
1278	51123	183	220	0	0	*	2
1279	51163	183	220	0	0	*	2
1280	51203	182	221	0	0	*	2
1281	51243	182	223	0	0	*	2
1282	51283	181	224	0	0	*	2
1283	51323	180	226	0	0	*	2
1284	51363	179	227	0	0	*	2
1285	51403	178	228	0	0	*	2
1286	51443	178	230	0	0	*	2
1287	51483	176	231	0	0	*	2
1288	51523	175	232	0	0	*	2
1289	51563	174	234	0	0	*	2
1290	51603	173	235	0	0	*	2
1291	51643	171	236	0	0	*	2
1292	51683	170	237	0	0	*	2
1293	51723	169	238	0	0	*	2
1294	51763	167	238	0	0	*	2
1295	51803	166	239	0	0	*	2
1296	51843	165	240	0	0	*	2
1297	51883	163	241	0	0	*	2
1298	51923	161	242	0	0	*	2
1299	51963	160	242	0	0	*	2
1300	52003	158	243	0	0	*	2
1301	52043	156	243	0	0	*	2
1302	52083	155	244	0	0	*	2
1303	52123	152	244	0	0	*	2
1304	52163	150	244	0	0	*	2
1305	52203	149	245	0	0	*	2
1306	52243	147	245	0	0	*	2
1307	52283	146	245	0	0	*	2
1308	52323	143	246	0	0	*	2
1309	52363	141	246	0	0	*	2
1310	52403	138	246	0	0	*	2
1311	52443	137	246	0	0	*	2
1312	52483	135	246	0	0	*	2
1313	52523	133	246	0	0	*	2
1314	52563	132	246	0	0	*	2
1315	52603	124	247	0	0	*	2
1316	52643	127	246	0	0	*	2
1317	52683	125	246	0	0	*	2
1318	52723	123	245	0	0	*	2
1319	52763	122	245	0	0	*	2
1320	52803	121	245	0	0	*	2
1321	52843	119	245	0	0	*	2
1322	52883	118	245	0	0	*	2
1323	52923	116	244	0	0	*	2
1324	52963	109	245	0	0	*	2
1325	53003	109	244	0	0	*	2
1326	53043	111	244	0	0	*	2
1327	53083	109	244	0	0	*	2
1328	53123	106	244	0	0	*	2
1329	53163	103	244	0	0	*	2
1330	53203	101	244	0	0	*	2
1331	53243	100	243	0	0	*	2
1332	53283	100	243	0	0	*	2
1333	53323	98	243	0	0	*	2
1334	53363	96	243	0	0	*	2
1335	53403	94	242	0	0	*	2
1336	53443	93	242	0	0	*	2
1337	53483	91	241	0	0	*	2
1338	53523	90	241	0	0	*	2
1339	53563	89	240	0	0	*	2
1340	53603	88	240	0	0	*	2
1341	53643	87	240	0	0	*	2
1342	53683	85	239	0	0	*	2
1343	53723	84	238	0	0	*	2
1344	53763	83	238	0	0	*	2
1345	53803	82	237	0	0	*	2
1346	53843	80	237	0	0	*	2
1347	53883	79	236	0	0	*	2
1348	53923	78	235	0	0	*	2
1349	53963	76	234	0	0	*	2
1350	54003	75	233	0	0	*	2
1351	54043	74	233	0	0	*	2
1352	54083	73	232	0	0	*	2
1353	54123	72	232	0	0	*	2
1354	54163	71	231	0	0	*	2
1355	54203	70	230	0	0	*	2
1356	54243	70	229	0	0	*	2
1357	54283	69	229	0	0	*	2
1358	54323	67	228	0	0	*	2
1359	54363	66	227	0	0	*	2
1360	54403	65	226	0	0	*	2
1361	54443	64	226	0	0	*	2
1362	54483	64	225	0	0	*	2
1363	54523	62	224	0	0	*	2
1364	54563	61	223	0	0	*	2
1365	54603	59	222	0	0	*	2
1366	54643	58	220	0	0	*	2
1367	54683	57	219	0	0	*	2
1368	54723	56	218	0	0	*	2
1369	54763	54	217	0	0	*	2
1370	54803	53	215	0	0	*	2
1371	54843	52	214	0	0	*	2
1372	54883	51	212	0	0	*	2
1373	54923	50	211	0	0	*	2
1374	54963	49	209	0	0	*	2
1375	55003	47	208	0	0	*	2
1376	55043	46	207	0	0	*	2
1377	55083	45	205	0	0	*	2
1378	55123	45	203	0	0	*	2
1379	55163	44	202	0	0	*	2
1380	55203	43	199	0	0	*	2
1381	55243	42	198	0	0	*	2
1382	55283	41	196	0	0	*	2
1383	55323	40	194	0	0	*	2
1384	55363	40	192	0	0	*	2
1385	55403	39	191	0	0	*	2
1386	55443	39	189	0	0	*	2
1387	55483	38	187	0	0	*	2
1388	55523	38	185	0	0	*	2
1389	55563	37	183	0	0	*	2
1390	55603	37	181	0	0	*	2
1391	55643	37	180	0	0	*	2
1392	55683	37	178	0	0	*	2
1393	55723	36	176	0	0	*	2
1394	55763	36	174	0	0	*	2
1395	55803	36	172	0	0	*	2
1396	55843	36	170	0	0	*	2
1397	55883	36	168	0	0	*	2
1398	55923	36	166	0	0	*	2
1399	55963	36	164	0	0	*	2
1400	56003	36	162	0	0	*	2
1401	56043	36	161	0	0	*	2
1402	56083	36	158	0	0	*	2
1403	56123	36	156	0	0	*	2
1404	56163	36	154	0	0	*	2
1405	56203	36	153	0	0	*	2
1406	56243	36	150	0	0	*	2
1407	56283	37	148	0	0	*	2
1408	56323	37	146	0	0	*	2
1409	56363	37	144	0	0	*	2
1410	56403	37	142	0	0	*	2
1411	56443	37	140	0	0	*	2
1412	56483	38	138	0	0	*	2
1413	56523	38	136	0	0	*	2
1414	56563	38	134	0	0	*	2
1415	56603	39	133	0	0	*	2
1416	56643	39	130	0	0	*	2
1417	56683	39	128	0	0	*	2
1418	56723	40	126	0	0	*	2
1419	56763	40	124	0	0	*	2
1420	56803	41	122	0	0	*	2
1421	56843	41	120	0	0	*	2
1422	56883	41	118	0	0	*	2
1423	56923	41	116	0	0	*	2
1424	56963	42	115	0	0	*	2
1425	57003	42	112	0	0	*	2
1426	57043	43	110	0	0	*	2
1427	57083	43	108	0	0	*	2
1428	57123	43	107	0	0	*	2
1429	57163	44	105	0	0	*	2
1430	57203	44	103	0	0	*	2
1431	57243	44	101	0	0	*	2
1432	57283	45	99	0	0	*	2
1433	57323	45	97	0	0	*	2
1434	57363	45	95	0	0	*	2
1435	57403	45	94	0	0	*	2
1436	57443	45	93	0	0	*	2
1437	57483	45	91	0	0	*	2
1438	57523	45	88	0	0	*	2
1439	57563	46	87	0	0	*	2
1440	57603	45	86	0	0	*	2
1441	57643	45	84	0	0	*	2
1442	57683	45	82	0	0	*	2
1443	57723	45	81	0	0	*	2
1444	57763	45	79	0	0	*	2
1445	57803	45	77	0	0	*	2
1446	57843	45	76	0	0	*	2
1447	57883	44	75	0	0	*	2
1448	57923	44	73	0	0	*	2
1449	57963	44	72	0	0	*	2
1450	58003	44	71	0	0	*	2
1451	58043	44	70	0	0	*	2
1452	58083	44	69	0	0	*	2
1453	58123	44	67	0	0	*	2
1454	58163	44	66	0	0	*	2
1455	58203	44	64	0	0	*	2
1456	58243	44	62	0	0	*	2
1457	58283	45	62	0	0	*	2
1458	58323	45	61	0	0	*	2
1459	58363	45	60	0	0	*	2
1460	58403	46	58	0	0	*	2
1461	58443	46	57	0	0	*	2
1462	58483	47	56	0	0	*	2
1463	58523	47	55	0	0	*	2
1464	58563	47	53	0	0	*	2
1465	58603	48	52	0	0	*	2
1466	58643	49	51	0	0	*	2
1467	58683	50	49	0	0	*	2
1468	58723	50	48	0	0	*	2
1469	58763	51	47	0	0	*	2
1470	58803	52	46	0	0	*	2
1471	58843	54	45	0	0	*	2
1472	58883	55	44	0	0	*	2
1473	58923	56	43	0	0	*	2
1474	58963	57	42	0	0	*	2
1475	59003	59	40	0	0	*	2
1476	59043	60	40	0	0	*	2
1477	59083	61	39	0	0	*	2
1478	59123	63	38	0	0	*	2
1479	59163	65	37	0	0	*	2
1480	59203	66	36	0	0	*	2
1481	59243	67	36	0	0	*	2
1482	59283	69	35	0	0	*	2
1483	59323	72	34	0	0	*	2
1484	59363	74	34	0	0	*	2
1485	59403	76	33	0	0	*	2
1486	59443	80	33	0	0	*	2
1487	59483	77	33	0	0	*	2
1488	59523	81	33	0	0	*	2
1489	59563	83	32	0	0	*	2
1490	59603	85	33	0	0	*	2
1491	59643	86	33	0	0	*	2
1492	59683	87	33	0	0	*	2
1493	59723	89	33	0	0	*	2
1494	59763	94	34	0	0	*	2
1495	59803	94	35	0	0	*	2
1496	59843	96	35	0	0	*	2
1497	59883	97	35	0	0	*	2
1498	59923	98	36	0	0	*	2
1499	59963	100	37	0	0	*	2
1500	60003	101	38	0	0	*	2
1501	60043	103	39	0	0	*	2
1502	60083	105	40	0	0	*	2
1503	60123	106	41	0	0	*	2
1504	60163	107	42	0	0	*	2
1505	60203	109	43	0	0	*	2
1506	60243	110	44	0	0	*	2
1507	60283	112	46	0	0	*	2
1508	60323	113	47	0	0	*	2
1509	60363	114	48	0	0	*	2
1510	60403	115	49	0	0	*	2
1511	60443	117	51	0	0	*	2
1512	60483	118	52	0	0	*	2
1513	60523	120	54	0	0	*	2
1514	60563	121	55	0	0	*	2
1515	60603	122	57	0	0	*	2
1516	60643	123	58	0	0	*	2
1517	60683	124	60	0	0	*	2
1518	60723	125	61	0	0	*	2
1519	60763	127	63	0	0	*	2
1520	60803	128	65	0	0	*	2
1521	60843	129	66	0	0	*	2
1522	60883	130	68	0	0	*	2
1523	60923	131	70	0	0	*	2
1524	60963	132	71	0	0	*	2
1525	61003	134	73	0	0	*	2
1526	61043	134	75	0	0	*	2
1527	61083	136	77	0	0	*	2
1528	61123	137	79	0	0	*	2
1529	61163	138	80	0	0	*	2
1530	61203	139	82	0	0	*	2
1531	61243	140	84	0	0	*	2
1532	61283	141	86	0	0	*	2
1533	61323	142	88	0	0	*	2
1534	61363	145	93	0	0	*	2
1535	61403	144	92	0	0	*	2
1536	61443	146	93	0	0	*	2
1537	61483	146	95	0	0	*	2
1538	61523	149	101	0	0	*	2
1539	61563	148	100	0	0	*	2
1540	61603	151	105	0	0	*	2
