%%BEGIN_HEADER
	%%BEGIN DATABASE_INFORMATION
		%Date.0 ( 13.9.2019 )
		%Time.0 ( 14:26 )
	%%END DATABASE_INFORMATION
	%%BEGIN SETUP_INFORMATION
		%TrackerVersion.0 ( Tracker version 2.38 release 12.8.2012 )
		%ElapsedTime_ms.0 ( 61061 )
		%Paradigm.0 ( PlacePreference )
		%FeederParameters.0 ( 1500 0 )
			// %FeederParameters.0 ( ENTRANCE_LATENCY EXIT_LATENCY )
		%ElapsedPath_m.0 ( 0.00 )
		%ArenaDiameter_m.0 ( 1.80 )
		%TrackerResolution_PixPerCM.0 ( 1.4222 )
		%ArenaCenterXY.0 ( 127.5 127.5 )
		%Frame.0 ( RoomFrame )
		%ReinforcedSector.0 ( 127.5000 38.2500 7 )
			//%ReinforcedSector.0 ( CENTER_X CENTER_Y RADIUS )
		%RoomTrackReinforcedSector.0 ( 127.5000 38.2500 7 )
			//%RoomTrackReinforcedSector.0 ( CENTER_X CENTER_Y RADIUS )
	%%END SETUP_INFORMATION
	%%BEGIN RECORD_FORMAT
		%Sample.0 ( FrameCount 1msTimeStamp RoomX RoomY Sectors State Flags FrameInfo )
			//Sectors indicate if the object is in a target. Number is binary coded. Sectors = 0: no target, Sectors = 1: room target, Sectors: = 2 arena target, Sectors: = 3 room and arena target
			////State indicates the Watermaze State: OutsideTarget = 0, EntranceLatency = 1, InsideTarget = 3, OutsideRefractory = 4, BadSpot = 5
			//FrameInfo indicates succesfuly tracked spots: ReferencePoint * 2^0 + Spot0 * 2^(1+0) + Spot1 * 2^(1+1) + Spot2 * 2^(1+2) .... 
	%%END RECORD_FORMAT
%%END_HEADER
1	60	243	165	0	0	*	2
2	100	243	164	0	0	*	2
3	140	241	164	0	0	*	2
4	180	240	166	0	0	*	2
5	220	239	167	0	0	*	2
6	260	239	166	0	0	*	2
7	300	239	167	0	0	*	2
8	340	240	168	0	0	*	2
9	380	239	169	0	0	*	2
10	420	238	170	0	0	*	2
11	460	237	171	0	0	*	2
12	500	237	171	0	0	*	2
13	540	235	171	0	0	*	2
14	580	235	173	0	0	*	2
15	620	233	173	0	0	*	2
16	660	233	174	0	0	*	2
17	700	232	174	0	0	*	2
18	740	231	175	0	0	*	2
19	780	230	176	0	0	*	2
20	820	228	177	0	0	*	2
21	860	227	177	0	0	*	2
22	900	225	179	0	0	*	2
23	940	224	179	0	0	*	2
24	980	224	179	0	0	*	2
25	1020	222	180	0	0	*	2
26	1060	220	181	0	0	*	2
27	1100	219	182	0	0	*	2
28	1140	217	183	0	0	*	2
29	1180	211	185	0	0	*	2
30	1220	213	184	0	0	*	2
31	1260	211	185	0	0	*	2
32	1300	209	185	0	0	*	2
33	1340	206	185	0	0	*	2
34	1380	204	186	0	0	*	2
35	1420	202	186	0	0	*	2
36	1460	199	186	0	0	*	2
37	1500	195	186	0	0	*	2
38	1540	190	186	0	0	*	2
39	1580	191	186	0	0	*	2
40	1620	189	186	0	0	*	2
41	1660	186	186	0	0	*	2
42	1700	183	186	0	0	*	2
43	1740	180	186	0	0	*	2
44	1780	178	185	0	0	*	2
45	1820	176	185	0	0	*	2
46	1860	173	185	0	0	*	2
47	1900	170	185	0	0	*	2
48	1940	167	185	0	0	*	2
49	1980	164	185	0	0	*	2
50	2020	161	185	0	0	*	2
51	2060	158	185	0	0	*	2
52	2100	156	185	0	0	*	2
53	2140	152	185	0	0	*	2
54	2180	150	186	0	0	*	2
55	2220	146	187	0	0	*	2
56	2260	144	188	0	0	*	2
57	2300	142	189	0	0	*	2
58	2340	140	190	0	0	*	2
59	2380	138	191	0	0	*	2
60	2420	136	192	0	0	*	2
61	2460	134	194	0	0	*	2
62	2500	132	195	0	0	*	2
63	2540	129	196	0	0	*	2
64	2580	127	197	0	0	*	2
65	2620	126	198	0	0	*	2
66	2660	126	197	0	0	*	2
67	2700	126	197	0	0	*	2
68	2740	125	197	0	0	*	2
69	2780	123	197	0	0	*	2
70	2820	121	197	0	0	*	2
71	2860	120	197	0	0	*	2
72	2900	119	197	0	0	*	2
73	2940	118	197	0	0	*	2
74	2980	116	197	0	0	*	2
75	3020	115	197	0	0	*	2
76	3060	115	198	0	0	*	2
77	3100	114	199	0	0	*	2
78	3140	113	199	0	0	*	2
79	3180	112	199	0	0	*	2
80	3220	112	199	0	0	*	2
81	3260	112	200	0	0	*	2
82	3300	111	200	0	0	*	2
83	3340	110	200	0	0	*	2
84	3380	110	201	0	0	*	2
85	3420	109	201	0	0	*	2
86	3460	109	200	0	0	*	2
87	3500	109	200	0	0	*	2
88	3540	109	201	0	0	*	2
89	3580	108	200	0	0	*	2
90	3620	107	200	0	0	*	2
91	3660	107	200	0	0	*	2
92	3700	107	199	0	0	*	2
93	3740	106	198	0	0	*	2
94	3780	106	198	0	0	*	2
95	3820	106	198	0	0	*	2
96	3860	105	198	0	0	*	2
97	3900	105	197	0	0	*	2
98	3940	104	197	0	0	*	2
99	3980	103	196	0	0	*	2
100	4020	102	196	0	0	*	2
101	4060	101	196	0	0	*	2
102	4100	101	196	0	0	*	2
103	4140	99	195	0	0	*	2
104	4180	99	196	0	0	*	2
105	4220	98	197	0	0	*	2
106	4260	97	197	0	0	*	2
107	4300	96	198	0	0	*	2
108	4340	95	199	0	0	*	2
109	4380	95	200	0	0	*	2
110	4420	95	200	0	0	*	2
111	4460	95	201	0	0	*	2
112	4500	95	201	0	0	*	2
113	4540	94	202	0	0	*	2
114	4580	94	203	0	0	*	2
115	4620	93	204	0	0	*	2
116	4660	93	205	0	0	*	2
117	4700	92	206	0	0	*	2
118	4740	92	206	0	0	*	2
119	4780	91	206	0	0	*	2
120	4820	91	207	0	0	*	2
121	4860	90	207	0	0	*	2
122	4900	90	208	0	0	*	2
123	4940	89	208	0	0	*	2
124	4980	89	209	0	0	*	2
125	5020	88	209	0	0	*	2
126	5060	87	209	0	0	*	2
127	5100	85	209	0	0	*	2
128	5140	85	208	0	0	*	2
129	5180	84	208	0	0	*	2
130	5220	81	206	0	0	*	2
131	5260	81	205	0	0	*	2
132	5300	80	204	0	0	*	2
133	5340	80	203	0	0	*	2
134	5380	79	202	0	0	*	2
135	5420	78	201	0	0	*	2
136	5460	78	200	0	0	*	2
137	5500	78	200	0	0	*	2
138	5540	78	199	0	0	*	2
139	5580	77	198	0	0	*	2
140	5620	76	197	0	0	*	2
141	5660	76	196	0	0	*	2
142	5700	75	196	0	0	*	2
143	5740	74	194	0	0	*	2
144	5780	73	193	0	0	*	2
145	5820	71	190	0	0	*	2
146	5860	70	189	0	0	*	2
147	5900	69	187	0	0	*	2
148	5940	67	185	0	0	*	2
149	5980	67	185	0	0	*	2
150	6020	66	183	0	0	*	2
151	6060	65	181	0	0	*	2
152	6100	64	179	0	0	*	2
153	6140	63	177	0	0	*	2
154	6180	61	175	0	0	*	2
155	6220	61	173	0	0	*	2
156	6260	59	171	0	0	*	2
157	6300	58	169	0	0	*	2
158	6340	56	167	0	0	*	2
159	6380	54	165	0	0	*	2
160	6420	52	163	0	0	*	2
161	6460	51	162	0	0	*	2
162	6500	50	160	0	0	*	2
163	6540	49	158	0	0	*	2
164	6580	47	156	0	0	*	2
165	6620	45	155	0	0	*	2
166	6660	44	153	0	0	*	2
167	6700	42	151	0	0	*	2
168	6740	40	149	0	0	*	2
169	6780	39	148	0	0	*	2
170	6820	37	146	0	0	*	2
171	6860	35	145	0	0	*	2
172	6900	34	144	0	0	*	2
173	6940	33	143	0	0	*	2
174	6980	31	142	0	0	*	2
175	7020	29	140	0	0	*	2
176	7060	28	139	0	0	*	2
177	7100	27	139	0	0	*	2
178	7140	26	139	0	0	*	2
179	7180	24	138	0	0	*	2
180	7220	24	137	0	0	*	2
181	7260	23	136	0	0	*	2
182	7300	22	136	0	0	*	2
183	7340	22	135	0	0	*	2
184	7380	21	134	0	0	*	2
185	7420	20	133	0	0	*	2
186	7460	13	132	0	0	*	2
187	7500	12	131	0	0	*	2
188	7540	12	130	0	0	*	2
189	7580	13	129	0	0	*	2
190	7620	15	128	0	0	*	2
191	7660	14	127	0	0	*	2
192	7700	14	126	0	0	*	2
193	7740	13	124	0	0	*	2
194	7780	12	125	0	0	*	2
195	7820	15	124	0	0	*	2
196	7860	14	125	0	0	*	2
197	7900	14	125	0	0	*	2
198	7940	13	124	0	0	*	2
199	7980	12	123	0	0	*	2
200	8020	12	122	0	0	*	2
201	8060	13	120	0	0	*	2
202	8100	14	117	0	0	*	2
203	8140	20	115	0	0	*	2
204	8180	21	112	0	0	*	2
205	8220	14	111	0	0	*	2
206	8260	16	109	0	0	*	2
207	8300	21	109	0	0	*	2
208	8340	24	106	0	0	*	2
209	8380	25	104	0	0	*	2
210	8420	26	102	0	0	*	2
211	8460	28	100	0	0	*	2
212	8500	30	98	0	0	*	2
213	8540	30	97	0	0	*	2
214	8580	32	95	0	0	*	2
215	8620	33	93	0	0	*	2
216	8660	35	92	0	0	*	2
217	8700	36	90	0	0	*	2
218	8740	39	88	0	0	*	2
219	8780	41	85	0	0	*	2
220	8820	42	84	0	0	*	2
221	8860	43	83	0	0	*	2
222	8900	45	81	0	0	*	2
223	8940	47	80	0	0	*	2
224	8980	49	78	0	0	*	2
225	9020	50	76	0	0	*	2
226	9060	52	74	0	0	*	2
227	9100	54	73	0	0	*	2
228	9140	56	71	0	0	*	2
229	9180	58	70	0	0	*	2
230	9220	60	68	0	0	*	2
231	9260	61	67	0	0	*	2
232	9300	62	66	0	0	*	2
233	9340	64	65	0	0	*	2
234	9380	66	63	0	0	*	2
235	9420	67	62	0	0	*	2
236	9460	68	62	0	0	*	2
237	9500	70	61	0	0	*	2
238	9540	72	60	0	0	*	2
239	9580	73	60	0	0	*	2
240	9620	75	60	0	0	*	2
241	9660	76	60	0	0	*	2
242	9700	77	60	0	0	*	2
243	9740	78	60	0	0	*	2
244	9780	79	61	0	0	*	2
245	9820	81	61	0	0	*	2
246	9860	82	62	0	0	*	2
247	9900	84	63	0	0	*	2
248	9940	84	64	0	0	*	2
249	9980	85	64	0	0	*	2
250	10020	85	65	0	0	*	2
251	10060	86	66	0	0	*	2
252	10100	87	67	0	0	*	2
253	10140	87	68	0	0	*	2
254	10180	88	69	0	0	*	2
255	10220	88	70	0	0	*	2
256	10260	88	71	0	0	*	2
257	10300	88	73	0	0	*	2
258	10340	88	75	0	0	*	2
259	10380	89	78	0	0	*	2
260	10420	89	79	0	0	*	2
261	10460	89	81	0	0	*	2
262	10500	89	82	0	0	*	2
263	10540	89	85	0	0	*	2
264	10580	89	86	0	0	*	2
265	10620	89	88	0	0	*	2
266	10660	89	91	0	0	*	2
267	10700	89	93	0	0	*	2
268	10740	88	95	0	0	*	2
269	10780	88	96	0	0	*	2
270	10820	88	98	0	0	*	2
271	10860	88	101	0	0	*	2
272	10900	87	103	0	0	*	2
273	10940	87	105	0	0	*	2
274	10980	87	107	0	0	*	2
275	11020	87	110	0	0	*	2
276	11060	87	112	0	0	*	2
277	11100	87	115	0	0	*	2
278	11140	87	117	0	0	*	2
279	11180	86	119	0	0	*	2
280	11220	86	122	0	0	*	2
281	11260	86	125	0	0	*	2
282	11300	85	125	0	0	*	2
283	11340	85	128	0	0	*	2
284	11380	85	131	0	0	*	2
285	11420	84	134	0	0	*	2
286	11460	84	136	0	0	*	2
287	11500	83	138	0	0	*	2
288	11540	83	140	0	0	*	2
289	11580	83	142	0	0	*	2
290	11620	83	144	0	0	*	2
291	11660	82	145	0	0	*	2
292	11700	82	147	0	0	*	2
293	11740	81	148	0	0	*	2
294	11780	81	150	0	0	*	2
295	11820	80	151	0	0	*	2
296	11860	80	153	0	0	*	2
297	11900	79	154	0	0	*	2
298	11940	79	156	0	0	*	2
299	11980	78	158	0	0	*	2
300	12020	77	159	0	0	*	2
301	12060	76	161	0	0	*	2
302	12100	75	162	0	0	*	2
303	12140	74	164	0	0	*	2
304	12180	73	164	0	0	*	2
305	12220	72	166	0	0	*	2
306	12260	71	166	0	0	*	2
307	12300	69	167	0	0	*	2
308	12340	68	167	0	0	*	2
309	12380	67	167	0	0	*	2
310	12420	66	167	0	0	*	2
311	12460	64	168	0	0	*	2
312	12500	63	168	0	0	*	2
313	12540	62	168	0	0	*	2
314	12580	61	168	0	0	*	2
315	12620	59	169	0	0	*	2
316	12660	58	170	0	0	*	2
317	12700	56	171	0	0	*	2
318	12740	56	171	0	0	*	2
319	12780	55	172	0	0	*	2
320	12820	54	173	0	0	*	2
321	12860	53	173	0	0	*	2
322	12900	52	174	0	0	*	2
323	12940	51	175	0	0	*	2
324	12980	49	176	0	0	*	2
325	13020	48	177	0	0	*	2
326	13060	46	178	0	0	*	2
327	13100	45	178	0	0	*	2
328	13140	44	179	0	0	*	2
329	13180	43	181	0	0	*	2
330	13220	43	181	0	0	*	2
331	13260	43	182	0	0	*	2
332	13300	42	182	0	0	*	2
333	13340	42	183	0	0	*	2
334	13380	42	183	0	0	*	2
335	13420	42	184	0	0	*	2
336	13460	43	185	0	0	*	2
337	13500	43	185	0	0	*	2
338	13540	43	186	0	0	*	2
339	13580	43	186	0	0	*	2
340	13620	43	186	0	0	*	2
341	13660	43	188	0	0	*	2
342	13700	44	188	0	0	*	2
343	13740	44	188	0	0	*	2
344	13780	45	190	0	0	*	2
345	13820	45	190	0	0	*	2
346	13860	46	191	0	0	*	2
347	13900	47	191	0	0	*	2
348	13940	47	191	0	0	*	2
349	13980	47	191	0	0	*	2
350	14020	48	192	0	0	*	2
351	14060	49	193	0	0	*	2
352	14100	50	194	0	0	*	2
353	14140	51	194	0	0	*	2
354	14180	51	194	0	0	*	2
355	14220	52	194	0	0	*	2
356	14260	53	195	0	0	*	2
357	14300	54	195	0	0	*	2
358	14340	57	196	0	0	*	2
359	14380	58	196	0	0	*	2
360	14420	59	197	0	0	*	2
361	14460	61	197	0	0	*	2
362	14500	61	197	0	0	*	2
363	14540	64	198	0	0	*	2
364	14580	65	198	0	0	*	2
365	14620	66	198	0	0	*	2
366	14660	67	198	0	0	*	2
367	14700	69	198	0	0	*	2
368	14740	72	198	0	0	*	2
369	14780	73	198	0	0	*	2
370	14820	74	197	0	0	*	2
371	14860	76	197	0	0	*	2
372	14900	77	197	0	0	*	2
373	14940	78	196	0	0	*	2
374	14980	81	195	0	0	*	2
375	15020	82	195	0	0	*	2
376	15060	84	194	0	0	*	2
377	15100	86	193	0	0	*	2
378	15140	87	192	0	0	*	2
379	15180	89	190	0	0	*	2
380	15220	90	189	0	0	*	2
381	15260	92	188	0	0	*	2
382	15300	93	186	0	0	*	2
383	15340	94	186	0	0	*	2
384	15380	96	185	0	0	*	2
385	15420	97	183	0	0	*	2
386	15460	98	182	0	0	*	2
387	15500	99	180	0	0	*	2
388	15540	101	178	0	0	*	2
389	15580	102	177	0	0	*	2
390	15620	103	175	0	0	*	2
391	15660	105	172	0	0	*	2
392	15700	106	171	0	0	*	2
393	15740	108	168	0	0	*	2
394	15780	109	167	0	0	*	2
395	15820	109	165	0	0	*	2
396	15860	110	162	0	0	*	2
397	15900	111	162	0	0	*	2
398	15940	113	159	0	0	*	2
399	15980	114	157	0	0	*	2
400	16020	116	155	0	0	*	2
401	16060	117	153	0	0	*	2
402	16100	119	151	0	0	*	2
403	16140	121	149	0	0	*	2
404	16180	122	148	0	0	*	2
405	16220	124	146	0	0	*	2
406	16260	125	145	0	0	*	2
407	16300	127	143	0	0	*	2
408	16340	129	142	0	0	*	2
409	16380	131	141	0	0	*	2
410	16420	133	140	0	0	*	2
411	16460	135	139	0	0	*	2
412	16500	137	138	0	0	*	2
413	16540	139	137	0	0	*	2
414	16580	141	136	0	0	*	2
415	16620	144	135	0	0	*	2
416	16660	145	134	0	0	*	2
417	16700	148	133	0	0	*	2
418	16740	148	132	0	0	*	2
419	16780	150	132	0	0	*	2
420	16820	153	131	0	0	*	2
421	16860	155	130	0	0	*	2
422	16900	157	129	0	0	*	2
423	16940	160	128	0	0	*	2
424	16980	162	127	0	0	*	2
425	17020	165	126	0	0	*	2
426	17060	167	126	0	0	*	2
427	17100	169	125	0	0	*	2
428	17140	171	124	0	0	*	2
429	17180	175	123	0	0	*	2
430	17220	176	122	0	0	*	2
431	17260	180	122	0	0	*	2
432	17300	181	121	0	0	*	2
433	17340	183	120	0	0	*	2
434	17380	186	120	0	0	*	2
435	17420	187	119	0	0	*	2
436	17460	189	119	0	0	*	2
437	17500	192	119	0	0	*	2
438	17540	195	118	0	0	*	2
439	17580	197	118	0	0	*	2
440	17620	198	118	0	0	*	2
441	17660	201	118	0	0	*	2
442	17700	204	118	0	0	*	2
443	17740	205	118	0	0	*	2
444	17780	206	119	0	0	*	2
445	17820	209	119	0	0	*	2
446	17860	210	119	0	0	*	2
447	17900	212	119	0	0	*	2
448	17940	215	120	0	0	*	2
449	17980	217	120	0	0	*	2
450	18020	219	121	0	0	*	2
451	18060	220	122	0	0	*	2
452	18100	221	122	0	0	*	2
453	18140	222	122	0	0	*	2
454	18180	224	123	0	0	*	2
455	18220	226	123	0	0	*	2
456	18260	227	124	0	0	*	2
457	18300	228	125	0	0	*	2
458	18340	229	125	0	0	*	2
459	18380	230	126	0	0	*	2
460	18420	230	127	0	0	*	2
461	18460	231	128	0	0	*	2
462	18500	231	129	0	0	*	2
463	18540	231	130	0	0	*	2
464	18580	231	131	0	0	*	2
465	18620	232	132	0	0	*	2
466	18660	231	134	0	0	*	2
467	18700	231	134	0	0	*	2
468	18740	231	134	0	0	*	2
469	18780	231	135	0	0	*	2
470	18820	231	136	0	0	*	2
471	18860	231	137	0	0	*	2
472	18900	230	138	0	0	*	2
473	18940	230	138	0	0	*	2
474	18980	230	139	0	0	*	2
475	19020	230	140	0	0	*	2
476	19060	230	141	0	0	*	2
477	19100	229	141	0	0	*	2
478	19140	229	142	0	0	*	2
479	19180	228	143	0	0	*	2
480	19220	228	144	0	0	*	2
481	19260	227	146	0	0	*	2
482	19300	226	147	0	0	*	2
483	19340	225	147	0	0	*	2
484	19380	225	147	0	0	*	2
485	19420	224	149	0	0	*	2
486	19460	222	151	0	0	*	2
487	19500	222	151	0	0	*	2
488	19540	221	152	0	0	*	2
489	19580	219	153	0	0	*	2
490	19620	218	155	0	0	*	2
491	19660	217	155	0	0	*	2
492	19700	213	159	0	0	*	2
493	19740	214	158	0	0	*	2
494	19780	212	159	0	0	*	2
495	19820	211	160	0	0	*	2
496	19860	209	161	0	0	*	2
497	19900	207	162	0	0	*	2
498	19940	206	163	0	0	*	2
499	19980	204	164	0	0	*	2
500	20020	202	165	0	0	*	2
501	20060	200	166	0	0	*	2
502	20100	198	167	0	0	*	2
503	20140	196	168	0	0	*	2
504	20180	194	169	0	0	*	2
505	20220	192	170	0	0	*	2
506	20260	190	171	0	0	*	2
507	20300	188	171	0	0	*	2
508	20340	186	172	0	0	*	2
509	20380	183	172	0	0	*	2
510	20420	182	173	0	0	*	2
511	20460	179	174	0	0	*	2
512	20500	177	175	0	0	*	2
513	20540	174	175	0	0	*	2
514	20580	172	175	0	0	*	2
515	20620	169	176	0	0	*	2
516	20660	166	176	0	0	*	2
517	20700	163	177	0	0	*	2
518	20740	160	177	0	0	*	2
519	20780	158	177	0	0	*	2
520	20820	157	178	0	0	*	2
521	20860	154	178	0	0	*	2
522	20900	151	179	0	0	*	2
523	20940	148	179	0	0	*	2
524	20980	146	179	0	0	*	2
525	21020	143	180	0	0	*	2
526	21060	141	180	0	0	*	2
527	21100	138	180	0	0	*	2
528	21140	135	181	0	0	*	2
529	21180	131	181	0	0	*	2
530	21220	130	181	0	0	*	2
531	21260	128	181	0	0	*	2
532	21300	124	182	0	0	*	2
533	21340	121	182	0	0	*	2
534	21380	119	183	0	0	*	2
535	21420	117	183	0	0	*	2
536	21460	113	183	0	0	*	2
537	21500	111	183	0	0	*	2
538	21540	109	184	0	0	*	2
539	21580	106	185	0	0	*	2
540	21620	103	185	0	0	*	2
541	21660	101	185	0	0	*	2
542	21700	98	186	0	0	*	2
543	21740	96	186	0	0	*	2
544	21780	93	187	0	0	*	2
545	21820	91	188	0	0	*	2
546	21860	89	189	0	0	*	2
547	21900	86	190	0	0	*	2
548	21940	83	190	0	0	*	2
549	21980	81	191	0	0	*	2
550	22020	79	192	0	0	*	2
551	22060	77	192	0	0	*	2
552	22100	75	192	0	0	*	2
553	22140	74	193	0	0	*	2
554	22180	72	193	0	0	*	2
555	22220	70	193	0	0	*	2
556	22260	68	193	0	0	*	2
557	22300	66	194	0	0	*	2
558	22340	64	194	0	0	*	2
559	22380	63	194	0	0	*	2
560	22420	61	194	0	0	*	2
561	22460	59	194	0	0	*	2
562	22500	57	194	0	0	*	2
563	22540	56	194	0	0	*	2
564	22580	54	194	0	0	*	2
565	22620	53	194	0	0	*	2
566	22660	52	194	0	0	*	2
567	22700	48	195	0	0	*	2
568	22740	46	195	0	0	*	2
569	22780	46	196	0	0	*	2
570	22820	45	196	0	0	*	2
571	22860	44	197	0	0	*	2
572	22900	43	197	0	0	*	2
573	22940	41	198	0	0	*	2
574	22980	39	200	0	0	*	2
575	23020	37	201	0	0	*	2
576	23060	37	200	0	0	*	2
577	23100	36	200	0	0	*	2
578	23140	35	202	0	0	*	2
579	23180	36	200	0	0	*	2
580	23220	35	200	0	0	*	2
581	23260	35	201	0	0	*	2
582	23300	35	201	0	0	*	2
583	23340	34	201	0	0	*	2
584	23380	34	202	0	0	*	2
585	23420	34	202	0	0	*	2
586	23460	35	202	0	0	*	2
587	23500	35	201	0	0	*	2
588	23540	35	201	0	0	*	2
589	23580	35	201	0	0	*	2
590	23620	36	201	0	0	*	2
591	23660	36	201	0	0	*	2
592	23700	37	201	0	0	*	2
593	23740	38	201	0	0	*	2
594	23780	39	202	0	0	*	2
595	23820	39	202	0	0	*	2
596	23860	39	202	0	0	*	2
597	23900	40	203	0	0	*	2
598	23940	40	203	0	0	*	2
599	23980	41	203	0	0	*	2
600	24020	43	203	0	0	*	2
601	24060	44	205	0	0	*	2
602	24100	44	205	0	0	*	2
603	24140	45	205	0	0	*	2
604	24180	46	205	0	0	*	2
605	24220	47	206	0	0	*	2
606	24260	48	207	0	0	*	2
607	24300	49	208	0	0	*	2
608	24340	50	209	0	0	*	2
609	24380	51	210	0	0	*	2
610	24420	52	211	0	0	*	2
611	24460	53	212	0	0	*	2
612	24500	54	213	0	0	*	2
613	24540	56	215	0	0	*	2
614	24580	58	216	0	0	*	2
615	24620	59	217	0	0	*	2
616	24660	61	218	0	0	*	2
617	24700	62	219	0	0	*	2
618	24740	65	221	0	0	*	2
619	24780	67	221	0	0	*	2
620	24820	69	222	0	0	*	2
621	24860	71	223	0	0	*	2
622	24900	72	224	0	0	*	2
623	24940	74	225	0	0	*	2
624	24980	77	226	0	0	*	2
625	25020	79	227	0	0	*	2
626	25060	81	227	0	0	*	2
627	25100	83	228	0	0	*	2
628	25140	85	229	0	0	*	2
629	25180	87	229	0	0	*	2
630	25220	90	230	0	0	*	2
631	25260	92	231	0	0	*	2
632	25300	94	232	0	0	*	2
633	25340	97	232	0	0	*	2
634	25380	98	232	0	0	*	2
635	25420	101	233	0	0	*	2
636	25460	103	233	0	0	*	2
637	25500	106	234	0	0	*	2
638	25540	108	234	0	0	*	2
639	25580	110	234	0	0	*	2
640	25620	114	234	0	0	*	2
641	25660	116	234	0	0	*	2
642	25700	118	234	0	0	*	2
643	25740	120	234	0	0	*	2
644	25780	122	233	0	0	*	2
645	25820	125	233	0	0	*	2
646	25860	127	233	0	0	*	2
647	25900	130	232	0	0	*	2
648	25940	133	232	0	0	*	2
649	25980	135	232	0	0	*	2
650	26020	137	232	0	0	*	2
651	26060	139	231	0	0	*	2
652	26100	141	231	0	0	*	2
653	26140	144	231	0	0	*	2
654	26180	145	230	0	0	*	2
655	26220	147	230	0	0	*	2
656	26260	149	229	0	0	*	2
657	26300	150	229	0	0	*	2
658	26340	153	229	0	0	*	2
659	26380	155	229	0	0	*	2
660	26420	157	228	0	0	*	2
661	26460	159	228	0	0	*	2
662	26500	161	227	0	0	*	2
663	26540	162	227	0	0	*	2
664	26580	164	227	0	0	*	2
665	26620	166	226	0	0	*	2
666	26660	168	226	0	0	*	2
667	26700	170	225	0	0	*	2
668	26740	172	225	0	0	*	2
669	26780	174	225	0	0	*	2
670	26820	176	225	0	0	*	2
671	26860	177	225	0	0	*	2
672	26900	179	225	0	0	*	2
673	26940	179	226	0	0	*	2
674	26980	180	227	0	0	*	2
675	27020	181	228	0	0	*	2
676	27060	181	229	0	0	*	2
677	27100	181	229	0	0	*	2
678	27140	181	229	0	0	*	2
679	27180	182	230	0	0	*	2
680	27220	182	231	0	0	*	2
681	27260	181	231	0	0	*	2
682	27300	181	231	0	0	*	2
683	27340	181	231	0	0	*	2
684	27380	180	231	0	0	*	2
685	27420	180	231	0	0	*	2
686	27460	180	230	0	0	*	2
687	27500	178	230	0	0	*	2
688	27540	178	230	0	0	*	2
689	27580	178	230	0	0	*	2
690	27620	177	230	0	0	*	2
691	27660	177	229	0	0	*	2
692	27700	176	229	0	0	*	2
693	27740	175	229	0	0	*	2
694	27780	174	229	0	0	*	2
695	27820	173	228	0	0	*	2
696	27860	173	228	0	0	*	2
697	27900	172	228	0	0	*	2
698	27940	171	228	0	0	*	2
699	27980	170	228	0	0	*	2
700	28020	169	228	0	0	*	2
701	28060	168	228	0	0	*	2
702	28100	166	228	0	0	*	2
703	28140	165	228	0	0	*	2
704	28180	163	227	0	0	*	2
705	28220	161	227	0	0	*	2
706	28260	159	227	0	0	*	2
707	28300	158	227	0	0	*	2
708	28340	156	226	0	0	*	2
709	28380	154	226	0	0	*	2
710	28420	153	225	0	0	*	2
711	28460	150	225	0	0	*	2
712	28500	149	225	0	0	*	2
713	28540	146	224	0	0	*	2
714	28580	145	224	0	0	*	2
715	28620	143	223	0	0	*	2
716	28660	140	223	0	0	*	2
717	28700	138	223	0	0	*	2
718	28740	136	223	0	0	*	2
719	28780	134	222	0	0	*	2
720	28820	132	222	0	0	*	2
721	28860	129	222	0	0	*	2
722	28900	122	222	0	0	*	2
723	28940	124	222	0	0	*	2
724	28980	121	222	0	0	*	2
725	29020	119	221	0	0	*	2
726	29060	116	221	0	0	*	2
727	29100	114	221	0	0	*	2
728	29140	111	221	0	0	*	2
729	29180	109	221	0	0	*	2
730	29220	106	221	0	0	*	2
731	29260	104	220	0	0	*	2
732	29300	102	221	0	0	*	2
733	29340	99	221	0	0	*	2
734	29380	96	221	0	0	*	2
735	29420	94	220	0	0	*	2
736	29460	91	220	0	0	*	2
737	29500	89	220	0	0	*	2
738	29540	86	219	0	0	*	2
739	29580	85	219	0	0	*	2
740	29620	83	218	0	0	*	2
741	29660	80	218	0	0	*	2
742	29700	78	217	0	0	*	2
743	29740	76	216	0	0	*	2
744	29780	73	215	0	0	*	2
745	29820	71	214	0	0	*	2
746	29860	69	213	0	0	*	2
747	29900	67	212	0	0	*	2
748	29940	65	210	0	0	*	2
749	29980	63	210	0	0	*	2
750	30020	61	209	0	0	*	2
751	30060	59	207	0	0	*	2
752	30100	57	206	0	0	*	2
753	30140	55	204	0	0	*	2
754	30180	53	202	0	0	*	2
755	30220	51	201	0	0	*	2
756	30260	49	199	0	0	*	2
757	30300	48	198	0	0	*	2
758	30340	46	196	0	0	*	2
759	30380	44	194	0	0	*	2
760	30420	43	192	0	0	*	2
761	30460	41	191	0	0	*	2
762	30500	39	189	0	0	*	2
763	30540	36	188	0	0	*	2
764	30580	34	186	0	0	*	2
765	30620	30	185	0	0	*	2
766	30660	28	183	0	0	*	2
767	30700	25	181	0	0	*	2
768	30740	24	180	0	0	*	2
769	30780	23	179	0	0	*	2
770	30820	22	178	0	0	*	2
771	30860	20	176	0	0	*	2
772	30900	19	174	0	0	*	2
773	30940	18	172	0	0	*	2
774	30980	17	171	0	0	*	2
775	31020	16	169	0	0	*	2
776	31060	15	167	0	0	*	2
777	31100	14	165	0	0	*	2
778	31140	13	163	0	0	*	2
779	31180	12	161	0	0	*	2
780	31220	12	160	0	0	*	2
781	31260	12	159	0	0	*	2
782	31300	11	157	0	0	*	2
783	31340	10	156	0	0	*	2
784	31380	10	154	0	0	*	2
785	31420	9	152	0	0	*	2
786	31460	8	150	0	0	*	2
787	31500	8	147	0	0	*	2
788	31540	8	145	0	0	*	2
789	31580	8	144	0	0	*	2
790	31620	7	142	0	0	*	2
791	31660	7	140	0	0	*	2
792	31700	7	139	0	0	*	2
793	31740	7	136	0	0	*	2
794	31780	7	133	0	0	*	2
795	31820	7	131	0	0	*	2
796	31860	7	130	0	0	*	2
797	31900	7	129	0	0	*	2
798	31940	6	126	0	0	*	2
799	31980	6	123	0	0	*	2
800	32020	6	121	0	0	*	2
801	32060	7	118	0	0	*	2
802	32100	7	116	0	0	*	2
803	32140	7	114	0	0	*	2
804	32180	7	111	0	0	*	2
805	32220	8	109	0	0	*	2
806	32260	8	107	0	0	*	2
807	32300	9	104	0	0	*	2
808	32340	9	102	0	0	*	2
809	32380	10	99	0	0	*	2
810	32420	10	97	0	0	*	2
811	32460	11	95	0	0	*	2
812	32500	11	93	0	0	*	2
813	32540	12	91	0	0	*	2
814	32580	12	89	0	0	*	2
815	32620	13	86	0	0	*	2
816	32660	14	84	0	0	*	2
817	32700	14	82	0	0	*	2
818	32740	15	79	0	0	*	2
819	32780	16	77	0	0	*	2
820	32820	16	76	0	0	*	2
821	32860	17	74	0	0	*	2
822	32900	18	72	0	0	*	2
823	32940	19	70	0	0	*	2
824	32980	22	66	0	0	*	2
825	33020	22	66	0	0	*	2
826	33060	23	64	0	0	*	2
827	33100	24	62	0	0	*	2
828	33140	25	60	0	0	*	2
829	33180	27	58	0	0	*	2
830	33220	28	57	0	0	*	2
831	33260	29	55	0	0	*	2
832	33300	30	53	0	0	*	2
833	33340	32	51	0	0	*	2
834	33380	34	49	0	0	*	2
835	33420	36	46	0	0	*	2
836	33460	37	45	0	0	*	2
837	33500	39	43	0	0	*	2
838	33540	40	42	0	0	*	2
839	33580	42	40	0	0	*	2
840	33620	44	38	0	0	*	2
841	33660	46	36	0	0	*	2
842	33700	48	34	0	0	*	2
843	33740	49	32	0	0	*	2
844	33780	51	31	0	0	*	2
845	33820	53	29	0	0	*	2
846	33860	55	28	0	0	*	2
847	33900	57	26	0	0	*	2
848	33940	59	25	0	0	*	2
849	33980	61	24	0	0	*	2
850	34020	62	23	0	0	*	2
851	34060	64	22	0	0	*	2
852	34100	67	20	0	0	*	2
853	34140	70	19	0	0	*	2
854	34180	71	18	0	0	*	2
855	34220	73	17	0	0	*	2
856	34260	75	16	0	0	*	2
857	34300	78	15	0	0	*	2
858	34340	80	14	0	0	*	2
859	34380	82	14	0	0	*	2
860	34420	84	13	0	0	*	2
861	34460	86	12	0	0	*	2
862	34500	89	11	0	0	*	2
863	34540	90	11	0	0	*	2
864	34580	94	10	0	0	*	2
865	34620	96	10	0	0	*	2
866	34660	98	10	0	0	*	2
867	34700	101	9	0	0	*	2
868	34740	102	9	0	0	*	2
869	34780	104	8	0	0	*	2
870	34820	108	8	0	0	*	2
871	34860	109	8	0	0	*	2
872	34900	112	8	0	0	*	2
873	34940	115	7	0	0	*	2
874	34980	116	7	0	0	*	2
875	35020	118	7	0	0	*	2
876	35060	122	7	0	0	*	2
877	35100	124	7	0	0	*	2
878	35140	127	7	0	0	*	2
879	35180	129	6	0	0	*	2
880	35220	132	6	0	0	*	2
881	35260	135	6	0	0	*	2
882	35300	136	6	0	0	*	2
883	35340	139	6	0	0	*	2
884	35380	140	6	0	0	*	2
885	35420	142	6	0	0	*	2
886	35460	144	7	0	0	*	2
887	35500	146	7	0	0	*	2
888	35540	149	7	0	0	*	2
889	35580	150	8	0	0	*	2
890	35620	152	8	0	0	*	2
891	35660	155	8	0	0	*	2
892	35700	156	8	0	0	*	2
893	35740	157	9	0	0	*	2
894	35780	158	9	0	0	*	2
895	35820	159	9	0	0	*	2
896	35860	161	10	0	0	*	2
897	35900	163	11	0	0	*	2
898	35940	165	11	0	0	*	2
899	35980	166	12	0	0	*	2
900	36020	166	12	0	0	*	2
901	36060	167	12	0	0	*	2
902	36100	169	13	0	0	*	2
903	36140	170	13	0	0	*	2
904	36180	171	13	0	0	*	2
905	36220	171	14	0	0	*	2
906	36260	172	14	0	0	*	2
907	36300	174	14	0	0	*	2
908	36340	174	14	0	0	*	2
909	36380	175	14	0	0	*	2
910	36420	175	15	0	0	*	2
911	36460	175	15	0	0	*	2
912	36500	174	15	0	0	*	2
913	36540	175	15	0	0	*	2
914	36580	175	15	0	0	*	2
915	36620	175	15	0	0	*	2
916	36660	175	15	0	0	*	2
917	36700	175	15	0	0	*	2
918	36740	175	15	0	0	*	2
919	36780	175	15	0	0	*	2
920	36820	176	15	0	0	*	2
921	36860	176	15	0	0	*	2
922	36900	175	15	0	0	*	2
923	36940	174	16	0	0	*	2
924	36980	174	16	0	0	*	2
925	37020	175	16	0	0	*	2
926	37060	174	16	0	0	*	2
927	37100	174	16	0	0	*	2
928	37140	173	18	0	0	*	2
929	37180	173	18	0	0	*	2
930	37220	172	18	0	0	*	2
931	37260	171	18	0	0	*	2
932	37300	170	19	0	0	*	2
933	37340	169	19	0	0	*	2
934	37380	169	19	0	0	*	2
935	37420	169	19	0	0	*	2
936	37460	168	19	0	0	*	2
937	37500	168	19	0	0	*	2
938	37540	166	19	0	0	*	2
939	37580	165	19	0	0	*	2
940	37620	164	19	0	0	*	2
941	37660	163	19	0	0	*	2
942	37700	162	19	0	0	*	2
943	37740	161	19	0	0	*	2
944	37780	159	18	0	0	*	2
945	37820	158	18	0	0	*	2
946	37860	158	17	0	0	*	2
947	37900	156	17	0	0	*	2
948	37940	155	17	0	0	*	2
949	37980	153	17	0	0	*	2
950	38020	152	17	0	0	*	2
951	38060	151	17	0	0	*	2
952	38100	149	17	0	0	*	2
953	38140	148	17	0	0	*	2
954	38180	147	16	0	0	*	2
955	38220	145	17	0	0	*	2
956	38260	144	17	0	0	*	2
957	38300	142	17	0	0	*	2
958	38340	140	17	0	0	*	2
959	38380	139	18	0	0	*	2
960	38420	137	18	0	0	*	2
961	38460	135	19	0	0	*	2
962	38500	134	19	0	0	*	2
963	38540	132	19	0	0	*	2
964	38580	130	20	0	0	*	2
965	38620	129	20	0	0	*	2
966	38660	127	21	0	0	*	2
967	38700	124	21	0	0	*	2
968	38740	123	22	0	0	*	2
969	38780	121	22	0	0	*	2
970	38820	119	22	0	0	*	2
971	38860	117	23	0	0	*	2
972	38900	115	23	0	0	*	2
973	38940	113	23	0	0	*	2
974	38980	111	24	0	0	*	2
975	39020	109	24	0	0	*	2
976	39060	108	24	0	0	*	2
977	39100	106	25	0	0	*	2
978	39140	103	26	0	0	*	2
979	39180	101	26	0	0	*	2
980	39220	100	27	0	0	*	2
981	39260	98	27	0	0	*	2
982	39300	96	28	0	0	*	2
983	39340	94	29	0	0	*	2
984	39380	92	30	0	0	*	2
985	39420	90	30	0	0	*	2
986	39460	88	31	0	0	*	2
987	39500	85	32	0	0	*	2
988	39540	84	32	0	0	*	2
989	39580	82	33	0	0	*	2
990	39620	80	34	0	0	*	2
991	39660	77	35	0	0	*	2
992	39700	75	36	0	0	*	2
993	39740	74	36	0	0	*	2
994	39780	72	37	0	0	*	2
995	39820	72	37	0	0	*	2
996	39860	69	39	0	0	*	2
997	39900	67	40	0	0	*	2
998	39940	65	41	0	0	*	2
999	39980	63	41	0	0	*	2
1000	40020	61	42	0	0	*	2
1001	40060	60	44	0	0	*	2
1002	40100	59	45	0	0	*	2
1003	40140	57	46	0	0	*	2
1004	40180	56	46	0	0	*	2
1005	40220	55	47	0	0	*	2
1006	40260	53	48	0	0	*	2
1007	40300	51	49	0	0	*	2
1008	40340	50	51	0	0	*	2
1009	40380	49	51	0	0	*	2
1010	40420	48	52	0	0	*	2
1011	40460	47	54	0	0	*	2
1012	40500	46	55	0	0	*	2
1013	40540	44	57	0	0	*	2
1014	40580	43	58	0	0	*	2
1015	40620	42	60	0	0	*	2
1016	40660	41	61	0	0	*	2
1017	40700	40	62	0	0	*	2
1018	40740	36	63	0	0	*	2
1019	40780	38	66	0	0	*	2
1020	40820	37	68	0	0	*	2
1021	40860	36	69	0	0	*	2
1022	40900	36	70	0	0	*	2
1023	40940	35	72	0	0	*	2
1024	40980	34	73	0	0	*	2
1025	41020	34	75	0	0	*	2
1026	41060	33	77	0	0	*	2
1027	41100	33	78	0	0	*	2
1028	41140	33	80	0	0	*	2
1029	41180	32	82	0	0	*	2
1030	41220	32	84	0	0	*	2
1031	41260	32	87	0	0	*	2
1032	41300	32	89	0	0	*	2
1033	41340	32	91	0	0	*	2
1034	41380	32	93	0	0	*	2
1035	41420	31	96	0	0	*	2
1036	41460	31	97	0	0	*	2
1037	41500	31	100	0	0	*	2
1038	41540	31	102	0	0	*	2
1039	41580	31	104	0	0	*	2
1040	41620	31	106	0	0	*	2
1041	41660	30	108	0	0	*	2
1042	41700	30	108	0	0	*	2
1043	41740	29	109	0	0	*	2
1044	41780	28	110	0	0	*	2
1045	41820	27	111	0	0	*	2
1046	41860	26	112	0	0	*	2
1047	41900	24	112	0	0	*	2
1048	41940	20	112	0	0	*	2
1049	41980	20	112	0	0	*	2
1050	42020	18	112	0	0	*	2
1051	42060	17	112	0	0	*	2
1052	42100	17	112	0	0	*	2
1053	42140	15	110	0	0	*	2
1054	42180	14	109	0	0	*	2
1055	42220	13	110	0	0	*	2
1056	42260	13	109	0	0	*	2
1057	42300	12	109	0	0	*	2
1058	42340	12	108	0	0	*	2
1059	42380	12	107	0	0	*	2
1060	42420	12	107	0	0	*	2
1061	42460	11	108	0	0	*	2
1062	42500	11	106	0	0	*	2
1063	42540	11	105	0	0	*	2
1064	42580	11	104	0	0	*	2
1065	42620	11	102	0	0	*	2
1066	42661	11	102	0	0	*	2
1067	42700	11	101	0	0	*	2
1068	42741	11	101	0	0	*	2
1069	42781	11	99	0	0	*	2
1070	42821	11	98	0	0	*	2
1071	42860	11	97	0	0	*	2
1072	42901	11	95	0	0	*	2
1073	42941	11	95	0	0	*	2
1074	42980	11	94	0	0	*	2
1075	43021	12	93	0	0	*	2
1076	43061	12	92	0	0	*	2
1077	43101	12	91	0	0	*	2
1078	43141	12	90	0	0	*	2
1079	43181	12	88	0	0	*	2
1080	43221	13	86	0	0	*	2
1081	43261	14	84	0	0	*	2
1082	43301	14	83	0	0	*	2
1083	43341	15	81	0	0	*	2
1084	43381	15	79	0	0	*	2
1085	43421	16	77	0	0	*	2
1086	43461	17	76	0	0	*	2
1087	43501	18	74	0	0	*	2
1088	43541	18	73	0	0	*	2
1089	43581	19	71	0	0	*	2
1090	43621	20	69	0	0	*	2
1091	43661	21	67	0	0	*	2
1092	43701	22	66	0	0	*	2
1093	43741	23	64	0	0	*	2
1094	43781	23	63	0	0	*	2
1095	43821	24	61	0	0	*	2
1096	43861	25	59	0	0	*	2
1097	43901	26	58	0	0	*	2
1098	43941	27	57	0	0	*	2
1099	43981	28	55	0	0	*	2
1100	44021	29	54	0	0	*	2
1101	44061	31	52	0	0	*	2
1102	44101	32	51	0	0	*	2
1103	44141	33	49	0	0	*	2
1104	44181	34	48	0	0	*	2
1105	44221	36	46	0	0	*	2
1106	44261	36	46	0	0	*	2
1107	44301	37	45	0	0	*	2
1108	44341	38	43	0	0	*	2
1109	44381	39	42	0	0	*	2
1110	44421	40	42	0	0	*	2
1111	44461	41	41	0	0	*	2
1112	44501	42	39	0	0	*	2
1113	44541	44	38	0	0	*	2
1114	44581	45	37	0	0	*	2
1115	44621	47	36	0	0	*	2
1116	44661	48	35	0	0	*	2
1117	44701	49	34	0	0	*	2
1118	44741	50	33	0	0	*	2
1119	44781	51	33	0	0	*	2
1120	44821	53	31	0	0	*	2
1121	44861	54	31	0	0	*	2
1122	44901	55	30	0	0	*	2
1123	44941	56	29	0	0	*	2
1124	44981	57	28	0	0	*	2
1125	45021	59	27	0	0	*	2
1126	45061	60	27	0	0	*	2
1127	45101	61	25	0	0	*	2
1128	45141	63	25	0	0	*	2
1129	45181	65	24	0	0	*	2
1130	45221	69	23	0	0	*	2
1131	45261	68	23	0	0	*	2
1132	45301	70	23	0	0	*	2
1133	45341	72	22	0	0	*	2
1134	45381	74	23	0	0	*	2
1135	45421	77	22	0	0	*	2
1136	45461	77	22	0	0	*	2
1137	45501	79	21	0	0	*	2
1138	45541	82	21	0	0	*	2
1139	45581	84	21	0	0	*	2
1140	45621	86	20	0	0	*	2
1141	45661	89	20	0	0	*	2
1142	45701	90	19	0	0	*	2
1143	45741	92	19	0	0	*	2
1144	45781	94	18	0	0	*	2
1145	45821	97	17	0	0	*	2
1146	45861	98	16	0	0	*	2
1147	45901	99	14	0	0	*	2
1148	45941	100	12	0	0	*	2
1149	45981	101	10	0	0	*	2
1150	46021	101	9	0	0	*	2
1151	46061	102	8	0	0	*	2
1152	46101	103	8	0	0	*	2
1153	46141	103	9	0	0	*	2
1154	46181	103	8	0	0	*	2
1155	46221	103	7	0	0	*	2
1156	46261	103	7	0	0	*	2
1157	46301	103	7	0	0	*	2
1158	46341	104	7	0	0	*	2
1159	46381	104	7	0	0	*	2
1160	46421	104	7	0	0	*	2
1161	46461	104	7	0	0	*	2
1162	46501	103	7	0	0	*	2
1163	46541	103	8	0	0	*	2
1164	46581	103	8	0	0	*	2
1165	46621	104	8	0	0	*	2
1166	46661	104	8	0	0	*	2
1167	46701	103	9	0	0	*	2
1168	46741	103	10	0	0	*	2
1169	46781	103	10	0	0	*	2
1170	46821	104	11	0	0	*	2
1171	46861	103	10	0	0	*	2
1172	46901	103	12	0	0	*	2
1173	46941	103	13	0	0	*	2
1174	46981	102	13	0	0	*	2
1175	47021	102	13	0	0	*	2
1176	47061	102	14	0	0	*	2
1177	47101	101	15	0	0	*	2
1178	47141	101	15	0	0	*	2
1179	47181	101	14	0	0	*	2
1180	47221	100	15	0	0	*	2
1181	47261	99	16	0	0	*	2
1182	47301	98	17	0	0	*	2
1183	47341	97	17	0	0	*	2
1184	47381	96	18	0	0	*	2
1185	47421	95	18	0	0	*	2
1186	47461	95	18	0	0	*	2
1187	47501	93	20	0	0	*	2
1188	47541	92	20	0	0	*	2
1189	47581	91	21	0	0	*	2
1190	47621	89	22	0	0	*	2
1191	47661	88	22	0	0	*	2
1192	47701	86	23	0	0	*	2
1193	47741	85	24	0	0	*	2
1194	47781	83	25	0	0	*	2
1195	47821	82	25	0	0	*	2
1196	47861	80	26	0	0	*	2
1197	47901	79	27	0	0	*	2
1198	47941	77	28	0	0	*	2
1199	47981	76	29	0	0	*	2
1200	48021	74	30	0	0	*	2
1201	48061	73	31	0	0	*	2
1202	48101	72	32	0	0	*	2
1203	48141	71	32	0	0	*	2
1204	48181	69	34	0	0	*	2
1205	48221	67	35	0	0	*	2
1206	48261	66	36	0	0	*	2
1207	48301	64	37	0	0	*	2
1208	48341	62	38	0	0	*	2
1209	48381	60	38	0	0	*	2
1210	48421	58	39	0	0	*	2
1211	48461	57	39	0	0	*	2
1212	48501	55	41	0	0	*	2
1213	48541	51	40	0	0	*	2
1214	48581	49	40	0	0	*	2
1215	48621	48	40	0	0	*	2
1216	48661	48	41	0	0	*	2
1217	48701	47	41	0	0	*	2
1218	48741	45	42	0	0	*	2
1219	48781	43	43	0	0	*	2
1220	48821	42	42	0	0	*	2
1221	48861	40	43	0	0	*	2
1222	48901	40	44	0	0	*	2
1223	48941	40	45	0	0	*	2
1224	48981	39	46	0	0	*	2
1225	49021	38	46	0	0	*	2
1226	49061	36	46	0	0	*	2
1227	49101	35	48	0	0	*	2
1228	49141	35	48	0	0	*	2
1229	49181	34	49	0	0	*	2
1230	49221	33	50	0	0	*	2
1231	49261	32	51	0	0	*	2
1232	49301	32	52	0	0	*	2
1233	49341	32	53	0	0	*	2
1234	49381	32	52	0	0	*	2
1235	49421	30	54	0	0	*	2
1236	49461	29	56	0	0	*	2
1237	49501	29	55	0	0	*	2
1238	49541	28	56	0	0	*	2
1239	49581	28	58	0	0	*	2
1240	49621	27	59	0	0	*	2
1241	49661	26	60	0	0	*	2
1242	49701	26	60	0	0	*	2
1243	49741	26	62	0	0	*	2
1244	49781	25	64	0	0	*	2
1245	49821	24	65	0	0	*	2
1246	49861	24	66	0	0	*	2
1247	49901	24	67	0	0	*	2
1248	49941	23	68	0	0	*	2
1249	49981	23	69	0	0	*	2
1250	50021	22	70	0	0	*	2
1251	50061	22	71	0	0	*	2
1252	50101	22	72	0	0	*	2
1253	50141	22	73	0	0	*	2
1254	50181	21	74	0	0	*	2
1255	50221	21	75	0	0	*	2
1256	50261	21	77	0	0	*	2
1257	50301	20	78	0	0	*	2
1258	50341	20	79	0	0	*	2
1259	50381	21	80	0	0	*	2
1260	50421	21	81	0	0	*	2
1261	50461	21	81	0	0	*	2
1262	50501	20	84	0	0	*	2
1263	50541	20	85	0	0	*	2
1264	50581	22	85	0	0	*	2
1265	50621	22	87	0	0	*	2
1266	50661	22	88	0	0	*	2
1267	50701	25	90	0	0	*	2
1268	50741	25	92	0	0	*	2
1269	50781	26	93	0	0	*	2
1270	50821	27	94	0	0	*	2
1271	50861	32	99	0	0	*	2
1272	50901	33	100	0	0	*	2
1273	50941	34	101	0	0	*	2
1274	50981	35	103	0	0	*	2
1275	51021	36	104	0	0	*	2
1276	51061	37	105	0	0	*	2
1277	51101	39	106	0	0	*	2
1278	51141	40	107	0	0	*	2
1279	51181	41	108	0	0	*	2
1280	51221	43	109	0	0	*	2
1281	51261	44	110	0	0	*	2
1282	51301	46	111	0	0	*	2
1283	51341	47	112	0	0	*	2
1284	51381	48	113	0	0	*	2
1285	51421	49	114	0	0	*	2
1286	51461	51	115	0	0	*	2
1287	51501	52	116	0	0	*	2
1288	51541	54	117	0	0	*	2
1289	51581	55	118	0	0	*	2
1290	51621	57	120	0	0	*	2
1291	51661	59	121	0	0	*	2
1292	51701	60	122	0	0	*	2
1293	51741	62	124	0	0	*	2
1294	51781	63	126	0	0	*	2
1295	51821	65	127	0	0	*	2
1296	51861	66	129	0	0	*	2
1297	51901	67	131	0	0	*	2
1298	51941	69	133	0	0	*	2
1299	51981	70	135	0	0	*	2
1300	52021	71	137	0	0	*	2
1301	52061	72	138	0	0	*	2
1302	52101	73	139	0	0	*	2
1303	52141	74	140	0	0	*	2
1304	52181	75	142	0	0	*	2
1305	52221	76	143	0	0	*	2
1306	52261	77	145	0	0	*	2
1307	52301	79	147	0	0	*	2
1308	52341	80	149	0	0	*	2
1309	52381	81	151	0	0	*	2
1310	52421	81	152	0	0	*	2
1311	52461	82	154	0	0	*	2
1312	52501	83	155	0	0	*	2
1313	52541	83	157	0	0	*	2
1314	52581	84	159	0	0	*	2
1315	52621	84	160	0	0	*	2
1316	52661	84	162	0	0	*	2
1317	52701	84	163	0	0	*	2
1318	52741	84	165	0	0	*	2
1319	52781	84	166	0	0	*	2
1320	52821	83	170	0	0	*	2
1321	52861	82	171	0	0	*	2
1322	52901	83	171	0	0	*	2
1323	52941	82	172	0	0	*	2
1324	52981	82	174	0	0	*	2
1325	53021	81	175	0	0	*	2
1326	53061	81	176	0	0	*	2
1327	53101	80	177	0	0	*	2
1328	53141	79	178	0	0	*	2
1329	53181	79	179	0	0	*	2
1330	53221	78	180	0	0	*	2
1331	53261	77	182	0	0	*	2
1332	53301	76	182	0	0	*	2
1333	53341	75	183	0	0	*	2
1334	53381	75	183	0	0	*	2
1335	53421	74	184	0	0	*	2
1336	53461	74	184	0	0	*	2
1337	53501	73	185	0	0	*	2
1338	53541	72	185	0	0	*	2
1339	53581	71	185	0	0	*	2
1340	53621	70	186	0	0	*	2
1341	53661	69	186	0	0	*	2
1342	53701	67	186	0	0	*	2
1343	53741	67	186	0	0	*	2
1344	53781	65	186	0	0	*	2
1345	53821	63	186	0	0	*	2
1346	53861	62	186	0	0	*	2
1347	53901	61	186	0	0	*	2
1348	53941	60	186	0	0	*	2
1349	53981	60	186	0	0	*	2
1350	54021	59	186	0	0	*	2
1351	54061	58	186	0	0	*	2
1352	54101	56	186	0	0	*	2
1353	54141	54	186	0	0	*	2
1354	54181	54	186	0	0	*	2
1355	54221	53	186	0	0	*	2
1356	54261	52	185	0	0	*	2
1357	54301	50	185	0	0	*	2
1358	54341	49	185	0	0	*	2
1359	54381	48	185	0	0	*	2
1360	54421	47	185	0	0	*	2
1361	54461	46	185	0	0	*	2
1362	54501	45	186	0	0	*	2
1363	54541	45	186	0	0	*	2
1364	54581	44	187	0	0	*	2
1365	54621	43	187	0	0	*	2
1366	54661	43	187	0	0	*	2
1367	54701	43	188	0	0	*	2
1368	54741	43	188	0	0	*	2
1369	54781	42	189	0	0	*	2
1370	54821	42	190	0	0	*	2
1371	54861	42	190	0	0	*	2
1372	54901	42	190	0	0	*	2
1373	54941	42	190	0	0	*	2
1374	54981	42	191	0	0	*	2
1375	55021	42	191	0	0	*	2
1376	55061	42	191	0	0	*	2
1377	55101	43	192	0	0	*	2
1378	55141	43	192	0	0	*	2
1379	55181	42	191	0	0	*	2
1380	55221	42	191	0	0	*	2
1381	55261	42	190	0	0	*	2
1382	55301	42	191	0	0	*	2
1383	55341	42	191	0	0	*	2
1384	55381	43	192	0	0	*	2
1385	55421	43	192	0	0	*	2
1386	55461	44	192	0	0	*	2
1387	55501	44	192	0	0	*	2
1388	55541	44	193	0	0	*	2
1389	55581	45	193	0	0	*	2
1390	55621	46	194	0	0	*	2
1391	55661	46	194	0	0	*	2
1392	55701	47	194	0	0	*	2
1393	55741	48	195	0	0	*	2
1394	55781	49	195	0	0	*	2
1395	55821	49	195	0	0	*	2
1396	55861	50	195	0	0	*	2
1397	55901	51	195	0	0	*	2
1398	55941	52	195	0	0	*	2
1399	55981	53	195	0	0	*	2
1400	56021	55	195	0	0	*	2
1401	56061	57	195	0	0	*	2
1402	56101	58	195	0	0	*	2
1403	56141	60	194	0	0	*	2
1404	56181	60	194	0	0	*	2
1405	56221	61	194	0	0	*	2
1406	56261	62	194	0	0	*	2
1407	56301	63	194	0	0	*	2
1408	56341	64	193	0	0	*	2
1409	56381	66	193	0	0	*	2
1410	56421	67	192	0	0	*	2
1411	56461	68	192	0	0	*	2
1412	56501	70	191	0	0	*	2
1413	56541	71	190	0	0	*	2
1414	56581	73	189	0	0	*	2
1415	56621	74	189	0	0	*	2
1416	56661	75	188	0	0	*	2
1417	56701	76	187	0	0	*	2
1418	56741	78	186	0	0	*	2
1419	56781	79	185	0	0	*	2
1420	56821	81	184	0	0	*	2
1421	56861	82	183	0	0	*	2
1422	56901	84	182	0	0	*	2
1423	56941	85	181	0	0	*	2
1424	56981	86	180	0	0	*	2
1425	57021	87	178	0	0	*	2
1426	57061	89	177	0	0	*	2
1427	57101	91	176	0	0	*	2
1428	57141	92	175	0	0	*	2
1429	57181	94	174	0	0	*	2
1430	57221	95	173	0	0	*	2
1431	57261	97	171	0	0	*	2
1432	57301	98	170	0	0	*	2
1433	57341	101	168	0	0	*	2
1434	57381	102	168	0	0	*	2
1435	57421	103	166	0	0	*	2
1436	57461	105	165	0	0	*	2
1437	57501	106	164	0	0	*	2
1438	57541	108	162	0	0	*	2
1439	57581	110	161	0	0	*	2
1440	57621	112	160	0	0	*	2
1441	57661	114	158	0	0	*	2
1442	57701	115	156	0	0	*	2
1443	57741	116	156	0	0	*	2
1444	57781	119	153	0	0	*	2
1445	57821	121	152	0	0	*	2
1446	57861	121	151	0	0	*	2
1447	57901	124	149	0	0	*	2
1448	57941	126	147	0	0	*	2
1449	57981	128	146	0	0	*	2
1450	58021	130	145	0	0	*	2
1451	58061	132	143	0	0	*	2
1452	58101	132	143	0	0	*	2
1453	58141	134	141	0	0	*	2
1454	58181	136	140	0	0	*	2
1455	58221	139	138	0	0	*	2
1456	58261	142	136	0	0	*	2
1457	58301	143	134	0	0	*	2
1458	58341	142	135	0	0	*	2
1459	58381	143	134	0	0	*	2
1460	58421	145	132	0	0	*	2
1461	58461	147	131	0	0	*	2
1462	58501	149	129	0	0	*	2
1463	58541	150	128	0	0	*	2
1464	58581	152	127	0	0	*	2
1465	58621	153	125	0	0	*	2
1466	58661	155	124	0	0	*	2
1467	58701	157	123	0	0	*	2
1468	58741	158	121	0	0	*	2
1469	58781	159	120	0	0	*	2
1470	58821	161	118	0	0	*	2
1471	58861	162	117	0	0	*	2
1472	58901	165	116	0	0	*	2
1473	58941	166	115	0	0	*	2
1474	58981	168	114	0	0	*	2
1475	59021	169	112	0	0	*	2
1476	59061	170	111	0	0	*	2
1477	59101	172	109	0	0	*	2
1478	59141	173	108	0	0	*	2
1479	59181	176	107	0	0	*	2
1480	59221	177	106	0	0	*	2
1481	59261	178	105	0	0	*	2
1482	59301	180	104	0	0	*	2
1483	59341	182	103	0	0	*	2
1484	59381	183	102	0	0	*	2
1485	59421	186	100	0	0	*	2
1486	59461	188	100	0	0	*	2
1487	59501	189	99	0	0	*	2
1488	59541	191	98	0	0	*	2
1489	59581	193	97	0	0	*	2
1490	59621	194	96	0	0	*	2
1491	59661	197	95	0	0	*	2
1492	59701	198	95	0	0	*	2
1493	59741	199	94	0	0	*	2
1494	59781	204	93	0	0	*	2
1495	59821	206	92	0	0	*	2
1496	59861	208	92	0	0	*	2
1497	59901	210	91	0	0	*	2
1498	59941	211	91	0	0	*	2
1499	59981	213	90	0	0	*	2
1500	60021	216	90	0	0	*	2
1501	60061	218	89	0	0	*	2
1502	60101	219	89	0	0	*	2
1503	60141	223	88	0	0	*	2
1504	60181	225	88	0	0	*	2
1505	60221	227	87	0	0	*	2
1506	60261	229	87	0	0	*	2
1507	60301	230	87	0	0	*	2
1508	60341	232	87	0	0	*	2
1509	60381	233	87	0	0	*	2
1510	60421	235	87	0	0	*	2
1511	60461	237	87	0	0	*	2
1512	60501	238	86	0	0	*	2
1513	60541	239	86	0	0	*	2
1514	60581	241	86	0	0	*	2
1515	60621	241	86	0	0	*	2
1516	60661	242	87	0	0	*	2
1517	60701	243	87	0	0	*	2
1518	60741	243	88	0	0	*	2
1519	60781	243	88	0	0	*	2
1520	60821	244	89	0	0	*	2
1521	60861	243	89	0	0	*	2
1522	60901	244	90	0	0	*	2
1523	60941	245	91	0	0	*	2
1524	60981	245	93	0	0	*	2
1525	61021	245	93	0	0	*	2
1526	61061	246	94	0	0	*	2
