%%BEGIN_HEADER
	%%BEGIN DATABASE_INFORMATION
		%Date.0 ( 13.9.2019 )
		%Time.0 ( 14:31 )
	%%END DATABASE_INFORMATION
	%%BEGIN SETUP_INFORMATION
		%TrackerVersion.0 ( Tracker version 2.38 release 12.8.2012 )
		%ElapsedTime_ms.0 ( 22821 )
		%Paradigm.0 ( PlacePreference )
		%FeederParameters.0 ( 1500 0 )
			// %FeederParameters.0 ( ENTRANCE_LATENCY EXIT_LATENCY )
		%ElapsedPath_m.0 ( 0.00 )
		%ArenaDiameter_m.0 ( 1.80 )
		%TrackerResolution_PixPerCM.0 ( 1.4222 )
		%ArenaCenterXY.0 ( 127.5 127.5 )
		%Frame.0 ( RoomFrame )
		%ReinforcedSector.0 ( 64.3907 64.3907 7 )
			//%ReinforcedSector.0 ( CENTER_X CENTER_Y RADIUS )
		%RoomTrackReinforcedSector.0 ( 64.3907 64.3907 7 )
			//%RoomTrackReinforcedSector.0 ( CENTER_X CENTER_Y RADIUS )
	%%END SETUP_INFORMATION
	%%BEGIN RECORD_FORMAT
		%Sample.0 ( FrameCount 1msTimeStamp RoomX RoomY Sectors State Flags FrameInfo )
			//Sectors indicate if the object is in a target. Number is binary coded. Sectors = 0: no target, Sectors = 1: room target, Sectors: = 2 arena target, Sectors: = 3 room and arena target
			////State indicates the Watermaze State: OutsideTarget = 0, EntranceLatency = 1, InsideTarget = 3, OutsideRefractory = 4, BadSpot = 5
			//FrameInfo indicates succesfuly tracked spots: ReferencePoint * 2^0 + Spot0 * 2^(1+0) + Spot1 * 2^(1+1) + Spot2 * 2^(1+2) .... 
	%%END RECORD_FORMAT
%%END_HEADER
1	60	247	150	0	0	*	2
2	100	247	148	0	0	*	2
3	140	246	149	0	0	*	2
4	180	246	150	0	0	*	2
5	220	245	152	0	0	*	2
6	260	244	154	0	0	*	2
7	300	244	154	0	0	*	2
8	340	243	152	0	0	*	2
9	380	243	154	0	0	*	2
10	420	242	154	0	0	*	2
11	460	242	155	0	0	*	2
12	500	241	156	0	0	*	2
13	540	239	156	0	0	*	2
14	580	238	155	0	0	*	2
15	620	237	156	0	0	*	2
16	660	239	157	0	0	*	2
17	700	238	157	0	0	*	2
18	740	234	158	0	0	*	2
19	780	232	159	0	0	*	2
20	820	231	161	0	0	*	2
21	860	226	164	0	0	*	2
22	900	227	163	0	0	*	2
23	940	226	164	0	0	*	2
24	980	224	165	0	0	*	2
25	1020	222	166	0	0	*	2
26	1060	220	167	0	0	*	2
27	1100	218	168	0	0	*	2
28	1140	217	169	0	0	*	2
29	1180	215	170	0	0	*	2
30	1220	213	172	0	0	*	2
31	1260	210	173	0	0	*	2
32	1300	208	175	0	0	*	2
33	1340	207	176	0	0	*	2
34	1380	206	177	0	0	*	2
35	1420	204	179	0	0	*	2
36	1460	203	181	0	0	*	2
37	1500	201	182	0	0	*	2
38	1540	200	184	0	0	*	2
39	1580	199	185	0	0	*	2
40	1620	198	187	0	0	*	2
41	1660	197	188	0	0	*	2
42	1700	195	189	0	0	*	2
43	1740	194	191	0	0	*	2
44	1780	193	192	0	0	*	2
45	1820	192	193	0	0	*	2
46	1860	191	193	0	0	*	2
47	1900	189	194	0	0	*	2
48	1940	188	195	0	0	*	2
49	1980	187	196	0	0	*	2
50	2020	185	197	0	0	*	2
51	2060	185	197	0	0	*	2
52	2100	183	198	0	0	*	2
53	2140	182	199	0	0	*	2
54	2180	179	200	0	0	*	2
55	2220	180	201	0	0	*	2
56	2260	178	202	0	0	*	2
57	2300	177	203	0	0	*	2
58	2340	177	204	0	0	*	2
59	2380	176	205	0	0	*	2
60	2420	176	205	0	0	*	2
61	2460	175	206	0	0	*	2
62	2500	175	207	0	0	*	2
63	2540	175	208	0	0	*	2
64	2580	174	208	0	0	*	2
65	2620	174	208	0	0	*	2
66	2660	174	209	0	0	*	2
67	2700	173	210	0	0	*	2
68	2740	173	210	0	0	*	2
69	2780	172	211	0	0	*	2
70	2820	172	212	0	0	*	2
71	2860	170	214	0	0	*	2
72	2900	170	214	0	0	*	2
73	2940	169	214	0	0	*	2
74	2980	168	215	0	0	*	2
75	3020	168	215	0	0	*	2
76	3060	168	215	0	0	*	2
77	3100	167	215	0	0	*	2
78	3140	167	215	0	0	*	2
79	3180	165	216	0	0	*	2
80	3220	164	217	0	0	*	2
81	3260	165	216	0	0	*	2
82	3300	165	216	0	0	*	2
83	3340	165	216	0	0	*	2
84	3380	164	216	0	0	*	2
85	3420	164	217	0	0	*	2
86	3460	163	218	0	0	*	2
87	3500	163	218	0	0	*	2
88	3540	163	219	0	0	*	2
89	3580	163	219	0	0	*	2
90	3620	163	219	0	0	*	2
91	3660	164	220	0	0	*	2
92	3700	164	220	0	0	*	2
93	3740	165	220	0	0	*	2
94	3780	165	220	0	0	*	2
95	3820	165	220	0	0	*	2
96	3860	166	220	0	0	*	2
97	3900	166	220	0	0	*	2
98	3940	165	220	0	0	*	2
99	3980	165	220	0	0	*	2
100	4020	165	220	0	0	*	2
101	4060	165	221	0	0	*	2
102	4100	165	221	0	0	*	2
103	4140	165	220	0	0	*	2
104	4180	165	220	0	0	*	2
105	4220	164	220	0	0	*	2
106	4260	165	220	0	0	*	2
107	4300	165	220	0	0	*	2
108	4340	165	220	0	0	*	2
109	4380	165	220	0	0	*	2
110	4420	166	219	0	0	*	2
111	4460	166	219	0	0	*	2
112	4500	165	218	0	0	*	2
113	4540	165	218	0	0	*	2
114	4580	165	217	0	0	*	2
115	4620	165	217	0	0	*	2
116	4660	165	217	0	0	*	2
117	4700	165	216	0	0	*	2
118	4740	165	216	0	0	*	2
119	4780	165	216	0	0	*	2
120	4820	165	215	0	0	*	2
121	4860	164	214	0	0	*	2
122	4900	164	214	0	0	*	2
123	4940	164	213	0	0	*	2
124	4980	164	213	0	0	*	2
125	5020	163	212	0	0	*	2
126	5060	163	211	0	0	*	2
127	5100	162	211	0	0	*	2
128	5140	161	210	0	0	*	2
129	5180	161	210	0	0	*	2
130	5220	161	210	0	0	*	2
131	5260	161	209	0	0	*	2
132	5300	160	209	0	0	*	2
133	5340	159	209	0	0	*	2
134	5380	158	209	0	0	*	2
135	5420	158	208	0	0	*	2
136	5460	157	208	0	0	*	2
137	5500	156	208	0	0	*	2
138	5540	155	208	0	0	*	2
139	5580	155	208	0	0	*	2
140	5620	154	208	0	0	*	2
141	5660	154	208	0	0	*	2
142	5700	153	208	0	0	*	2
143	5740	153	208	0	0	*	2
144	5780	151	208	0	0	*	2
145	5820	151	208	0	0	*	2
146	5860	150	208	0	0	*	2
147	5900	149	208	0	0	*	2
148	5940	148	208	0	0	*	2
149	5980	146	209	0	0	*	2
150	6020	146	209	0	0	*	2
151	6060	145	209	0	0	*	2
152	6100	144	209	0	0	*	2
153	6140	138	211	0	0	*	2
154	6180	143	209	0	0	*	2
155	6220	142	209	0	0	*	2
156	6260	140	209	0	0	*	2
157	6300	139	209	0	0	*	2
158	6340	132	209	0	0	*	2
159	6380	137	210	0	0	*	2
160	6420	129	209	0	0	*	2
161	6460	131	209	0	0	*	2
162	6500	132	209	0	0	*	2
163	6540	131	209	0	0	*	2
164	6580	127	209	0	0	*	2
165	6620	123	207	0	0	*	2
166	6660	122	207	0	0	*	2
167	6700	121	206	0	0	*	2
168	6740	119	206	0	0	*	2
169	6780	118	205	0	0	*	2
170	6820	121	206	0	0	*	2
171	6860	115	204	0	0	*	2
172	6900	114	204	0	0	*	2
173	6940	112	203	0	0	*	2
174	6980	110	203	0	0	*	2
175	7020	109	202	0	0	*	2
176	7060	113	203	0	0	*	2
177	7100	107	202	0	0	*	2
178	7140	105	201	0	0	*	2
179	7180	110	202	0	0	*	2
180	7220	109	202	0	0	*	2
181	7260	107	201	0	0	*	2
182	7300	106	201	0	0	*	2
183	7340	99	199	0	0	*	2
184	7380	98	198	0	0	*	2
185	7420	103	200	0	0	*	2
186	7460	101	199	0	0	*	2
187	7500	100	198	0	0	*	2
188	7540	95	195	0	0	*	2
189	7580	98	197	0	0	*	2
190	7620	97	196	0	0	*	2
191	7660	97	195	0	0	*	2
192	7700	96	194	0	0	*	2
193	7740	95	193	0	0	*	2
194	7780	94	192	0	0	*	2
195	7820	92	190	0	0	*	2
196	7860	93	190	0	0	*	2
197	7900	91	187	0	0	*	2
198	7940	90	186	0	0	*	2
199	7980	92	190	0	0	*	2
200	8020	91	189	0	0	*	2
201	8060	90	188	0	0	*	2
202	8100	89	186	0	0	*	2
203	8140	89	185	0	0	*	2
204	8180	88	184	0	0	*	2
205	8220	88	182	0	0	*	2
206	8260	87	181	0	0	*	2
207	8300	87	181	0	0	*	2
208	8340	87	181	0	0	*	2
209	8380	87	180	0	0	*	2
210	8420	86	179	0	0	*	2
211	8460	86	178	0	0	*	2
212	8500	86	177	0	0	*	2
213	8540	86	176	0	0	*	2
214	8580	86	175	0	0	*	2
215	8620	86	174	0	0	*	2
216	8660	86	172	0	0	*	2
217	8700	86	171	0	0	*	2
218	8740	86	171	0	0	*	2
219	8780	87	170	0	0	*	2
220	8820	88	168	0	0	*	2
221	8860	89	167	0	0	*	2
222	8900	89	167	0	0	*	2
223	8940	90	166	0	0	*	2
224	8980	91	165	0	0	*	2
225	9020	92	165	0	0	*	2
226	9060	92	165	0	0	*	2
227	9100	94	164	0	0	*	2
228	9140	94	164	0	0	*	2
229	9180	95	163	0	0	*	2
230	9220	97	163	0	0	*	2
231	9260	98	162	0	0	*	2
232	9300	99	162	0	0	*	2
233	9340	101	162	0	0	*	2
234	9380	102	162	0	0	*	2
235	9420	107	162	0	0	*	2
236	9460	109	162	0	0	*	2
237	9500	107	162	0	0	*	2
238	9540	108	162	0	0	*	2
239	9580	109	162	0	0	*	2
240	9620	111	162	0	0	*	2
241	9660	113	162	0	0	*	2
242	9700	115	162	0	0	*	2
243	9740	117	162	0	0	*	2
244	9780	118	162	0	0	*	2
245	9820	121	162	0	0	*	2
246	9860	122	162	0	0	*	2
247	9900	126	163	0	0	*	2
248	9940	124	162	0	0	*	2
249	9980	130	163	0	0	*	2
250	10020	128	163	0	0	*	2
251	10060	130	164	0	0	*	2
252	10100	132	164	0	0	*	2
253	10140	134	165	0	0	*	2
254	10180	134	165	0	0	*	2
255	10220	136	166	0	0	*	2
256	10260	137	167	0	0	*	2
257	10300	139	168	0	0	*	2
258	10340	142	169	0	0	*	2
259	10380	143	169	0	0	*	2
260	10420	144	170	0	0	*	2
261	10460	145	171	0	0	*	2
262	10500	147	172	0	0	*	2
263	10540	149	174	0	0	*	2
264	10580	150	175	0	0	*	2
265	10620	151	176	0	0	*	2
266	10660	152	177	0	0	*	2
267	10700	153	177	0	0	*	2
268	10740	154	178	0	0	*	2
269	10780	155	180	0	0	*	2
270	10820	156	181	0	0	*	2
271	10860	157	182	0	0	*	2
272	10900	158	183	0	0	*	2
273	10940	158	184	0	0	*	2
274	10980	159	185	0	0	*	2
275	11020	159	186	0	0	*	2
276	11060	160	187	0	0	*	2
277	11100	160	187	0	0	*	2
278	11140	161	189	0	0	*	2
279	11180	161	190	0	0	*	2
280	11220	161	191	0	0	*	2
281	11260	162	192	0	0	*	2
282	11300	162	193	0	0	*	2
283	11340	162	194	0	0	*	2
284	11380	163	195	0	0	*	2
285	11420	163	197	0	0	*	2
286	11460	164	197	0	0	*	2
287	11500	164	198	0	0	*	2
288	11540	164	198	0	0	*	2
289	11580	164	199	0	0	*	2
290	11620	165	199	0	0	*	2
291	11660	165	200	0	0	*	2
292	11700	165	200	0	0	*	2
293	11740	165	201	0	0	*	2
294	11780	165	201	0	0	*	2
295	11820	165	201	0	0	*	2
296	11860	165	202	0	0	*	2
297	11900	165	203	0	0	*	2
298	11940	166	204	0	0	*	2
299	11980	166	204	0	0	*	2
300	12020	166	205	0	0	*	2
301	12060	166	205	0	0	*	2
302	12100	166	206	0	0	*	2
303	12140	166	206	0	0	*	2
304	12180	166	206	0	0	*	2
305	12220	166	207	0	0	*	2
306	12260	166	207	0	0	*	2
307	12300	167	208	0	0	*	2
308	12340	168	209	0	0	*	2
309	12380	168	209	0	0	*	2
310	12420	168	209	0	0	*	2
311	12460	168	209	0	0	*	2
312	12500	168	209	0	0	*	2
313	12540	170	210	0	0	*	2
314	12580	170	210	0	0	*	2
315	12620	171	210	0	0	*	2
316	12660	171	210	0	0	*	2
317	12700	172	210	0	0	*	2
318	12740	172	210	0	0	*	2
319	12781	173	211	0	0	*	2
320	12821	175	210	0	0	*	2
321	12861	176	210	0	0	*	2
322	12901	176	210	0	0	*	2
323	12940	177	211	0	0	*	2
324	12981	178	211	0	0	*	2
325	13021	180	211	0	0	*	2
326	13061	181	211	0	0	*	2
327	13101	182	212	0	0	*	2
328	13141	182	212	0	0	*	2
329	13181	182	213	0	0	*	2
330	13221	182	213	0	0	*	2
331	13261	183	213	0	0	*	2
332	13301	183	213	0	0	*	2
333	13341	184	213	0	0	*	2
334	13381	187	214	0	0	*	2
335	13421	188	214	0	0	*	2
336	13461	188	214	0	0	*	2
337	13501	189	214	0	0	*	2
338	13541	189	214	0	0	*	2
339	13581	190	214	0	0	*	2
340	13621	190	213	0	0	*	2
341	13661	190	213	0	0	*	2
342	13701	190	213	0	0	*	2
343	13741	191	213	0	0	*	2
344	13781	191	212	0	0	*	2
345	13821	191	212	0	0	*	2
346	13861	192	211	0	0	*	2
347	13901	192	211	0	0	*	2
348	13941	192	211	0	0	*	2
349	13981	192	211	0	0	*	2
350	14021	193	210	0	0	*	2
351	14061	194	210	0	0	*	2
352	14101	194	209	0	0	*	2
353	14141	194	209	0	0	*	2
354	14181	194	209	0	0	*	2
355	14221	194	208	0	0	*	2
356	14261	195	207	0	0	*	2
357	14301	195	207	0	0	*	2
358	14341	195	205	0	0	*	2
359	14381	196	204	0	0	*	2
360	14421	196	204	0	0	*	2
361	14461	196	203	0	0	*	2
362	14501	197	201	0	0	*	2
363	14541	198	200	0	0	*	2
364	14581	198	198	0	0	*	2
365	14621	199	197	0	0	*	2
366	14661	199	196	0	0	*	2
367	14701	200	194	0	0	*	2
368	14741	200	192	0	0	*	2
369	14781	200	191	0	0	*	2
370	14821	201	188	0	0	*	2
371	14861	201	187	0	0	*	2
372	14901	201	185	0	0	*	2
373	14941	202	184	0	0	*	2
374	14981	202	182	0	0	*	2
375	15021	203	180	0	0	*	2
376	15061	203	177	0	0	*	2
377	15101	203	176	0	0	*	2
378	15141	203	174	0	0	*	2
379	15181	203	172	0	0	*	2
380	15221	204	170	0	0	*	2
381	15261	204	167	0	0	*	2
382	15301	204	165	0	0	*	2
383	15341	204	163	0	0	*	2
384	15381	204	160	0	0	*	2
385	15421	204	158	0	0	*	2
386	15461	204	156	0	0	*	2
387	15501	204	154	0	0	*	2
388	15541	204	151	0	0	*	2
389	15581	204	149	0	0	*	2
390	15621	204	147	0	0	*	2
391	15661	204	144	0	0	*	2
392	15701	204	142	0	0	*	2
393	15741	203	139	0	0	*	2
394	15781	203	138	0	0	*	2
395	15821	203	136	0	0	*	2
396	15861	202	133	0	0	*	2
397	15901	202	131	0	0	*	2
398	15941	202	128	0	0	*	2
399	15981	201	125	0	0	*	2
400	16021	200	123	0	0	*	2
401	16061	200	121	0	0	*	2
402	16101	199	118	0	0	*	2
403	16141	199	116	0	0	*	2
404	16181	198	114	0	0	*	2
405	16221	198	110	0	0	*	2
406	16261	197	109	0	0	*	2
407	16301	197	107	0	0	*	2
408	16341	196	105	0	0	*	2
409	16381	196	102	0	0	*	2
410	16421	195	100	0	0	*	2
411	16461	194	95	0	0	*	2
412	16501	194	93	0	0	*	2
413	16541	194	94	0	0	*	2
414	16581	194	92	0	0	*	2
415	16621	193	90	0	0	*	2
416	16661	193	86	0	0	*	2
417	16701	192	83	0	0	*	2
418	16741	192	82	0	0	*	2
419	16781	191	81	0	0	*	2
420	16821	191	79	0	0	*	2
421	16861	191	77	0	0	*	2
422	16901	191	75	0	0	*	2
423	16941	191	74	0	0	*	2
424	16981	191	72	0	0	*	2
425	17021	191	71	0	0	*	2
426	17061	192	66	0	0	*	2
427	17101	191	69	0	0	*	2
428	17141	191	69	0	0	*	2
429	17181	191	68	0	0	*	2
430	17221	191	67	0	0	*	2
431	17261	192	66	0	0	*	2
432	17301	196	63	0	0	*	2
433	17341	197	63	0	0	*	2
434	17381	193	64	0	0	*	2
435	17421	193	64	0	0	*	2
436	17461	194	63	0	0	*	2
437	17501	198	62	0	0	*	2
438	17541	200	61	0	0	*	2
439	17581	201	60	0	0	*	2
440	17621	199	59	0	0	*	2
441	17661	200	58	0	0	*	2
442	17701	200	58	0	0	*	2
443	17741	198	59	0	0	*	2
444	17781	198	58	0	0	*	2
445	17821	198	58	0	0	*	2
446	17861	199	54	0	0	*	2
447	17901	198	53	0	0	*	2
448	17941	197	54	0	0	*	2
449	17981	197	54	0	0	*	2
450	18021	196	53	0	0	*	2
451	18061	195	52	0	0	*	2
452	18101	194	50	0	0	*	2
453	18141	194	50	0	0	*	2
454	18181	193	49	0	0	*	2
455	18221	193	49	0	0	*	2
456	18261	193	50	0	0	*	2
457	18301	193	49	0	0	*	2
458	18341	192	48	0	0	*	2
459	18381	191	47	0	0	*	2
460	18421	189	46	0	0	*	2
461	18461	188	46	0	0	*	2
462	18501	189	47	0	0	*	2
463	18541	188	46	0	0	*	2
464	18581	186	45	0	0	*	2
465	18621	185	45	0	0	*	2
466	18661	185	45	0	0	*	2
467	18701	183	44	0	0	*	2
468	18741	180	43	0	0	*	2
469	18781	182	42	0	0	*	2
470	18821	180	42	0	0	*	2
471	18861	176	40	0	0	*	2
472	18901	177	40	0	0	*	2
473	18941	176	40	0	0	*	2
474	18981	174	39	0	0	*	2
475	19021	173	38	0	0	*	2
476	19061	172	38	0	0	*	2
477	19101	170	37	0	0	*	2
478	19141	168	36	0	0	*	2
479	19181	166	36	0	0	*	2
480	19221	164	35	0	0	*	2
481	19261	162	34	0	0	*	2
482	19301	160	33	0	0	*	2
483	19341	158	33	0	0	*	2
484	19381	156	32	0	0	*	2
485	19421	154	31	0	0	*	2
486	19461	152	31	0	0	*	2
487	19501	150	30	0	0	*	2
488	19541	148	29	0	0	*	2
489	19581	146	29	0	0	*	2
490	19621	145	28	0	0	*	2
491	19661	142	28	0	0	*	2
492	19701	140	27	0	0	*	2
493	19741	139	27	0	0	*	2
494	19781	137	27	0	0	*	2
495	19821	135	27	0	0	*	2
496	19861	134	27	0	0	*	2
497	19901	132	27	0	0	*	2
498	19941	130	28	0	0	*	2
499	19981	128	28	0	0	*	2
500	20021	125	29	0	0	*	2
501	20061	123	29	0	0	*	2
502	20101	121	30	0	0	*	2
503	20141	119	31	0	0	*	2
504	20181	117	32	0	0	*	2
505	20221	115	32	0	0	*	2
506	20261	113	33	0	0	*	2
507	20301	111	34	0	0	*	2
508	20341	109	34	0	0	*	2
509	20381	108	35	0	0	*	2
510	20421	105	36	0	0	*	2
511	20461	104	37	0	0	*	2
512	20501	101	38	0	0	*	2
513	20541	99	39	0	0	*	2
514	20581	97	40	0	0	*	2
515	20621	95	41	0	0	*	2
516	20661	92	42	0	0	*	2
517	20701	91	42	0	0	*	2
518	20741	89	43	0	0	*	2
519	20781	87	44	0	0	*	2
520	20821	85	45	0	0	*	2
521	20861	83	46	0	0	*	2
522	20901	81	47	0	0	*	2
523	20941	79	48	0	0	*	2
524	20981	78	48	0	0	*	2
525	21021	77	49	0	0	*	2
526	21061	75	50	0	0	*	2
527	21101	74	51	0	0	*	2
528	21141	73	52	0	0	*	2
529	21181	72	53	0	0	*	2
530	21221	72	53	0	0	*	2
531	21261	70	56	0	0	*	2
532	21301	68	58	0	1	*	2
533	21341	68	58	0	1	*	2
534	21381	68	59	0	1	*	2
535	21421	67	60	0	1	*	2
536	21461	67	60	0	1	*	2
537	21501	67	61	0	1	*	2
538	21541	67	61	0	1	*	2
539	21581	66	61	0	1	*	2
540	21621	66	61	0	1	*	2
541	21661	66	62	0	1	*	2
542	21701	66	62	0	1	*	2
543	21741	65	62	0	1	*	2
544	21781	65	62	0	1	*	2
545	21821	65	62	0	1	*	2
546	21861	65	61	0	1	*	2
547	21901	66	61	0	1	*	2
548	21941	66	62	0	1	*	2
549	21981	65	63	0	1	*	2
550	22021	65	64	0	1	*	2
551	22061	65	65	0	1	*	2
552	22101	65	66	0	1	*	2
553	22141	65	67	0	1	*	2
554	22181	64	67	0	1	*	2
555	22221	64	67	0	1	*	2
556	22261	64	68	0	1	*	2
557	22301	64	68	0	1	*	2
558	22341	64	68	0	1	*	2
559	22381	63	71	0	1	*	2
560	22421	63	71	0	1	*	2
561	22461	63	68	0	1	*	2
562	22501	64	68	0	1	*	2
563	22541	64	68	0	1	*	2
564	22581	63	68	0	1	*	2
565	22621	63	69	0	1	*	2
566	22661	63	69	0	1	*	2
567	22701	63	69	0	1	*	2
568	22741	64	70	0	1	*	2
569	22781	63	70	0	1	*	2
570	22821	63	70	0	3	*	2
