%%BEGIN_HEADER
	%%BEGIN DATABASE_INFORMATION
		%Date.0 ( 30.9.2019 )
		%Time.0 ( 14:56 )
	%%END DATABASE_INFORMATION
	%%BEGIN SETUP_INFORMATION
		%TrackerVersion.0 ( Tracker version 2.38 release 12.8.2012 )
		%ElapsedTime_ms.0 ( 49532 )
		%Paradigm.0 ( PlacePreference )
		%FeederParameters.0 ( 1500 0 )
			// %FeederParameters.0 ( ENTRANCE_LATENCY EXIT_LATENCY )
		%ElapsedPath_m.0 ( 0.00 )
		%ArenaDiameter_m.0 ( 1.80 )
		%TrackerResolution_PixPerCM.0 ( 1.4222 )
		%ArenaCenterXY.0 ( 127.5 127.5 )
		%Frame.0 ( RoomFrame )
		%ReinforcedSector.0 ( 38.2500 127.5000 7 )
			//%ReinforcedSector.0 ( CENTER_X CENTER_Y RADIUS )
		%RoomTrackReinforcedSector.0 ( 38.2500 127.5000 7 )
			//%RoomTrackReinforcedSector.0 ( CENTER_X CENTER_Y RADIUS )
	%%END SETUP_INFORMATION
	%%BEGIN RECORD_FORMAT
		%Sample.0 ( FrameCount 1msTimeStamp RoomX RoomY Sectors State Flags FrameInfo )
			//Sectors indicate if the object is in a target. Number is binary coded. Sectors = 0: no target, Sectors = 1: room target, Sectors: = 2 arena target, Sectors: = 3 room and arena target
			////State indicates the Watermaze State: OutsideTarget = 0, EntranceLatency = 1, InsideTarget = 3, OutsideRefractory = 4, BadSpot = 5
			//FrameInfo indicates succesfuly tracked spots: ReferencePoint * 2^0 + Spot0 * 2^(1+0) + Spot1 * 2^(1+1) + Spot2 * 2^(1+2) .... 
	%%END RECORD_FORMAT
%%END_HEADER
1	52	210	212	0	0	*	2
2	92	209	212	0	0	*	2
3	132	208	212	0	0	*	2
4	172	207	212	0	0	*	2
5	212	206	211	0	0	*	2
6	252	206	211	0	0	*	2
7	292	205	211	0	0	*	2
8	332	204	211	0	0	*	2
9	372	203	211	0	0	*	2
10	412	203	211	0	0	*	2
11	452	202	211	0	0	*	2
12	492	201	211	0	0	*	2
13	532	200	211	0	0	*	2
14	572	199	211	0	0	*	2
15	612	198	211	0	0	*	2
16	652	197	211	0	0	*	2
17	692	196	212	0	0	*	2
18	732	195	212	0	0	*	2
19	772	194	212	0	0	*	2
20	812	193	212	0	0	*	2
21	852	192	212	0	0	*	2
22	892	191	212	0	0	*	2
23	932	190	212	0	0	*	2
24	972	189	212	0	0	*	2
25	1012	188	212	0	0	*	2
26	1052	184	214	0	0	*	2
27	1092	185	213	0	0	*	2
28	1132	183	214	0	0	*	2
29	1172	182	214	0	0	*	2
30	1212	181	215	0	0	*	2
31	1252	179	215	0	0	*	2
32	1292	177	216	0	0	*	2
33	1332	175	216	0	0	*	2
34	1372	173	217	0	0	*	2
35	1412	171	218	0	0	*	2
36	1452	170	218	0	0	*	2
37	1492	167	219	0	0	*	2
38	1532	165	220	0	0	*	2
39	1572	163	220	0	0	*	2
40	1612	161	221	0	0	*	2
41	1652	158	222	0	0	*	2
42	1692	156	222	0	0	*	2
43	1732	155	223	0	0	*	2
44	1772	153	223	0	0	*	2
45	1812	150	223	0	0	*	2
46	1852	148	223	0	0	*	2
47	1892	146	223	0	0	*	2
48	1932	144	223	0	0	*	2
49	1972	142	223	0	0	*	2
50	2012	139	223	0	0	*	2
51	2052	137	223	0	0	*	2
52	2092	135	223	0	0	*	2
53	2132	133	222	0	0	*	2
54	2172	131	222	0	0	*	2
55	2212	129	221	0	0	*	2
56	2252	122	220	0	0	*	2
57	2292	121	219	0	0	*	2
58	2332	119	219	0	0	*	2
59	2372	121	219	0	0	*	2
60	2412	119	219	0	0	*	2
61	2452	113	217	0	0	*	2
62	2492	111	217	0	0	*	2
63	2532	110	217	0	0	*	2
64	2572	109	217	0	0	*	2
65	2612	107	217	0	0	*	2
66	2652	106	218	0	0	*	2
67	2692	105	218	0	0	*	2
68	2732	104	218	0	0	*	2
69	2772	107	217	0	0	*	2
70	2812	102	219	0	0	*	2
71	2852	106	217	0	0	*	2
72	2892	105	218	0	0	*	2
73	2932	102	219	0	0	*	2
74	2972	103	218	0	0	*	2
75	3012	102	218	0	0	*	2
76	3052	102	218	0	0	*	2
77	3092	102	218	0	0	*	2
78	3132	102	219	0	0	*	2
79	3172	101	219	0	0	*	2
80	3212	101	219	0	0	*	2
81	3252	101	220	0	0	*	2
82	3292	100	223	0	0	*	2
83	3332	100	222	0	0	*	2
84	3372	100	225	0	0	*	2
85	3412	100	225	0	0	*	2
86	3452	100	225	0	0	*	2
87	3492	101	224	0	0	*	2
88	3532	101	224	0	0	*	2
89	3572	103	226	0	0	*	2
90	3612	103	225	0	0	*	2
91	3652	103	225	0	0	*	2
92	3692	105	225	0	0	*	2
93	3732	106	225	0	0	*	2
94	3772	108	225	0	0	*	2
95	3812	109	224	0	0	*	2
96	3852	110	224	0	0	*	2
97	3892	111	224	0	0	*	2
98	3932	112	223	0	0	*	2
99	3972	113	223	0	0	*	2
100	4012	115	222	0	0	*	2
101	4052	116	222	0	0	*	2
102	4092	116	222	0	0	*	2
103	4132	117	221	0	0	*	2
104	4172	118	220	0	0	*	2
105	4212	119	219	0	0	*	2
106	4252	119	219	0	0	*	2
107	4292	120	217	0	0	*	2
108	4332	121	216	0	0	*	2
109	4372	122	215	0	0	*	2
110	4412	123	214	0	0	*	2
111	4452	124	213	0	0	*	2
112	4492	125	212	0	0	*	2
113	4532	126	211	0	0	*	2
114	4572	128	209	0	0	*	2
115	4612	130	207	0	0	*	2
116	4652	131	205	0	0	*	2
117	4692	131	205	0	0	*	2
118	4732	133	204	0	0	*	2
119	4772	134	202	0	0	*	2
120	4812	136	198	0	0	*	2
121	4852	137	198	0	0	*	2
122	4892	138	196	0	0	*	2
123	4932	140	193	0	0	*	2
124	4972	141	192	0	0	*	2
125	5012	143	189	0	0	*	2
126	5052	144	188	0	0	*	2
127	5092	145	187	0	0	*	2
128	5132	146	185	0	0	*	2
129	5172	148	184	0	0	*	2
130	5212	150	182	0	0	*	2
131	5252	153	179	0	0	*	2
132	5292	154	179	0	0	*	2
133	5332	156	178	0	0	*	2
134	5372	157	177	0	0	*	2
135	5412	161	176	0	0	*	2
136	5452	163	175	0	0	*	2
137	5492	162	174	0	0	*	2
138	5532	166	172	0	0	*	2
139	5572	168	171	0	0	*	2
140	5612	170	169	0	0	*	2
141	5652	171	168	0	0	*	2
142	5692	173	167	0	0	*	2
143	5732	174	166	0	0	*	2
144	5772	176	165	0	0	*	2
145	5812	177	163	0	0	*	2
146	5852	176	164	0	0	*	2
147	5892	177	162	0	0	*	2
148	5932	179	161	0	0	*	2
149	5972	179	160	0	0	*	2
150	6012	180	158	0	0	*	2
151	6052	181	156	0	0	*	2
152	6092	182	152	0	0	*	2
153	6132	183	151	0	0	*	2
154	6172	183	150	0	0	*	2
155	6212	184	148	0	0	*	2
156	6252	185	147	0	0	*	2
157	6292	185	145	0	0	*	2
158	6332	185	146	0	0	*	2
159	6372	185	145	0	0	*	2
160	6412	186	144	0	0	*	2
161	6452	186	143	0	0	*	2
162	6492	187	142	0	0	*	2
163	6532	187	140	0	0	*	2
164	6572	187	140	0	0	*	2
165	6612	188	139	0	0	*	2
166	6652	188	139	0	0	*	2
167	6692	188	138	0	0	*	2
168	6732	188	138	0	0	*	2
169	6772	189	138	0	0	*	2
170	6812	189	138	0	0	*	2
171	6852	189	138	0	0	*	2
172	6892	190	138	0	0	*	2
173	6932	191	138	0	0	*	2
174	6972	193	137	0	0	*	2
175	7012	194	137	0	0	*	2
176	7052	194	137	0	0	*	2
177	7092	194	137	0	0	*	2
178	7132	194	137	0	0	*	2
179	7172	193	137	0	0	*	2
180	7212	194	138	0	0	*	2
181	7252	196	137	0	0	*	2
182	7292	195	137	0	0	*	2
183	7332	196	137	0	0	*	2
184	7372	196	138	0	0	*	2
185	7412	197	138	0	0	*	2
186	7452	201	137	0	0	*	2
187	7492	201	137	0	0	*	2
188	7532	202	136	0	0	*	2
189	7572	202	135	0	0	*	2
190	7612	203	134	0	0	*	2
191	7652	203	134	0	0	*	2
192	7692	203	133	0	0	*	2
193	7732	203	132	0	0	*	2
194	7772	202	132	0	0	*	2
195	7812	202	131	0	0	*	2
196	7852	202	129	0	0	*	2
197	7892	201	128	0	0	*	2
198	7932	201	128	0	0	*	2
199	7972	201	127	0	0	*	2
200	8012	201	126	0	0	*	2
201	8052	200	125	0	0	*	2
202	8092	200	124	0	0	*	2
203	8132	200	122	0	0	*	2
204	8172	200	121	0	0	*	2
205	8212	200	120	0	0	*	2
206	8252	200	118	0	0	*	2
207	8292	200	117	0	0	*	2
208	8332	200	116	0	0	*	2
209	8372	200	115	0	0	*	2
210	8412	201	114	0	0	*	2
211	8452	201	113	0	0	*	2
212	8492	201	112	0	0	*	2
213	8532	201	110	0	0	*	2
214	8572	201	109	0	0	*	2
215	8612	201	109	0	0	*	2
216	8652	200	108	0	0	*	2
217	8692	200	107	0	0	*	2
218	8732	200	105	0	0	*	2
219	8772	200	105	0	0	*	2
220	8812	199	104	0	0	*	2
221	8852	199	103	0	0	*	2
222	8892	199	103	0	0	*	2
223	8932	199	102	0	0	*	2
224	8972	199	100	0	0	*	2
225	9012	199	99	0	0	*	2
226	9052	199	98	0	0	*	2
227	9092	199	100	0	0	*	2
228	9132	198	99	0	0	*	2
229	9172	198	99	0	0	*	2
230	9212	198	98	0	0	*	2
231	9252	198	98	0	0	*	2
232	9292	197	97	0	0	*	2
233	9332	196	97	0	0	*	2
234	9372	196	97	0	0	*	2
235	9412	195	96	0	0	*	2
236	9452	195	96	0	0	*	2
237	9492	195	96	0	0	*	2
238	9532	195	96	0	0	*	2
239	9572	194	95	0	0	*	2
240	9612	194	95	0	0	*	2
241	9652	194	94	0	0	*	2
242	9692	193	94	0	0	*	2
243	9732	193	93	0	0	*	2
244	9772	193	92	0	0	*	2
245	9812	193	91	0	0	*	2
246	9852	192	89	0	0	*	2
247	9892	193	88	0	0	*	2
248	9932	194	87	0	0	*	2
249	9972	195	86	0	0	*	2
250	10012	197	85	0	0	*	2
251	10052	198	85	0	0	*	2
252	10092	199	84	0	0	*	2
253	10132	200	83	0	0	*	2
254	10172	199	84	0	0	*	2
255	10212	200	83	0	0	*	2
256	10252	201	83	0	0	*	2
257	10292	201	83	0	0	*	2
258	10332	202	83	0	0	*	2
259	10372	203	82	0	0	*	2
260	10412	205	83	0	0	*	2
261	10452	206	83	0	0	*	2
262	10492	206	84	0	0	*	2
263	10532	207	84	0	0	*	2
264	10572	206	85	0	0	*	2
265	10612	209	86	0	0	*	2
266	10652	209	86	0	0	*	2
267	10692	210	87	0	0	*	2
268	10732	211	87	0	0	*	2
269	10772	212	88	0	0	*	2
270	10812	213	89	0	0	*	2
271	10852	214	90	0	0	*	2
272	10892	215	91	0	0	*	2
273	10932	216	92	0	0	*	2
274	10972	217	93	0	0	*	2
275	11012	218	94	0	0	*	2
276	11052	218	95	0	0	*	2
277	11092	219	97	0	0	*	2
278	11132	219	98	0	0	*	2
279	11172	220	100	0	0	*	2
280	11212	220	101	0	0	*	2
281	11252	221	103	0	0	*	2
282	11292	222	105	0	0	*	2
283	11332	223	106	0	0	*	2
284	11372	225	108	0	0	*	2
285	11412	226	110	0	0	*	2
286	11452	227	111	0	0	*	2
287	11492	228	112	0	0	*	2
288	11532	230	114	0	0	*	2
289	11572	231	115	0	0	*	2
290	11612	231	116	0	0	*	2
291	11652	232	118	0	0	*	2
292	11692	233	120	0	0	*	2
293	11732	234	121	0	0	*	2
294	11772	235	123	0	0	*	2
295	11812	237	125	0	0	*	2
296	11852	237	126	0	0	*	2
297	11892	239	128	0	0	*	2
298	11932	240	130	0	0	*	2
299	11972	241	132	0	0	*	2
300	12012	242	133	0	0	*	2
301	12052	243	135	0	0	*	2
302	12092	243	137	0	0	*	2
303	12132	244	139	0	0	*	2
304	12172	246	141	0	0	*	2
305	12212	247	142	0	0	*	2
306	12252	247	144	0	0	*	2
307	12292	247	146	0	0	*	2
308	12332	247	148	0	0	*	2
309	12372	247	150	0	0	*	2
310	12412	247	151	0	0	*	2
311	12452	246	153	0	0	*	2
312	12492	246	155	0	0	*	2
313	12532	246	156	0	0	*	2
314	12572	245	159	0	0	*	2
315	12612	244	160	0	0	*	2
316	12652	244	161	0	0	*	2
317	12692	243	162	0	0	*	2
318	12732	243	163	0	0	*	2
319	12772	243	164	0	0	*	2
320	12812	242	165	0	0	*	2
321	12852	242	167	0	0	*	2
322	12892	241	169	0	0	*	2
323	12932	241	170	0	0	*	2
324	12972	240	171	0	0	*	2
325	13012	240	172	0	0	*	2
326	13052	240	173	0	0	*	2
327	13092	239	174	0	0	*	2
328	13132	238	175	0	0	*	2
329	13172	238	176	0	0	*	2
330	13212	237	176	0	0	*	2
331	13252	236	178	0	0	*	2
332	13292	236	178	0	0	*	2
333	13332	235	179	0	0	*	2
334	13372	234	181	0	0	*	2
335	13412	232	181	0	0	*	2
336	13452	230	181	0	0	*	2
337	13492	229	181	0	0	*	2
338	13532	228	181	0	0	*	2
339	13572	226	182	0	0	*	2
340	13612	225	182	0	0	*	2
341	13652	224	183	0	0	*	2
342	13692	222	183	0	0	*	2
343	13732	221	184	0	0	*	2
344	13772	220	184	0	0	*	2
345	13812	218	185	0	0	*	2
346	13852	218	185	0	0	*	2
347	13892	216	185	0	0	*	2
348	13932	216	185	0	0	*	2
349	13972	215	185	0	0	*	2
350	14012	213	185	0	0	*	2
351	14052	212	185	0	0	*	2
352	14092	209	184	0	0	*	2
353	14132	209	184	0	0	*	2
354	14172	206	182	0	0	*	2
355	14212	206	182	0	0	*	2
356	14252	204	181	0	0	*	2
357	14292	202	180	0	0	*	2
358	14332	201	179	0	0	*	2
359	14372	199	177	0	0	*	2
360	14412	198	177	0	0	*	2
361	14452	196	175	0	0	*	2
362	14492	195	174	0	0	*	2
363	14532	194	172	0	0	*	2
364	14572	192	170	0	0	*	2
365	14612	190	168	0	0	*	2
366	14652	189	168	0	0	*	2
367	14692	188	166	0	0	*	2
368	14732	186	164	0	0	*	2
369	14772	185	163	0	0	*	2
370	14812	184	162	0	0	*	2
371	14852	182	161	0	0	*	2
372	14892	180	160	0	0	*	2
373	14932	177	158	0	0	*	2
374	14972	176	157	0	0	*	2
375	15012	174	156	0	0	*	2
376	15052	170	155	0	0	*	2
377	15092	169	154	0	0	*	2
378	15132	167	154	0	0	*	2
379	15172	165	153	0	0	*	2
380	15212	163	152	0	0	*	2
381	15252	160	152	0	0	*	2
382	15292	158	151	0	0	*	2
383	15332	155	151	0	0	*	2
384	15372	151	150	0	0	*	2
385	15412	149	150	0	0	*	2
386	15452	148	150	0	0	*	2
387	15492	145	149	0	0	*	2
388	15532	142	148	0	0	*	2
389	15572	141	148	0	0	*	2
390	15612	139	147	0	0	*	2
391	15652	137	147	0	0	*	2
392	15692	133	146	0	0	*	2
393	15732	130	145	0	0	*	2
394	15772	128	144	0	0	*	2
395	15812	126	143	0	0	*	2
396	15852	123	142	0	0	*	2
397	15892	122	141	0	0	*	2
398	15932	119	139	0	0	*	2
399	15972	117	139	0	0	*	2
400	16012	114	137	0	0	*	2
401	16052	112	136	0	0	*	2
402	16092	110	135	0	0	*	2
403	16132	108	134	0	0	*	2
404	16172	105	132	0	0	*	2
405	16212	103	131	0	0	*	2
406	16252	101	130	0	0	*	2
407	16292	98	129	0	0	*	2
408	16332	96	128	0	0	*	2
409	16372	94	128	0	0	*	2
410	16412	91	127	0	0	*	2
411	16452	89	126	0	0	*	2
412	16492	87	125	0	0	*	2
413	16532	85	124	0	0	*	2
414	16572	83	123	0	0	*	2
415	16612	80	123	0	0	*	2
416	16652	78	122	0	0	*	2
417	16692	76	121	0	0	*	2
418	16732	73	120	0	0	*	2
419	16772	71	119	0	0	*	2
420	16812	68	119	0	0	*	2
421	16852	66	118	0	0	*	2
422	16892	64	118	0	0	*	2
423	16932	62	117	0	0	*	2
424	16972	60	117	0	0	*	2
425	17012	56	116	0	0	*	2
426	17052	54	116	0	0	*	2
427	17092	51	116	0	0	*	2
428	17132	49	116	0	0	*	2
429	17172	46	116	0	0	*	2
430	17212	44	115	0	0	*	2
431	17252	42	115	0	0	*	2
432	17292	38	115	0	0	*	2
433	17332	36	115	0	0	*	2
434	17372	34	114	0	0	*	2
435	17412	32	114	0	0	*	2
436	17452	30	113	0	0	*	2
437	17492	27	113	0	0	*	2
438	17532	25	112	0	0	*	2
439	17572	23	112	0	0	*	2
440	17612	20	111	0	0	*	2
441	17652	16	110	0	0	*	2
442	17692	13	110	0	0	*	2
443	17732	11	110	0	0	*	2
444	17772	10	109	0	0	*	2
445	17812	10	109	0	0	*	2
446	17852	9	108	0	0	*	2
447	17892	8	108	0	0	*	2
448	17932	8	108	0	0	*	2
449	17972	7	108	0	0	*	2
450	18012	7	108	0	0	*	2
451	18052	7	108	0	0	*	2
452	18092	7	108	0	0	*	2
453	18132	7	108	0	0	*	2
454	18172	7	109	0	0	*	2
455	18212	7	109	0	0	*	2
456	18252	7	109	0	0	*	2
457	18292	7	109	0	0	*	2
458	18332	7	110	0	0	*	2
459	18372	7	111	0	0	*	2
460	18412	6	112	0	0	*	2
461	18452	7	113	0	0	*	2
462	18492	7	115	0	0	*	2
463	18532	7	116	0	0	*	2
464	18572	7	116	0	0	*	2
465	18612	7	116	0	0	*	2
466	18652	7	117	0	0	*	2
467	18692	8	119	0	0	*	2
468	18732	7	120	0	0	*	2
469	18772	7	120	0	0	*	2
470	18812	7	122	0	0	*	2
471	18852	7	122	0	0	*	2
472	18892	7	123	0	0	*	2
473	18932	7	124	0	0	*	2
474	18972	6	124	0	0	*	2
475	19012	6	125	0	0	*	2
476	19052	6	126	0	0	*	2
477	19092	6	127	0	0	*	2
478	19132	6	129	0	0	*	2
479	19172	6	131	0	0	*	2
480	19212	6	131	0	0	*	2
481	19252	6	133	0	0	*	2
482	19292	7	134	0	0	*	2
483	19332	7	135	0	0	*	2
484	19372	7	137	0	0	*	2
485	19412	8	137	0	0	*	2
486	19452	8	137	0	0	*	2
487	19492	9	137	0	0	*	2
488	19532	9	138	0	0	*	2
489	19572	10	139	0	0	*	2
490	19612	11	140	0	0	*	2
491	19652	16	140	0	0	*	2
492	19692	17	140	0	0	*	2
493	19732	14	140	0	0	*	2
494	19772	12	142	0	0	*	2
495	19812	13	141	0	0	*	2
496	19852	16	142	0	0	*	2
497	19892	16	143	0	0	*	2
498	19932	18	144	0	0	*	2
499	19972	23	146	0	0	*	2
500	20012	24	147	0	0	*	2
501	20052	26	148	0	0	*	2
502	20092	27	148	0	0	*	2
503	20132	29	149	0	0	*	2
504	20172	31	151	0	0	*	2
505	20212	33	152	0	0	*	2
506	20252	36	153	0	0	*	2
507	20292	37	154	0	0	*	2
508	20332	39	155	0	0	*	2
509	20372	41	156	0	0	*	2
510	20412	43	157	0	0	*	2
511	20452	46	158	0	0	*	2
512	20492	48	159	0	0	*	2
513	20532	50	160	0	0	*	2
514	20572	52	161	0	0	*	2
515	20612	54	162	0	0	*	2
516	20652	56	163	0	0	*	2
517	20692	59	165	0	0	*	2
518	20732	60	166	0	0	*	2
519	20772	62	168	0	0	*	2
520	20812	64	169	0	0	*	2
521	20852	66	170	0	0	*	2
522	20892	69	173	0	0	*	2
523	20932	70	174	0	0	*	2
524	20972	72	176	0	0	*	2
525	21012	74	178	0	0	*	2
526	21052	75	180	0	0	*	2
527	21092	77	182	0	0	*	2
528	21132	81	185	0	0	*	2
529	21172	83	187	0	0	*	2
530	21212	85	189	0	0	*	2
531	21252	86	191	0	0	*	2
532	21292	86	191	0	0	*	2
533	21332	88	193	0	0	*	2
534	21372	90	195	0	0	*	2
535	21412	93	199	0	0	*	2
536	21452	94	201	0	0	*	2
537	21492	95	203	0	0	*	2
538	21532	96	204	0	0	*	2
539	21572	97	206	0	0	*	2
540	21612	97	207	0	0	*	2
541	21652	98	210	0	0	*	2
542	21692	98	211	0	0	*	2
543	21732	99	213	0	0	*	2
544	21772	100	215	0	0	*	2
545	21812	100	215	0	0	*	2
546	21852	101	218	0	0	*	2
547	21892	101	220	0	0	*	2
548	21932	101	222	0	0	*	2
549	21972	101	223	0	0	*	2
550	22012	101	225	0	0	*	2
551	22052	100	227	0	0	*	2
552	22092	100	228	0	0	*	2
553	22132	99	229	0	0	*	2
554	22172	98	230	0	0	*	2
555	22212	97	231	0	0	*	2
556	22252	96	232	0	0	*	2
557	22292	95	233	0	0	*	2
558	22332	93	234	0	0	*	2
559	22372	92	234	0	0	*	2
560	22412	90	235	0	0	*	2
561	22452	89	236	0	0	*	2
562	22492	87	237	0	0	*	2
563	22532	85	238	0	0	*	2
564	22572	84	238	0	0	*	2
565	22612	83	238	0	0	*	2
566	22652	81	237	0	0	*	2
567	22692	80	237	0	0	*	2
568	22732	78	236	0	0	*	2
569	22772	77	236	0	0	*	2
570	22812	75	235	0	0	*	2
571	22852	73	234	0	0	*	2
572	22892	72	234	0	0	*	2
573	22932	71	233	0	0	*	2
574	22972	70	232	0	0	*	2
575	23012	68	232	0	0	*	2
576	23052	67	231	0	0	*	2
577	23092	65	230	0	0	*	2
578	23132	64	229	0	0	*	2
579	23172	62	228	0	0	*	2
580	23212	61	227	0	0	*	2
581	23252	59	226	0	0	*	2
582	23292	58	225	0	0	*	2
583	23332	57	224	0	0	*	2
584	23372	54	223	0	0	*	2
585	23412	53	221	0	0	*	2
586	23452	52	220	0	0	*	2
587	23492	50	219	0	0	*	2
588	23532	49	218	0	0	*	2
589	23572	48	217	0	0	*	2
590	23612	46	215	0	0	*	2
591	23652	45	214	0	0	*	2
592	23692	43	212	0	0	*	2
593	23732	41	211	0	0	*	2
594	23772	40	209	0	0	*	2
595	23812	38	208	0	0	*	2
596	23852	37	207	0	0	*	2
597	23892	35	205	0	0	*	2
598	23932	34	203	0	0	*	2
599	23972	33	202	0	0	*	2
600	24012	31	200	0	0	*	2
601	24052	30	199	0	0	*	2
602	24092	29	197	0	0	*	2
603	24132	27	195	0	0	*	2
604	24172	26	194	0	0	*	2
605	24212	25	192	0	0	*	2
606	24252	24	190	0	0	*	2
607	24292	24	189	0	0	*	2
608	24332	23	187	0	0	*	2
609	24372	22	185	0	0	*	2
610	24412	21	183	0	0	*	2
611	24452	19	181	0	0	*	2
612	24492	19	180	0	0	*	2
613	24532	18	179	0	0	*	2
614	24572	17	177	0	0	*	2
615	24612	16	174	0	0	*	2
616	24652	15	171	0	0	*	2
617	24692	14	171	0	0	*	2
618	24732	14	169	0	0	*	2
619	24772	13	167	0	0	*	2
620	24812	12	165	0	0	*	2
621	24852	11	161	0	0	*	2
622	24892	10	158	0	0	*	2
623	24932	10	156	0	0	*	2
624	24972	10	157	0	0	*	2
625	25012	9	155	0	0	*	2
626	25052	9	152	0	0	*	2
627	25092	8	148	0	0	*	2
628	25132	7	147	0	0	*	2
629	25172	7	147	0	0	*	2
630	25212	7	145	0	0	*	2
631	25252	7	143	0	0	*	2
632	25292	6	141	0	0	*	2
633	25332	6	139	0	0	*	2
634	25372	6	137	0	0	*	2
635	25412	6	135	0	0	*	2
636	25452	6	134	0	0	*	2
637	25492	6	131	0	0	*	2
638	25532	6	129	0	0	*	2
639	25572	5	127	0	0	*	2
640	25612	6	126	0	0	*	2
641	25652	6	125	0	0	*	2
642	25692	6	122	0	0	*	2
643	25732	6	120	0	0	*	2
644	25772	6	119	0	0	*	2
645	25812	6	116	0	0	*	2
646	25852	6	115	0	0	*	2
647	25892	6	113	0	0	*	2
648	25932	7	111	0	0	*	2
649	25972	7	108	0	0	*	2
650	26012	7	106	0	0	*	2
651	26052	7	104	0	0	*	2
652	26092	8	102	0	0	*	2
653	26132	9	101	0	0	*	2
654	26172	9	98	0	0	*	2
655	26212	10	96	0	0	*	2
656	26252	11	94	0	0	*	2
657	26292	11	92	0	0	*	2
658	26332	11	91	0	0	*	2
659	26372	12	90	0	0	*	2
660	26412	13	87	0	0	*	2
661	26452	13	86	0	0	*	2
662	26492	14	83	0	0	*	2
663	26532	15	81	0	0	*	2
664	26572	15	79	0	0	*	2
665	26612	16	77	0	0	*	2
666	26652	17	74	0	0	*	2
667	26692	18	72	0	0	*	2
668	26732	19	71	0	0	*	2
669	26772	19	70	0	0	*	2
670	26812	20	69	0	0	*	2
671	26852	21	68	0	0	*	2
672	26892	22	65	0	0	*	2
673	26932	23	64	0	0	*	2
674	26972	24	61	0	0	*	2
675	27012	24	60	0	0	*	2
676	27052	25	59	0	0	*	2
677	27092	27	57	0	0	*	2
678	27132	28	55	0	0	*	2
679	27172	29	55	0	0	*	2
680	27212	29	54	0	0	*	2
681	27252	30	53	0	0	*	2
682	27292	30	54	0	0	*	2
683	27332	32	52	0	0	*	2
684	27372	32	53	0	0	*	2
685	27412	33	52	0	0	*	2
686	27452	35	50	0	0	*	2
687	27492	36	50	0	0	*	2
688	27532	37	48	0	0	*	2
689	27572	40	49	0	0	*	2
690	27612	43	48	0	0	*	2
691	27652	44	48	0	0	*	2
692	27692	46	47	0	0	*	2
693	27732	46	48	0	0	*	2
694	27772	47	48	0	0	*	2
695	27812	48	48	0	0	*	2
696	27852	50	47	0	0	*	2
697	27892	51	47	0	0	*	2
698	27932	55	46	0	0	*	2
699	27972	54	47	0	0	*	2
700	28012	56	46	0	0	*	2
701	28052	59	46	0	0	*	2
702	28092	62	46	0	0	*	2
703	28132	62	46	0	0	*	2
704	28172	64	46	0	0	*	2
705	28212	66	46	0	0	*	2
706	28252	70	45	0	0	*	2
707	28292	70	45	0	0	*	2
708	28332	71	45	0	0	*	2
709	28372	73	45	0	0	*	2
710	28412	75	45	0	0	*	2
711	28452	79	45	0	0	*	2
712	28492	84	44	0	0	*	2
713	28532	83	44	0	0	*	2
714	28572	88	43	0	0	*	2
715	28612	89	43	0	0	*	2
716	28652	91	43	0	0	*	2
717	28692	93	42	0	0	*	2
718	28732	95	41	0	0	*	2
719	28772	96	41	0	0	*	2
720	28812	99	39	0	0	*	2
721	28852	102	37	0	0	*	2
722	28892	104	35	0	0	*	2
723	28932	105	34	0	0	*	2
724	28972	107	32	0	0	*	2
725	29012	106	33	0	0	*	2
726	29052	108	29	0	0	*	2
727	29092	109	28	0	0	*	2
728	29132	109	27	0	0	*	2
729	29172	110	25	0	0	*	2
730	29212	111	23	0	0	*	2
731	29252	112	22	0	0	*	2
732	29292	112	20	0	0	*	2
733	29332	113	19	0	0	*	2
734	29372	113	17	0	0	*	2
735	29412	113	15	0	0	*	2
736	29452	114	14	0	0	*	2
737	29492	114	13	0	0	*	2
738	29532	114	12	0	0	*	2
739	29572	115	11	0	0	*	2
740	29612	115	11	0	0	*	2
741	29652	116	10	0	0	*	2
742	29692	117	9	0	0	*	2
743	29732	118	9	0	0	*	2
744	29772	118	8	0	0	*	2
745	29812	119	8	0	0	*	2
746	29852	120	9	0	0	*	2
747	29892	121	9	0	0	*	2
748	29932	122	9	0	0	*	2
749	29972	121	9	0	0	*	2
750	30012	122	9	0	0	*	2
751	30052	122	9	0	0	*	2
752	30092	122	10	0	0	*	2
753	30132	123	10	0	0	*	2
754	30172	123	10	0	0	*	2
755	30212	124	10	0	0	*	2
756	30252	124	10	0	0	*	2
757	30292	126	11	0	0	*	2
758	30332	128	12	0	0	*	2
759	30372	129	13	0	0	*	2
760	30412	130	14	0	0	*	2
761	30452	131	15	0	0	*	2
762	30492	134	17	0	0	*	2
763	30532	135	19	0	0	*	2
764	30572	136	20	0	0	*	2
765	30612	137	21	0	0	*	2
766	30652	138	22	0	0	*	2
767	30692	140	23	0	0	*	2
768	30732	141	25	0	0	*	2
769	30772	143	26	0	0	*	2
770	30812	145	28	0	0	*	2
771	30852	146	29	0	0	*	2
772	30892	147	32	0	0	*	2
773	30932	149	34	0	0	*	2
774	30972	150	35	0	0	*	2
775	31012	151	37	0	0	*	2
776	31052	153	39	0	0	*	2
777	31092	154	40	0	0	*	2
778	31132	157	45	0	0	*	2
779	31172	158	47	0	0	*	2
780	31212	158	46	0	0	*	2
781	31252	159	48	0	0	*	2
782	31292	160	51	0	0	*	2
783	31332	162	54	0	0	*	2
784	31372	163	56	0	0	*	2
785	31412	166	60	0	0	*	2
786	31452	166	60	0	0	*	2
787	31492	167	62	0	0	*	2
788	31532	169	65	0	0	*	2
789	31572	171	70	0	0	*	2
790	31612	172	72	0	0	*	2
791	31652	172	72	0	0	*	2
792	31692	174	74	0	0	*	2
793	31732	175	77	0	0	*	2
794	31772	178	81	0	0	*	2
795	31812	180	83	0	0	*	2
796	31852	180	84	0	0	*	2
797	31892	183	88	0	0	*	2
798	31932	183	89	0	0	*	2
799	31972	186	93	0	0	*	2
800	32012	186	93	0	0	*	2
801	32052	188	95	0	0	*	2
802	32092	191	98	0	0	*	2
803	32132	193	101	0	0	*	2
804	32172	194	104	0	0	*	2
805	32212	196	106	0	0	*	2
806	32252	197	107	0	0	*	2
807	32292	198	110	0	0	*	2
808	32332	201	114	0	0	*	2
809	32372	203	116	0	0	*	2
810	32412	205	118	0	0	*	2
811	32452	207	120	0	0	*	2
812	32492	209	122	0	0	*	2
813	32532	211	124	0	0	*	2
814	32572	212	125	0	0	*	2
815	32612	215	126	0	0	*	2
816	32652	217	127	0	0	*	2
817	32692	219	128	0	0	*	2
818	32732	220	129	0	0	*	2
819	32772	221	129	0	0	*	2
820	32812	223	129	0	0	*	2
821	32852	224	129	0	0	*	2
822	32892	225	129	0	0	*	2
823	32932	227	128	0	0	*	2
824	32972	227	128	0	0	*	2
825	33012	229	127	0	0	*	2
826	33052	230	127	0	0	*	2
827	33092	231	126	0	0	*	2
828	33132	233	126	0	0	*	2
829	33172	234	125	0	0	*	2
830	33212	236	125	0	0	*	2
831	33252	238	124	0	0	*	2
832	33292	239	124	0	0	*	2
833	33332	241	123	0	0	*	2
834	33372	242	122	0	0	*	2
835	33412	243	121	0	0	*	2
836	33452	245	120	0	0	*	2
837	33492	247	120	0	0	*	2
838	33532	247	119	0	0	*	2
839	33572	248	118	0	0	*	2
840	33612	249	118	0	0	*	2
841	33652	249	118	0	0	*	2
842	33692	249	117	0	0	*	2
843	33732	249	117	0	0	*	2
844	33772	248	116	0	0	*	2
845	33812	247	116	0	0	*	2
846	33852	245	115	0	0	*	2
847	33892	244	114	0	0	*	2
848	33932	244	114	0	0	*	2
849	33972	243	113	0	0	*	2
850	34012	243	112	0	0	*	2
851	34052	242	111	0	0	*	2
852	34092	241	111	0	0	*	2
853	34132	240	110	0	0	*	2
854	34172	239	109	0	0	*	2
855	34212	239	110	0	0	*	2
856	34252	238	109	0	0	*	2
857	34292	237	108	0	0	*	2
858	34332	236	108	0	0	*	2
859	34372	235	107	0	0	*	2
860	34412	231	105	0	0	*	2
861	34452	229	105	0	0	*	2
862	34492	230	105	0	0	*	2
863	34532	229	104	0	0	*	2
864	34572	225	104	0	0	*	2
865	34612	224	103	0	0	*	2
866	34652	222	103	0	0	*	2
867	34692	219	103	0	0	*	2
868	34732	218	103	0	0	*	2
869	34772	217	102	0	0	*	2
870	34812	212	102	0	0	*	2
871	34852	210	103	0	0	*	2
872	34892	208	103	0	0	*	2
873	34932	206	103	0	0	*	2
874	34972	204	103	0	0	*	2
875	35012	204	103	0	0	*	2
876	35052	201	104	0	0	*	2
877	35092	199	105	0	0	*	2
878	35132	197	106	0	0	*	2
879	35172	195	106	0	0	*	2
880	35212	194	108	0	0	*	2
881	35252	193	109	0	0	*	2
882	35292	192	110	0	0	*	2
883	35332	190	111	0	0	*	2
884	35372	189	113	0	0	*	2
885	35412	188	114	0	0	*	2
886	35452	187	115	0	0	*	2
887	35492	186	116	0	0	*	2
888	35532	186	117	0	0	*	2
889	35572	185	120	0	0	*	2
890	35612	185	121	0	0	*	2
891	35652	185	123	0	0	*	2
892	35692	185	126	0	0	*	2
893	35732	185	127	0	0	*	2
894	35772	185	127	0	0	*	2
895	35812	186	130	0	0	*	2
896	35852	186	130	0	0	*	2
897	35892	187	132	0	0	*	2
898	35932	187	134	0	0	*	2
899	35972	188	135	0	0	*	2
900	36012	188	136	0	0	*	2
901	36052	188	138	0	0	*	2
902	36092	188	139	0	0	*	2
903	36132	188	141	0	0	*	2
904	36172	189	143	0	0	*	2
905	36212	189	144	0	0	*	2
906	36252	189	145	0	0	*	2
907	36292	189	148	0	0	*	2
908	36332	189	149	0	0	*	2
909	36372	189	151	0	0	*	2
910	36412	190	152	0	0	*	2
911	36452	190	154	0	0	*	2
912	36492	190	154	0	0	*	2
913	36532	190	156	0	0	*	2
914	36572	191	158	0	0	*	2
915	36612	191	160	0	0	*	2
916	36652	192	163	0	0	*	2
917	36692	193	162	0	0	*	2
918	36732	193	162	0	0	*	2
919	36772	193	163	0	0	*	2
920	36812	193	164	0	0	*	2
921	36852	196	168	0	0	*	2
922	36892	197	169	0	0	*	2
923	36932	195	167	0	0	*	2
924	36972	197	169	0	0	*	2
925	37012	198	170	0	0	*	2
926	37052	199	170	0	0	*	2
927	37092	200	171	0	0	*	2
928	37132	202	171	0	0	*	2
929	37172	203	171	0	0	*	2
930	37212	205	171	0	0	*	2
931	37252	206	171	0	0	*	2
932	37292	206	170	0	0	*	2
933	37332	208	170	0	0	*	2
934	37372	209	170	0	0	*	2
935	37412	210	170	0	0	*	2
936	37452	212	170	0	0	*	2
937	37492	213	170	0	0	*	2
938	37532	214	170	0	0	*	2
939	37572	216	170	0	0	*	2
940	37612	217	170	0	0	*	2
941	37652	218	171	0	0	*	2
942	37692	219	171	0	0	*	2
943	37732	220	172	0	0	*	2
944	37772	221	173	0	0	*	2
945	37812	221	174	0	0	*	2
946	37852	221	175	0	0	*	2
947	37892	222	176	0	0	*	2
948	37932	222	176	0	0	*	2
949	37972	223	178	0	0	*	2
950	38012	224	178	0	0	*	2
951	38052	225	179	0	0	*	2
952	38092	225	181	0	0	*	2
953	38132	225	182	0	0	*	2
954	38172	226	183	0	0	*	2
955	38212	226	184	0	0	*	2
956	38252	226	186	0	0	*	2
957	38292	227	187	0	0	*	2
958	38332	227	189	0	0	*	2
959	38372	227	191	0	0	*	2
960	38412	227	192	0	0	*	2
961	38452	227	193	0	0	*	2
962	38492	226	193	0	0	*	2
963	38532	225	194	0	0	*	2
964	38572	223	195	0	0	*	2
965	38612	222	196	0	0	*	2
966	38652	222	196	0	0	*	2
967	38692	221	196	0	0	*	2
968	38732	219	197	0	0	*	2
969	38772	218	197	0	0	*	2
970	38812	217	197	0	0	*	2
971	38852	216	197	0	0	*	2
972	38892	214	197	0	0	*	2
973	38932	213	197	0	0	*	2
974	38972	212	198	0	0	*	2
975	39012	210	198	0	0	*	2
976	39052	209	198	0	0	*	2
977	39092	207	197	0	0	*	2
978	39132	206	197	0	0	*	2
979	39172	205	197	0	0	*	2
980	39212	203	196	0	0	*	2
981	39252	202	196	0	0	*	2
982	39292	201	196	0	0	*	2
983	39332	199	196	0	0	*	2
984	39372	196	196	0	0	*	2
985	39412	195	196	0	0	*	2
986	39452	193	196	0	0	*	2
987	39492	192	196	0	0	*	2
988	39532	190	195	0	0	*	2
989	39572	188	195	0	0	*	2
990	39612	186	194	0	0	*	2
991	39652	183	194	0	0	*	2
992	39692	181	194	0	0	*	2
993	39732	176	194	0	0	*	2
994	39772	177	194	0	0	*	2
995	39812	175	194	0	0	*	2
996	39852	172	194	0	0	*	2
997	39892	169	194	0	0	*	2
998	39932	167	194	0	0	*	2
999	39972	165	194	0	0	*	2
1000	40012	162	195	0	0	*	2
1001	40052	160	195	0	0	*	2
1002	40092	157	196	0	0	*	2
1003	40132	155	196	0	0	*	2
1004	40172	152	197	0	0	*	2
1005	40212	150	198	0	0	*	2
1006	40252	147	199	0	0	*	2
1007	40292	146	199	0	0	*	2
1008	40332	144	200	0	0	*	2
1009	40372	141	201	0	0	*	2
1010	40412	139	202	0	0	*	2
1011	40452	136	204	0	0	*	2
1012	40492	134	205	0	0	*	2
1013	40532	132	206	0	0	*	2
1014	40572	129	208	0	0	*	2
1015	40612	127	209	0	0	*	2
1016	40652	125	210	0	0	*	2
1017	40692	124	211	0	0	*	2
1018	40732	122	212	0	0	*	2
1019	40772	121	213	0	0	*	2
1020	40812	120	215	0	0	*	2
1021	40852	118	217	0	0	*	2
1022	40892	116	218	0	0	*	2
1023	40932	115	219	0	0	*	2
1024	40972	114	220	0	0	*	2
1025	41012	114	222	0	0	*	2
1026	41052	113	223	0	0	*	2
1027	41092	113	224	0	0	*	2
1028	41132	113	226	0	0	*	2
1029	41172	112	227	0	0	*	2
1030	41212	112	228	0	0	*	2
1031	41252	112	230	0	0	*	2
1032	41292	112	231	0	0	*	2
1033	41332	111	232	0	0	*	2
1034	41372	111	233	0	0	*	2
1035	41412	111	235	0	0	*	2
1036	41452	110	236	0	0	*	2
1037	41492	110	237	0	0	*	2
1038	41532	109	239	0	0	*	2
1039	41572	109	239	0	0	*	2
1040	41612	108	240	0	0	*	2
1041	41652	107	241	0	0	*	2
1042	41692	107	241	0	0	*	2
1043	41732	107	241	0	0	*	2
1044	41772	106	240	0	0	*	2
1045	41812	105	239	0	0	*	2
1046	41852	104	239	0	0	*	2
1047	41892	104	238	0	0	*	2
1048	41932	103	238	0	0	*	2
1049	41972	103	238	0	0	*	2
1050	42012	102	237	0	0	*	2
1051	42052	100	237	0	0	*	2
1052	42092	99	236	0	0	*	2
1053	42132	98	235	0	0	*	2
1054	42172	98	235	0	0	*	2
1055	42212	97	234	0	0	*	2
1056	42252	97	234	0	0	*	2
1057	42292	96	233	0	0	*	2
1058	42332	95	232	0	0	*	2
1059	42372	94	232	0	0	*	2
1060	42412	91	231	0	0	*	2
1061	42452	90	231	0	0	*	2
1062	42492	89	230	0	0	*	2
1063	42532	88	230	0	0	*	2
1064	42572	87	229	0	0	*	2
1065	42612	85	229	0	0	*	2
1066	42652	85	228	0	0	*	2
1067	42692	83	227	0	0	*	2
1068	42732	81	226	0	0	*	2
1069	42772	80	225	0	0	*	2
1070	42812	78	224	0	0	*	2
1071	42852	75	223	0	0	*	2
1072	42892	73	222	0	0	*	2
1073	42932	71	221	0	0	*	2
1074	42972	70	220	0	0	*	2
1075	43012	67	219	0	0	*	2
1076	43052	65	218	0	0	*	2
1077	43092	63	217	0	0	*	2
1078	43132	61	216	0	0	*	2
1079	43172	58	215	0	0	*	2
1080	43212	56	214	0	0	*	2
1081	43252	53	213	0	0	*	2
1082	43292	51	212	0	0	*	2
1083	43332	48	211	0	0	*	2
1084	43372	45	210	0	0	*	2
1085	43412	43	209	0	0	*	2
1086	43452	40	207	0	0	*	2
1087	43492	38	206	0	0	*	2
1088	43532	36	205	0	0	*	2
1089	43572	35	202	0	0	*	2
1090	43612	33	201	0	0	*	2
1091	43652	31	199	0	0	*	2
1092	43692	29	197	0	0	*	2
1093	43732	28	195	0	0	*	2
1094	43772	27	194	0	0	*	2
1095	43812	25	192	0	0	*	2
1096	43852	24	189	0	0	*	2
1097	43892	23	187	0	0	*	2
1098	43932	21	185	0	0	*	2
1099	43972	20	182	0	0	*	2
1100	44012	19	181	0	0	*	2
1101	44052	18	178	0	0	*	2
1102	44092	17	175	0	0	*	2
1103	44132	16	172	0	0	*	2
1104	44172	15	171	0	0	*	2
1105	44212	14	169	0	0	*	2
1106	44252	14	168	0	0	*	2
1107	44292	13	166	0	0	*	2
1108	44332	12	164	0	0	*	2
1109	44372	11	162	0	0	*	2
1110	44412	11	160	0	0	*	2
1111	44452	10	157	0	0	*	2
1112	44492	9	155	0	0	*	2
1113	44532	9	154	0	0	*	2
1114	44572	9	151	0	0	*	2
1115	44612	8	149	0	0	*	2
1116	44652	8	148	0	0	*	2
1117	44692	7	146	0	0	*	2
1118	44732	7	143	0	0	*	2
1119	44772	6	142	0	0	*	2
1120	44812	6	139	0	0	*	2
1121	44852	6	138	0	0	*	2
1122	44892	6	138	0	0	*	2
1123	44932	6	137	0	0	*	2
1124	44972	6	136	0	0	*	2
1125	45012	6	135	0	0	*	2
1126	45052	5	134	0	0	*	2
1127	45092	5	133	0	0	*	2
1128	45132	5	132	0	0	*	2
1129	45172	5	132	0	0	*	2
1130	45212	5	131	0	0	*	2
1131	45252	5	130	0	0	*	2
1132	45292	5	129	0	0	*	2
1133	45332	6	129	0	0	*	2
1134	45372	5	128	0	0	*	2
1135	45412	5	128	0	0	*	2
1136	45452	5	126	0	0	*	2
1137	45492	5	126	0	0	*	2
1138	45532	5	125	0	0	*	2
1139	45572	5	124	0	0	*	2
1140	45612	5	123	0	0	*	2
1141	45652	5	121	0	0	*	2
1142	45692	5	120	0	0	*	2
1143	45732	5	118	0	0	*	2
1144	45772	6	117	0	0	*	2
1145	45812	6	116	0	0	*	2
1146	45852	6	116	0	0	*	2
1147	45892	6	114	0	0	*	2
1148	45932	6	113	0	0	*	2
1149	45972	7	112	0	0	*	2
1150	46012	7	111	0	0	*	2
1151	46052	8	110	0	0	*	2
1152	46092	8	110	0	0	*	2
1153	46132	7	109	0	0	*	2
1154	46172	8	108	0	0	*	2
1155	46212	8	108	0	0	*	2
1156	46252	8	107	0	0	*	2
1157	46292	7	106	0	0	*	2
1158	46332	7	106	0	0	*	2
1159	46372	8	106	0	0	*	2
1160	46412	8	107	0	0	*	2
1161	46452	8	106	0	0	*	2
1162	46492	8	106	0	0	*	2
1163	46532	8	106	0	0	*	2
1164	46572	8	106	0	0	*	2
1165	46612	8	106	0	0	*	2
1166	46652	8	106	0	0	*	2
1167	46692	8	107	0	0	*	2
1168	46732	9	107	0	0	*	2
1169	46772	10	107	0	0	*	2
1170	46812	11	106	0	0	*	2
1171	46852	12	107	0	0	*	2
1172	46892	17	108	0	0	*	2
1173	46932	19	108	0	0	*	2
1174	46972	20	109	0	0	*	2
1175	47012	16	106	0	0	*	2
1176	47052	16	106	0	0	*	2
1177	47092	17	106	0	0	*	2
1178	47132	18	107	0	0	*	2
1179	47172	25	111	0	0	*	2
1180	47212	26	111	0	0	*	2
1181	47252	27	112	0	0	*	2
1182	47292	29	113	0	0	*	2
1183	47332	30	113	0	0	*	2
1184	47372	32	114	0	0	*	2
1185	47412	34	116	0	0	*	2
1186	47452	36	116	0	0	*	2
1187	47492	37	118	0	0	*	2
1188	47532	39	119	0	1	*	2
1189	47572	40	121	0	1	*	2
1190	47612	40	122	0	1	*	2
1191	47652	42	121	0	1	*	2
1192	47692	41	123	0	1	*	2
1193	47732	43	122	0	1	*	2
1194	47772	44	122	0	1	*	2
1195	47812	46	120	0	0	*	2
1196	47852	48	122	0	0	*	2
1197	47892	48	123	0	0	*	2
1198	47932	48	125	0	0	*	2
1199	47972	47	126	0	0	*	2
1200	48012	46	126	0	1	*	2
1201	48052	45	127	0	1	*	2
1202	48092	45	128	0	1	*	2
1203	48132	43	129	0	1	*	2
1204	48172	42	130	0	1	*	2
1205	48212	41	130	0	1	*	2
1206	48252	40	130	0	1	*	2
1207	48292	40	131	0	1	*	2
1208	48332	40	131	0	1	*	2
1209	48372	40	131	0	1	*	2
1210	48412	40	132	0	1	*	2
1211	48452	39	132	0	1	*	2
1212	48492	39	133	0	1	*	2
1213	48532	39	133	0	1	*	2
1214	48572	39	133	0	1	*	2
1215	48612	38	133	0	1	*	2
1216	48652	38	133	0	1	*	2
1217	48692	37	133	0	1	*	2
1218	48732	37	133	0	1	*	2
1219	48772	36	133	0	1	*	2
1220	48812	35	134	0	1	*	2
1221	48852	35	134	0	1	*	2
1222	48892	34	134	0	1	*	2
1223	48932	35	133	0	1	*	2
1224	48972	35	133	0	1	*	2
1225	49012	33	135	0	1	*	2
1226	49052	34	136	0	1	*	2
1227	49092	34	135	0	1	*	2
1228	49132	35	135	0	1	*	2
1229	49172	35	134	0	1	*	2
1230	49212	36	134	0	1	*	2
1231	49252	36	134	0	1	*	2
1232	49292	36	135	0	1	*	2
1233	49332	36	136	0	1	*	2
1234	49372	36	136	0	1	*	2
1235	49412	36	136	0	1	*	2
1236	49452	36	136	0	1	*	2
1237	49492	36	136	0	1	*	2
1238	49532	36	136	0	3	*	2
