%%BEGIN_HEADER
	%%BEGIN DATABASE_INFORMATION
		%Date.0 ( 16.10.2019 )
		%Time.0 ( 12:36 )
	%%END DATABASE_INFORMATION
	%%BEGIN SETUP_INFORMATION
		%TrackerVersion.0 ( Tracker version 2.38 release 12.8.2012 )
		%ElapsedTime_ms.0 ( 61340 )
		%Paradigm.0 ( PlacePreference )
		%FeederParameters.0 ( 1500 0 )
			// %FeederParameters.0 ( ENTRANCE_LATENCY EXIT_LATENCY )
		%ElapsedPath_m.0 ( 0.00 )
		%ArenaDiameter_m.0 ( 1.80 )
		%TrackerResolution_PixPerCM.0 ( 1.4222 )
		%ArenaCenterXY.0 ( 127.5 127.5 )
		%Frame.0 ( RoomFrame )
		%ReinforcedSector.0 ( 38.2500 127.5000 7 )
			//%ReinforcedSector.0 ( CENTER_X CENTER_Y RADIUS )
		%RoomTrackReinforcedSector.0 ( 38.2500 127.5000 7 )
			//%RoomTrackReinforcedSector.0 ( CENTER_X CENTER_Y RADIUS )
	%%END SETUP_INFORMATION
	%%BEGIN RECORD_FORMAT
		%Sample.0 ( FrameCount 1msTimeStamp RoomX RoomY Sectors State Flags FrameInfo )
			//Sectors indicate if the object is in a target. Number is binary coded. Sectors = 0: no target, Sectors = 1: room target, Sectors: = 2 arena target, Sectors: = 3 room and arena target
			////State indicates the Watermaze State: OutsideTarget = 0, EntranceLatency = 1, InsideTarget = 3, OutsideRefractory = 4, BadSpot = 5
			//FrameInfo indicates succesfuly tracked spots: ReferencePoint * 2^0 + Spot0 * 2^(1+0) + Spot1 * 2^(1+1) + Spot2 * 2^(1+2) .... 
	%%END RECORD_FORMAT
%%END_HEADER
1	60	245	137	0	0	*	2
2	100	243	137	0	0	*	2
3	140	243	136	0	0	*	2
4	180	242	135	0	0	*	2
5	220	242	134	0	0	*	2
6	260	241	133	0	0	*	2
7	300	240	132	0	0	*	2
8	340	240	132	0	0	*	2
9	380	239	132	0	0	*	2
10	420	239	131	0	0	*	2
11	460	238	130	0	0	*	2
12	500	237	129	0	0	*	2
13	540	236	128	0	0	*	2
14	580	235	128	0	0	*	2
15	620	235	127	0	0	*	2
16	660	234	125	0	0	*	2
17	700	233	125	0	0	*	2
18	740	232	123	0	0	*	2
19	780	232	122	0	0	*	2
20	820	231	120	0	0	*	2
21	860	230	119	0	0	*	2
22	900	229	117	0	0	*	2
23	940	228	116	0	0	*	2
24	980	226	113	0	0	*	2
25	1020	225	111	0	0	*	2
26	1060	224	109	0	0	*	2
27	1100	223	106	0	0	*	2
28	1140	221	104	0	0	*	2
29	1180	220	101	0	0	*	2
30	1220	217	95	0	0	*	2
31	1260	216	93	0	0	*	2
32	1300	216	94	0	0	*	2
33	1340	214	92	0	0	*	2
34	1380	213	90	0	0	*	2
35	1420	211	88	0	0	*	2
36	1460	210	85	0	0	*	2
37	1500	209	83	0	0	*	2
38	1540	208	81	0	0	*	2
39	1580	206	79	0	0	*	2
40	1620	205	76	0	0	*	2
41	1660	203	74	0	0	*	2
42	1700	202	71	0	0	*	2
43	1740	201	70	0	0	*	2
44	1780	198	66	0	0	*	2
45	1820	197	64	0	0	*	2
46	1860	197	65	0	0	*	2
47	1900	194	60	0	0	*	2
48	1940	192	58	0	0	*	2
49	1980	192	58	0	0	*	2
50	2020	189	54	0	0	*	2
51	2060	188	53	0	0	*	2
52	2100	188	52	0	0	*	2
53	2140	187	51	0	0	*	2
54	2180	184	47	0	0	*	2
55	2220	182	46	0	0	*	2
56	2260	183	47	0	0	*	2
57	2300	183	47	0	0	*	2
58	2340	179	41	0	0	*	2
59	2380	180	43	0	0	*	2
60	2420	179	42	0	0	*	2
61	2460	177	40	0	0	*	2
62	2500	174	37	0	0	*	2
63	2540	173	36	0	0	*	2
64	2580	173	35	0	0	*	2
65	2620	171	33	0	0	*	2
66	2660	171	31	0	0	*	2
67	2700	170	29	0	0	*	2
68	2740	170	28	0	0	*	2
69	2780	170	30	0	0	*	2
70	2820	170	29	0	0	*	2
71	2860	170	28	0	0	*	2
72	2900	168	22	0	0	*	2
73	2940	167	20	0	0	*	2
74	2980	165	19	0	0	*	2
75	3020	164	18	0	0	*	2
76	3060	162	18	0	0	*	2
77	3100	161	18	0	0	*	2
78	3140	164	22	0	0	*	2
79	3180	158	17	0	0	*	2
80	3220	157	16	0	0	*	2
81	3260	155	15	0	0	*	2
82	3300	153	15	0	0	*	2
83	3340	154	16	0	0	*	2
84	3380	155	16	0	0	*	2
85	3420	153	16	0	0	*	2
86	3460	152	16	0	0	*	2
87	3500	146	15	0	0	*	2
88	3540	144	14	0	0	*	2
89	3580	143	15	0	0	*	2
90	3620	142	15	0	0	*	2
91	3660	140	15	0	0	*	2
92	3700	144	15	0	0	*	2
93	3740	137	16	0	0	*	2
94	3780	140	15	0	0	*	2
95	3820	138	16	0	0	*	2
96	3860	131	18	0	0	*	2
97	3900	129	19	0	0	*	2
98	3940	132	18	0	0	*	2
99	3980	125	20	0	0	*	2
100	4020	126	20	0	0	*	2
101	4060	125	20	0	0	*	2
102	4100	123	21	0	0	*	2
103	4140	121	22	0	0	*	2
104	4180	119	23	0	0	*	2
105	4220	117	23	0	0	*	2
106	4260	114	24	0	0	*	2
107	4300	112	25	0	0	*	2
108	4340	110	26	0	0	*	2
109	4380	107	28	0	0	*	2
110	4420	105	28	0	0	*	2
111	4460	100	30	0	0	*	2
112	4500	100	30	0	0	*	2
113	4540	98	32	0	0	*	2
114	4580	96	32	0	0	*	2
115	4620	88	36	0	0	*	2
116	4660	86	37	0	0	*	2
117	4700	87	36	0	0	*	2
118	4740	86	37	0	0	*	2
119	4780	83	38	0	0	*	2
120	4820	80	40	0	0	*	2
121	4860	78	40	0	0	*	2
122	4900	76	42	0	0	*	2
123	4940	73	43	0	0	*	2
124	4980	71	44	0	0	*	2
125	5020	68	45	0	0	*	2
126	5060	66	46	0	0	*	2
127	5100	63	47	0	0	*	2
128	5140	61	48	0	0	*	2
129	5180	59	49	0	0	*	2
130	5220	56	50	0	0	*	2
131	5260	53	52	0	0	*	2
132	5300	51	53	0	0	*	2
133	5340	49	54	0	0	*	2
134	5380	47	55	0	0	*	2
135	5420	44	57	0	0	*	2
136	5460	42	57	0	0	*	2
137	5500	39	59	0	0	*	2
138	5540	37	60	0	0	*	2
139	5580	35	61	0	0	*	2
140	5620	33	63	0	0	*	2
141	5660	31	64	0	0	*	2
142	5700	28	65	0	0	*	2
143	5740	25	66	0	0	*	2
144	5780	23	68	0	0	*	2
145	5820	22	69	0	0	*	2
146	5860	21	70	0	0	*	2
147	5900	20	71	0	0	*	2
148	5940	18	73	0	0	*	2
149	5980	17	74	0	0	*	2
150	6020	16	76	0	0	*	2
151	6060	15	78	0	0	*	2
152	6100	15	79	0	0	*	2
153	6140	14	80	0	0	*	2
154	6180	13	82	0	0	*	2
155	6220	12	84	0	0	*	2
156	6260	12	86	0	0	*	2
157	6300	12	88	0	0	*	2
158	6340	11	90	0	0	*	2
159	6380	11	92	0	0	*	2
160	6420	11	93	0	0	*	2
161	6460	11	95	0	0	*	2
162	6500	11	96	0	0	*	2
163	6540	11	96	0	0	*	2
164	6580	11	99	0	0	*	2
165	6620	11	101	0	0	*	2
166	6660	12	102	0	0	*	2
167	6700	13	105	0	0	*	2
168	6740	13	107	0	0	*	2
169	6780	13	109	0	0	*	2
170	6820	13	112	0	0	*	2
171	6860	13	114	0	0	*	2
172	6900	13	116	0	0	*	2
173	6940	14	119	0	0	*	2
174	6980	14	121	0	0	*	2
175	7020	14	124	0	0	*	2
176	7060	14	127	0	0	*	2
177	7100	14	129	0	0	*	2
178	7140	14	131	0	0	*	2
179	7180	14	134	0	0	*	2
180	7220	14	136	0	0	*	2
181	7260	14	139	0	0	*	2
182	7300	14	142	0	0	*	2
183	7340	14	144	0	0	*	2
184	7380	14	146	0	0	*	2
185	7420	13	150	0	0	*	2
186	7460	12	152	0	0	*	2
187	7500	12	154	0	0	*	2
188	7540	12	157	0	0	*	2
189	7580	12	159	0	0	*	2
190	7620	12	161	0	0	*	2
191	7660	13	162	0	0	*	2
192	7700	13	164	0	0	*	2
193	7740	13	165	0	0	*	2
194	7780	14	167	0	0	*	2
195	7820	14	168	0	0	*	2
196	7860	15	170	0	0	*	2
197	7900	15	171	0	0	*	2
198	7940	16	172	0	0	*	2
199	7980	16	173	0	0	*	2
200	8020	17	175	0	0	*	2
201	8060	16	175	0	0	*	2
202	8100	18	177	0	0	*	2
203	8140	19	179	0	0	*	2
204	8180	20	181	0	0	*	2
205	8220	21	182	0	0	*	2
206	8260	22	183	0	0	*	2
207	8300	22	183	0	0	*	2
208	8340	22	184	0	0	*	2
209	8380	24	185	0	0	*	2
210	8420	24	186	0	0	*	2
211	8460	25	186	0	0	*	2
212	8500	26	186	0	0	*	2
213	8540	26	186	0	0	*	2
214	8580	27	187	0	0	*	2
215	8620	28	187	0	0	*	2
216	8660	29	187	0	0	*	2
217	8700	30	188	0	0	*	2
218	8740	30	188	0	0	*	2
219	8780	31	189	0	0	*	2
220	8820	32	189	0	0	*	2
221	8860	32	189	0	0	*	2
222	8900	33	190	0	0	*	2
223	8940	35	190	0	0	*	2
224	8980	36	191	0	0	*	2
225	9020	39	192	0	0	*	2
226	9060	40	192	0	0	*	2
227	9100	42	193	0	0	*	2
228	9140	45	194	0	0	*	2
229	9180	47	194	0	0	*	2
230	9220	49	195	0	0	*	2
231	9260	51	196	0	0	*	2
232	9300	53	196	0	0	*	2
233	9340	55	197	0	0	*	2
234	9380	58	198	0	0	*	2
235	9420	60	198	0	0	*	2
236	9460	63	199	0	0	*	2
237	9500	65	200	0	0	*	2
238	9540	68	201	0	0	*	2
239	9580	70	202	0	0	*	2
240	9620	73	203	0	0	*	2
241	9660	75	204	0	0	*	2
242	9700	78	205	0	0	*	2
243	9740	81	206	0	0	*	2
244	9780	84	207	0	0	*	2
245	9820	87	208	0	0	*	2
246	9860	95	211	0	0	*	2
247	9900	93	210	0	0	*	2
248	9940	100	214	0	0	*	2
249	9980	102	215	0	0	*	2
250	10020	105	217	0	0	*	2
251	10060	107	218	0	0	*	2
252	10100	109	219	0	0	*	2
253	10140	112	221	0	0	*	2
254	10180	112	221	0	0	*	2
255	10220	117	224	0	0	*	2
256	10260	119	226	0	0	*	2
257	10300	121	227	0	0	*	2
258	10340	124	229	0	0	*	2
259	10380	126	230	0	0	*	2
260	10420	128	232	0	0	*	2
261	10460	128	232	0	0	*	2
262	10500	130	233	0	0	*	2
263	10540	133	235	0	0	*	2
264	10580	136	237	0	0	*	2
265	10620	136	237	0	0	*	2
266	10660	140	240	0	0	*	2
267	10700	140	240	0	0	*	2
268	10740	142	241	0	0	*	2
269	10780	143	242	0	0	*	2
270	10820	145	242	0	0	*	2
271	10860	145	242	0	0	*	2
272	10900	146	243	0	0	*	2
273	10940	147	242	0	0	*	2
274	10980	148	242	0	0	*	2
275	11020	150	241	0	0	*	2
276	11060	151	241	0	0	*	2
277	11100	152	241	0	0	*	2
278	11140	151	240	0	0	*	2
279	11180	152	240	0	0	*	2
280	11220	159	240	0	0	*	2
281	11260	155	240	0	0	*	2
282	11300	157	240	0	0	*	2
283	11340	157	239	0	0	*	2
284	11380	159	239	0	0	*	2
285	11420	161	238	0	0	*	2
286	11460	162	237	0	0	*	2
287	11500	164	236	0	0	*	2
288	11540	165	236	0	0	*	2
289	11580	166	235	0	0	*	2
290	11620	169	234	0	0	*	2
291	11660	170	233	0	0	*	2
292	11700	172	232	0	0	*	2
293	11740	174	231	0	0	*	2
294	11780	176	230	0	0	*	2
295	11820	177	228	0	0	*	2
296	11860	179	226	0	0	*	2
297	11900	181	225	0	0	*	2
298	11940	182	224	0	0	*	2
299	11980	184	222	0	0	*	2
300	12020	186	220	0	0	*	2
301	12060	188	218	0	0	*	2
302	12100	190	216	0	0	*	2
303	12140	192	214	0	0	*	2
304	12180	193	213	0	0	*	2
305	12220	195	210	0	0	*	2
306	12260	196	209	0	0	*	2
307	12300	198	207	0	0	*	2
308	12340	200	205	0	0	*	2
309	12380	202	203	0	0	*	2
310	12420	204	201	0	0	*	2
311	12460	206	199	0	0	*	2
312	12500	207	197	0	0	*	2
313	12540	208	195	0	0	*	2
314	12580	210	192	0	0	*	2
315	12620	213	190	0	0	*	2
316	12660	214	188	0	0	*	2
317	12700	217	186	0	0	*	2
318	12740	218	185	0	0	*	2
319	12780	220	183	0	0	*	2
320	12820	222	181	0	0	*	2
321	12860	224	180	0	0	*	2
322	12900	225	178	0	0	*	2
323	12940	227	177	0	0	*	2
324	12980	229	176	0	0	*	2
325	13020	231	174	0	0	*	2
326	13060	232	173	0	0	*	2
327	13100	234	171	0	0	*	2
328	13140	235	170	0	0	*	2
329	13180	237	169	0	0	*	2
330	13220	243	164	0	0	*	2
331	13260	240	166	0	0	*	2
332	13300	242	165	0	0	*	2
333	13340	243	163	0	0	*	2
334	13380	243	162	0	0	*	2
335	13420	244	161	0	0	*	2
336	13460	245	160	0	0	*	2
337	13500	245	159	0	0	*	2
338	13540	246	157	0	0	*	2
339	13580	247	156	0	0	*	2
340	13620	247	154	0	0	*	2
341	13660	247	152	0	0	*	2
342	13700	248	150	0	0	*	2
343	13740	248	148	0	0	*	2
344	13780	248	146	0	0	*	2
345	13820	248	145	0	0	*	2
346	13860	248	143	0	0	*	2
347	13900	248	141	0	0	*	2
348	13940	248	139	0	0	*	2
349	13980	248	138	0	0	*	2
350	14020	248	135	0	0	*	2
351	14060	248	133	0	0	*	2
352	14100	248	131	0	0	*	2
353	14140	248	129	0	0	*	2
354	14180	248	127	0	0	*	2
355	14220	247	125	0	0	*	2
356	14260	247	123	0	0	*	2
357	14300	247	120	0	0	*	2
358	14340	247	118	0	0	*	2
359	14380	247	116	0	0	*	2
360	14420	246	114	0	0	*	2
361	14460	246	112	0	0	*	2
362	14500	246	109	0	0	*	2
363	14540	246	107	0	0	*	2
364	14580	245	105	0	0	*	2
365	14620	245	103	0	0	*	2
366	14660	244	100	0	0	*	2
367	14700	244	98	0	0	*	2
368	14740	241	90	0	0	*	2
369	14780	243	93	0	0	*	2
370	14820	242	91	0	0	*	2
371	14860	241	89	0	0	*	2
372	14900	240	86	0	0	*	2
373	14940	239	84	0	0	*	2
374	14980	238	81	0	0	*	2
375	15020	237	79	0	0	*	2
376	15060	236	77	0	0	*	2
377	15100	235	75	0	0	*	2
378	15140	233	72	0	0	*	2
379	15180	232	70	0	0	*	2
380	15220	228	63	0	0	*	2
381	15260	230	66	0	0	*	2
382	15300	229	64	0	0	*	2
383	15340	227	61	0	0	*	2
384	15380	225	59	0	0	*	2
385	15420	224	57	0	0	*	2
386	15460	223	55	0	0	*	2
387	15500	221	52	0	0	*	2
388	15540	220	50	0	0	*	2
389	15580	219	48	0	0	*	2
390	15620	218	47	0	0	*	2
391	15660	216	45	0	0	*	2
392	15700	215	43	0	0	*	2
393	15740	214	42	0	0	*	2
394	15780	212	40	0	0	*	2
395	15820	211	38	0	0	*	2
396	15860	209	37	0	0	*	2
397	15900	208	35	0	0	*	2
398	15940	206	33	0	0	*	2
399	15980	205	32	0	0	*	2
400	16020	203	30	0	0	*	2
401	16060	201	29	0	0	*	2
402	16100	200	28	0	0	*	2
403	16140	198	26	0	0	*	2
404	16180	196	25	0	0	*	2
405	16220	195	24	0	0	*	2
406	16260	193	23	0	0	*	2
407	16300	191	22	0	0	*	2
408	16340	189	21	0	0	*	2
409	16380	187	20	0	0	*	2
410	16420	185	19	0	0	*	2
411	16460	183	18	0	0	*	2
412	16500	182	17	0	0	*	2
413	16540	179	16	0	0	*	2
414	16580	177	15	0	0	*	2
415	16620	175	14	0	0	*	2
416	16660	172	13	0	0	*	2
417	16700	170	12	0	0	*	2
418	16740	168	11	0	0	*	2
419	16780	165	10	0	0	*	2
420	16820	163	10	0	0	*	2
421	16860	160	9	0	0	*	2
422	16900	158	9	0	0	*	2
423	16940	156	8	0	0	*	2
424	16980	153	7	0	0	*	2
425	17020	151	7	0	0	*	2
426	17060	149	6	0	0	*	2
427	17100	147	6	0	0	*	2
428	17140	145	6	0	0	*	2
429	17180	142	5	0	0	*	2
430	17220	139	5	0	0	*	2
431	17260	136	5	0	0	*	2
432	17300	134	6	0	0	*	2
433	17340	131	6	0	0	*	2
434	17380	128	7	0	0	*	2
435	17420	125	7	0	0	*	2
436	17460	122	7	0	0	*	2
437	17500	120	8	0	0	*	2
438	17540	118	8	0	0	*	2
439	17580	115	9	0	0	*	2
440	17620	113	9	0	0	*	2
441	17660	110	10	0	0	*	2
442	17700	107	10	0	0	*	2
443	17740	105	11	0	0	*	2
444	17780	102	11	0	0	*	2
445	17820	99	12	0	0	*	2
446	17860	97	13	0	0	*	2
447	17900	95	13	0	0	*	2
448	17940	92	14	0	0	*	2
449	17980	89	15	0	0	*	2
450	18020	87	16	0	0	*	2
451	18060	85	17	0	0	*	2
452	18100	82	18	0	0	*	2
453	18140	79	19	0	0	*	2
454	18180	77	19	0	0	*	2
455	18220	74	20	0	0	*	2
456	18260	72	21	0	0	*	2
457	18300	69	22	0	0	*	2
458	18340	67	23	0	0	*	2
459	18380	65	23	0	0	*	2
460	18420	62	24	0	0	*	2
461	18460	60	25	0	0	*	2
462	18500	58	26	0	0	*	2
463	18540	56	27	0	0	*	2
464	18580	53	29	0	0	*	2
465	18620	51	30	0	0	*	2
466	18660	50	31	0	0	*	2
467	18700	48	32	0	0	*	2
468	18740	46	34	0	0	*	2
469	18780	45	35	0	0	*	2
470	18820	43	36	0	0	*	2
471	18860	41	38	0	0	*	2
472	18900	40	39	0	0	*	2
473	18940	38	41	0	0	*	2
474	18980	36	43	0	0	*	2
475	19020	35	45	0	0	*	2
476	19060	34	46	0	0	*	2
477	19100	33	47	0	0	*	2
478	19140	32	49	0	0	*	2
479	19180	30	51	0	0	*	2
480	19220	29	53	0	0	*	2
481	19260	28	54	0	0	*	2
482	19300	27	56	0	0	*	2
483	19340	26	58	0	0	*	2
484	19380	25	60	0	0	*	2
485	19420	24	62	0	0	*	2
486	19460	23	63	0	0	*	2
487	19500	22	66	0	0	*	2
488	19540	21	68	0	0	*	2
489	19580	20	70	0	0	*	2
490	19620	19	71	0	0	*	2
491	19660	18	74	0	0	*	2
492	19700	18	75	0	0	*	2
493	19740	17	77	0	0	*	2
494	19780	16	79	0	0	*	2
495	19820	15	81	0	0	*	2
496	19860	15	83	0	0	*	2
497	19900	15	85	0	0	*	2
498	19940	14	87	0	0	*	2
499	19980	13	90	0	0	*	2
500	20020	12	93	0	0	*	2
501	20060	13	94	0	0	*	2
502	20100	12	96	0	0	*	2
503	20140	12	99	0	0	*	2
504	20180	12	101	0	0	*	2
505	20220	12	104	0	0	*	2
506	20260	11	107	0	0	*	2
507	20300	11	109	0	0	*	2
508	20340	11	111	0	0	*	2
509	20380	11	115	0	0	*	2
510	20420	11	117	0	0	*	2
511	20460	10	120	0	0	*	2
512	20500	10	123	0	0	*	2
513	20540	9	126	0	0	*	2
514	20580	9	130	0	0	*	2
515	20620	9	133	0	0	*	2
516	20660	8	136	0	0	*	2
517	20700	8	138	0	0	*	2
518	20740	8	140	0	0	*	2
519	20780	8	142	0	0	*	2
520	20820	8	145	0	0	*	2
521	20860	9	147	0	0	*	2
522	20900	9	149	0	0	*	2
523	20940	10	152	0	0	*	2
524	20980	10	154	0	0	*	2
525	21020	10	156	0	0	*	2
526	21060	11	157	0	0	*	2
527	21100	11	159	0	0	*	2
528	21140	12	161	0	0	*	2
529	21180	11	161	0	0	*	2
530	21220	12	163	0	0	*	2
531	21260	13	166	0	0	*	2
532	21300	14	168	0	0	*	2
533	21340	15	169	0	0	*	2
534	21380	16	171	0	0	*	2
535	21420	16	172	0	0	*	2
536	21460	17	174	0	0	*	2
537	21500	18	177	0	0	*	2
538	21540	19	178	0	0	*	2
539	21580	20	179	0	0	*	2
540	21620	21	181	0	0	*	2
541	21660	22	183	0	0	*	2
542	21700	22	185	0	0	*	2
543	21740	23	186	0	0	*	2
544	21780	24	188	0	0	*	2
545	21820	25	189	0	0	*	2
546	21860	26	190	0	0	*	2
547	21900	27	192	0	0	*	2
548	21940	27	193	0	0	*	2
549	21980	28	194	0	0	*	2
550	22020	29	195	0	0	*	2
551	22060	30	197	0	0	*	2
552	22100	31	198	0	0	*	2
553	22140	32	198	0	0	*	2
554	22180	33	199	0	0	*	2
555	22220	34	200	0	0	*	2
556	22260	35	201	0	0	*	2
557	22300	36	202	0	0	*	2
558	22340	37	203	0	0	*	2
559	22380	37	202	0	0	*	2
560	22420	38	203	0	0	*	2
561	22460	39	204	0	0	*	2
562	22500	40	206	0	0	*	2
563	22540	42	207	0	0	*	2
564	22580	43	208	0	0	*	2
565	22620	45	209	0	0	*	2
566	22660	46	210	0	0	*	2
567	22700	48	211	0	0	*	2
568	22740	49	212	0	0	*	2
569	22780	51	213	0	0	*	2
570	22820	52	214	0	0	*	2
571	22860	55	216	0	0	*	2
572	22900	56	217	0	0	*	2
573	22940	59	218	0	0	*	2
574	22980	61	219	0	0	*	2
575	23020	63	220	0	0	*	2
576	23060	65	221	0	0	*	2
577	23100	68	222	0	0	*	2
578	23140	70	223	0	0	*	2
579	23180	72	224	0	0	*	2
580	23220	75	225	0	0	*	2
581	23260	77	225	0	0	*	2
582	23300	80	226	0	0	*	2
583	23340	83	227	0	0	*	2
584	23380	85	227	0	0	*	2
585	23420	87	228	0	0	*	2
586	23460	90	229	0	0	*	2
587	23500	92	230	0	0	*	2
588	23540	95	230	0	0	*	2
589	23580	97	231	0	0	*	2
590	23620	100	232	0	0	*	2
591	23660	103	232	0	0	*	2
592	23700	106	233	0	0	*	2
593	23740	108	234	0	0	*	2
594	23780	110	234	0	0	*	2
595	23820	113	235	0	0	*	2
596	23860	116	236	0	0	*	2
597	23900	118	237	0	0	*	2
598	23940	121	237	0	0	*	2
599	23980	123	238	0	0	*	2
600	24020	126	238	0	0	*	2
601	24060	129	239	0	0	*	2
602	24100	131	239	0	0	*	2
603	24140	134	239	0	0	*	2
604	24180	136	240	0	0	*	2
605	24220	140	240	0	0	*	2
606	24260	140	239	0	0	*	2
607	24300	142	239	0	0	*	2
608	24340	144	239	0	0	*	2
609	24380	146	238	0	0	*	2
610	24420	147	237	0	0	*	2
611	24460	149	236	0	0	*	2
612	24500	151	235	0	0	*	2
613	24540	152	233	0	0	*	2
614	24580	154	232	0	0	*	2
615	24620	155	231	0	0	*	2
616	24660	157	230	0	0	*	2
617	24700	159	228	0	0	*	2
618	24740	160	226	0	0	*	2
619	24780	162	224	0	0	*	2
620	24820	164	222	0	0	*	2
621	24860	165	221	0	0	*	2
622	24900	167	219	0	0	*	2
623	24940	169	217	0	0	*	2
624	24980	170	215	0	0	*	2
625	25020	172	213	0	0	*	2
626	25060	174	211	0	0	*	2
627	25100	176	209	0	0	*	2
628	25140	178	207	0	0	*	2
629	25180	180	205	0	0	*	2
630	25220	182	203	0	0	*	2
631	25260	183	201	0	0	*	2
632	25300	185	199	0	0	*	2
633	25340	187	197	0	0	*	2
634	25380	190	194	0	0	*	2
635	25420	192	192	0	0	*	2
636	25460	194	191	0	0	*	2
637	25500	196	189	0	0	*	2
638	25540	199	187	0	0	*	2
639	25580	201	186	0	0	*	2
640	25620	205	185	0	0	*	2
641	25660	206	184	0	0	*	2
642	25700	208	184	0	0	*	2
643	25740	212	183	0	0	*	2
644	25780	214	183	0	0	*	2
645	25820	216	183	0	0	*	2
646	25860	219	183	0	0	*	2
647	25900	220	183	0	0	*	2
648	25940	222	183	0	0	*	2
649	25980	225	184	0	0	*	2
650	26020	227	185	0	0	*	2
651	26060	228	185	0	0	*	2
652	26100	230	187	0	0	*	2
653	26140	230	187	0	0	*	2
654	26180	230	188	0	0	*	2
655	26220	230	189	0	0	*	2
656	26260	230	190	0	0	*	2
657	26300	229	191	0	0	*	2
658	26340	228	191	0	0	*	2
659	26380	227	192	0	0	*	2
660	26420	227	192	0	0	*	2
661	26460	226	193	0	0	*	2
662	26500	225	194	0	0	*	2
663	26540	225	194	0	0	*	2
664	26580	223	195	0	0	*	2
665	26620	222	195	0	0	*	2
666	26660	221	196	0	0	*	2
667	26700	220	196	0	0	*	2
668	26740	219	197	0	0	*	2
669	26780	217	198	0	0	*	2
670	26820	216	199	0	0	*	2
671	26860	214	200	0	0	*	2
672	26900	212	201	0	0	*	2
673	26940	211	202	0	0	*	2
674	26980	209	203	0	0	*	2
675	27020	207	205	0	0	*	2
676	27060	206	206	0	0	*	2
677	27100	204	207	0	0	*	2
678	27140	202	208	0	0	*	2
679	27180	201	209	0	0	*	2
680	27220	199	210	0	0	*	2
681	27260	197	212	0	0	*	2
682	27300	195	213	0	0	*	2
683	27340	193	214	0	0	*	2
684	27380	191	215	0	0	*	2
685	27420	190	216	0	0	*	2
686	27460	187	217	0	0	*	2
687	27500	185	218	0	0	*	2
688	27540	183	219	0	0	*	2
689	27580	181	220	0	0	*	2
690	27620	179	221	0	0	*	2
691	27660	176	221	0	0	*	2
692	27700	174	222	0	0	*	2
693	27740	171	222	0	0	*	2
694	27780	170	223	0	0	*	2
695	27820	167	224	0	0	*	2
696	27860	165	224	0	0	*	2
697	27900	162	225	0	0	*	2
698	27940	160	226	0	0	*	2
699	27980	158	226	0	0	*	2
700	28020	155	227	0	0	*	2
701	28060	152	227	0	0	*	2
702	28100	150	228	0	0	*	2
703	28140	147	229	0	0	*	2
704	28180	145	229	0	0	*	2
705	28220	142	230	0	0	*	2
706	28260	139	230	0	0	*	2
707	28300	136	230	0	0	*	2
708	28340	134	230	0	0	*	2
709	28380	131	231	0	0	*	2
710	28420	128	231	0	0	*	2
711	28460	119	231	0	0	*	2
712	28500	115	231	0	0	*	2
713	28540	119	231	0	0	*	2
714	28580	115	231	0	0	*	2
715	28620	107	231	0	0	*	2
716	28660	109	231	0	0	*	2
717	28700	102	231	0	0	*	2
718	28740	106	230	0	0	*	2
719	28780	103	230	0	0	*	2
720	28820	100	230	0	0	*	2
721	28860	97	230	0	0	*	2
722	28900	95	230	0	0	*	2
723	28940	93	229	0	0	*	2
724	28980	91	229	0	0	*	2
725	29020	88	228	0	0	*	2
726	29060	86	227	0	0	*	2
727	29100	84	226	0	0	*	2
728	29140	82	225	0	0	*	2
729	29180	79	224	0	0	*	2
730	29220	77	223	0	0	*	2
731	29260	75	221	0	0	*	2
732	29300	73	220	0	0	*	2
733	29340	71	219	0	0	*	2
734	29380	69	218	0	0	*	2
735	29420	67	216	0	0	*	2
736	29460	65	215	0	0	*	2
737	29500	62	214	0	0	*	2
738	29540	61	212	0	0	*	2
739	29580	59	211	0	0	*	2
740	29620	56	209	0	0	*	2
741	29660	54	208	0	0	*	2
742	29700	51	206	0	0	*	2
743	29740	49	205	0	0	*	2
744	29780	47	203	0	0	*	2
745	29820	45	201	0	0	*	2
746	29860	43	200	0	0	*	2
747	29900	41	198	0	0	*	2
748	29940	39	196	0	0	*	2
749	29980	37	193	0	0	*	2
750	30020	36	192	0	0	*	2
751	30060	34	190	0	0	*	2
752	30100	33	188	0	0	*	2
753	30140	31	186	0	0	*	2
754	30180	30	185	0	0	*	2
755	30220	29	183	0	0	*	2
756	30260	27	181	0	0	*	2
757	30300	26	179	0	0	*	2
758	30340	24	177	0	0	*	2
759	30380	23	175	0	0	*	2
760	30420	22	173	0	0	*	2
761	30460	21	170	0	0	*	2
762	30500	20	168	0	0	*	2
763	30540	19	165	0	0	*	2
764	30580	18	163	0	0	*	2
765	30620	17	161	0	0	*	2
766	30660	16	159	0	0	*	2
767	30700	15	156	0	0	*	2
768	30740	14	153	0	0	*	2
769	30780	13	151	0	0	*	2
770	30820	11	148	0	0	*	2
771	30860	10	145	0	0	*	2
772	30900	9	143	0	0	*	2
773	30940	9	140	0	0	*	2
774	30980	8	138	0	0	*	2
775	31020	8	137	0	0	*	2
776	31060	7	134	0	0	*	2
777	31100	7	132	0	0	*	2
778	31140	6	130	0	0	*	2
779	31180	6	128	0	0	*	2
780	31220	6	126	0	0	*	2
781	31260	6	123	0	0	*	2
782	31300	6	121	0	0	*	2
783	31340	5	119	0	0	*	2
784	31380	6	116	0	0	*	2
785	31420	6	114	0	0	*	2
786	31460	6	112	0	0	*	2
787	31500	7	110	0	0	*	2
788	31540	7	107	0	0	*	2
789	31580	8	105	0	0	*	2
790	31620	8	103	0	0	*	2
791	31660	8	101	0	0	*	2
792	31700	9	99	0	0	*	2
793	31740	9	97	0	0	*	2
794	31780	10	95	0	0	*	2
795	31820	11	93	0	0	*	2
796	31860	12	91	0	0	*	2
797	31900	12	88	0	0	*	2
798	31940	13	87	0	0	*	2
799	31980	14	85	0	0	*	2
800	32020	15	82	0	0	*	2
801	32060	16	80	0	0	*	2
802	32100	17	78	0	0	*	2
803	32140	18	77	0	0	*	2
804	32180	19	74	0	0	*	2
805	32220	20	72	0	0	*	2
806	32260	22	70	0	0	*	2
807	32300	24	68	0	0	*	2
808	32340	26	65	0	0	*	2
809	32380	28	62	0	0	*	2
810	32420	30	60	0	0	*	2
811	32460	31	59	0	0	*	2
812	32500	33	56	0	0	*	2
813	32540	34	54	0	0	*	2
814	32580	36	52	0	0	*	2
815	32620	38	49	0	0	*	2
816	32660	39	47	0	0	*	2
817	32700	41	45	0	0	*	2
818	32740	43	43	0	0	*	2
819	32780	44	41	0	0	*	2
820	32820	46	39	0	0	*	2
821	32860	48	36	0	0	*	2
822	32900	49	34	0	0	*	2
823	32940	51	32	0	0	*	2
824	32980	53	30	0	0	*	2
825	33020	55	29	0	0	*	2
826	33060	57	27	0	0	*	2
827	33100	59	26	0	0	*	2
828	33140	60	24	0	0	*	2
829	33180	61	23	0	0	*	2
830	33220	64	23	0	0	*	2
831	33260	66	22	0	0	*	2
832	33300	68	21	0	0	*	2
833	33340	71	19	0	0	*	2
834	33380	73	19	0	0	*	2
835	33420	74	18	0	0	*	2
836	33460	77	17	0	0	*	2
837	33500	80	16	0	0	*	2
838	33540	83	16	0	0	*	2
839	33580	85	15	0	0	*	2
840	33620	88	15	0	0	*	2
841	33660	90	15	0	0	*	2
842	33700	92	15	0	0	*	2
843	33740	95	15	0	0	*	2
844	33780	97	15	0	0	*	2
845	33820	100	15	0	0	*	2
846	33860	103	15	0	0	*	2
847	33900	106	15	0	0	*	2
848	33940	109	16	0	0	*	2
849	33980	111	16	0	0	*	2
850	34020	114	16	0	0	*	2
851	34060	117	17	0	0	*	2
852	34100	119	17	0	0	*	2
853	34140	122	18	0	0	*	2
854	34180	125	19	0	0	*	2
855	34220	127	19	0	0	*	2
856	34260	131	20	0	0	*	2
857	34300	134	21	0	0	*	2
858	34340	136	22	0	0	*	2
859	34380	139	23	0	0	*	2
860	34420	142	23	0	0	*	2
861	34460	145	24	0	0	*	2
862	34500	146	25	0	0	*	2
863	34540	150	27	0	0	*	2
864	34580	152	28	0	0	*	2
865	34620	155	29	0	0	*	2
866	34660	158	31	0	0	*	2
867	34700	160	32	0	0	*	2
868	34740	162	33	0	0	*	2
869	34780	165	35	0	0	*	2
870	34820	167	36	0	0	*	2
871	34860	170	38	0	0	*	2
872	34900	172	39	0	0	*	2
873	34940	175	40	0	0	*	2
874	34980	178	42	0	0	*	2
875	35020	180	43	0	0	*	2
876	35060	188	46	0	0	*	2
877	35100	186	46	0	0	*	2
878	35140	188	46	0	0	*	2
879	35180	195	49	0	0	*	2
880	35220	194	49	0	0	*	2
881	35260	196	50	0	0	*	2
882	35300	198	51	0	0	*	2
883	35340	202	53	0	0	*	2
884	35380	204	54	0	0	*	2
885	35420	206	56	0	0	*	2
886	35460	213	60	0	0	*	2
887	35500	215	62	0	0	*	2
888	35540	215	61	0	0	*	2
889	35580	219	66	0	0	*	2
890	35620	222	67	0	0	*	2
891	35660	224	69	0	0	*	2
892	35700	226	70	0	0	*	2
893	35740	228	72	0	0	*	2
894	35780	227	71	0	0	*	2
895	35820	229	74	0	0	*	2
896	35860	231	75	0	0	*	2
897	35900	233	77	0	0	*	2
898	35940	233	78	0	0	*	2
899	35980	235	79	0	0	*	2
900	36020	237	82	0	0	*	2
901	36060	238	84	0	0	*	2
902	36100	238	85	0	0	*	2
903	36140	239	86	0	0	*	2
904	36180	240	87	0	0	*	2
905	36220	241	90	0	0	*	2
906	36260	241	92	0	0	*	2
907	36300	242	93	0	0	*	2
908	36340	242	94	0	0	*	2
909	36380	242	96	0	0	*	2
910	36420	242	100	0	0	*	2
911	36460	241	103	0	0	*	2
912	36500	241	105	0	0	*	2
913	36540	238	112	0	0	*	2
914	36580	239	110	0	0	*	2
915	36620	236	116	0	0	*	2
916	36660	237	113	0	0	*	2
917	36700	234	120	0	0	*	2
918	36740	234	122	0	0	*	2
919	36780	233	124	0	0	*	2
920	36820	234	121	0	0	*	2
921	36860	233	124	0	0	*	2
922	36900	232	126	0	0	*	2
923	36940	229	133	0	0	*	2
924	36980	231	130	0	0	*	2
925	37020	230	132	0	0	*	2
926	37060	229	135	0	0	*	2
927	37100	228	137	0	0	*	2
928	37140	227	139	0	0	*	2
929	37180	226	141	0	0	*	2
930	37220	225	144	0	0	*	2
931	37260	224	146	0	0	*	2
932	37300	223	149	0	0	*	2
933	37340	222	151	0	0	*	2
934	37380	221	153	0	0	*	2
935	37420	220	157	0	0	*	2
936	37460	219	159	0	0	*	2
937	37500	219	162	0	0	*	2
938	37540	218	164	0	0	*	2
939	37580	218	166	0	0	*	2
940	37620	217	169	0	0	*	2
941	37660	217	172	0	0	*	2
942	37700	216	175	0	0	*	2
943	37740	216	177	0	0	*	2
944	37780	216	180	0	0	*	2
945	37820	216	182	0	0	*	2
946	37860	216	185	0	0	*	2
947	37900	216	187	0	0	*	2
948	37940	216	190	0	0	*	2
949	37980	216	192	0	0	*	2
950	38020	217	195	0	0	*	2
951	38060	217	198	0	0	*	2
952	38100	218	200	0	0	*	2
953	38140	218	201	0	0	*	2
954	38180	218	203	0	0	*	2
955	38220	218	205	0	0	*	2
956	38260	218	206	0	0	*	2
957	38300	217	208	0	0	*	2
958	38340	217	208	0	0	*	2
959	38380	216	208	0	0	*	2
960	38420	216	209	0	0	*	2
961	38460	215	211	0	0	*	2
962	38500	214	212	0	0	*	2
963	38540	214	211	0	0	*	2
964	38580	213	212	0	0	*	2
965	38620	212	212	0	0	*	2
966	38660	211	213	0	0	*	2
967	38700	210	212	0	0	*	2
968	38740	209	212	0	0	*	2
969	38780	209	213	0	0	*	2
970	38820	208	213	0	0	*	2
971	38860	207	214	0	0	*	2
972	38900	206	214	0	0	*	2
973	38940	205	215	0	0	*	2
974	38980	203	215	0	0	*	2
975	39020	202	216	0	0	*	2
976	39060	200	217	0	0	*	2
977	39100	199	217	0	0	*	2
978	39140	197	218	0	0	*	2
979	39180	195	219	0	0	*	2
980	39220	193	220	0	0	*	2
981	39260	191	221	0	0	*	2
982	39300	189	222	0	0	*	2
983	39340	186	222	0	0	*	2
984	39380	184	223	0	0	*	2
985	39420	181	224	0	0	*	2
986	39460	179	224	0	0	*	2
987	39500	177	225	0	0	*	2
988	39540	174	225	0	0	*	2
989	39580	172	226	0	0	*	2
990	39620	170	226	0	0	*	2
991	39660	167	227	0	0	*	2
992	39700	165	227	0	0	*	2
993	39740	162	228	0	0	*	2
994	39780	160	228	0	0	*	2
995	39820	158	229	0	0	*	2
996	39860	155	229	0	0	*	2
997	39900	152	230	0	0	*	2
998	39940	150	230	0	0	*	2
999	39980	148	231	0	0	*	2
1000	40020	145	231	0	0	*	2
1001	40060	143	231	0	0	*	2
1002	40100	140	232	0	0	*	2
1003	40140	137	232	0	0	*	2
1004	40180	135	232	0	0	*	2
1005	40220	133	232	0	0	*	2
1006	40260	130	232	0	0	*	2
1007	40300	127	232	0	0	*	2
1008	40340	124	232	0	0	*	2
1009	40380	121	232	0	0	*	2
1010	40420	119	232	0	0	*	2
1011	40460	116	231	0	0	*	2
1012	40500	113	231	0	0	*	2
1013	40540	111	231	0	0	*	2
1014	40580	109	230	0	0	*	2
1015	40620	106	230	0	0	*	2
1016	40660	103	229	0	0	*	2
1017	40700	101	229	0	0	*	2
1018	40740	98	229	0	0	*	2
1019	40780	95	228	0	0	*	2
1020	40820	93	228	0	0	*	2
1021	40860	90	228	0	0	*	2
1022	40900	87	227	0	0	*	2
1023	40940	85	227	0	0	*	2
1024	40980	82	227	0	0	*	2
1025	41020	79	226	0	0	*	2
1026	41060	76	226	0	0	*	2
1027	41100	73	225	0	0	*	2
1028	41140	71	225	0	0	*	2
1029	41180	69	224	0	0	*	2
1030	41220	66	224	0	0	*	2
1031	41260	63	223	0	0	*	2
1032	41300	61	223	0	0	*	2
1033	41340	58	221	0	0	*	2
1034	41380	56	221	0	0	*	2
1035	41420	54	220	0	0	*	2
1036	41460	51	219	0	0	*	2
1037	41500	49	218	0	0	*	2
1038	41540	48	217	0	0	*	2
1039	41580	46	215	0	0	*	2
1040	41620	44	214	0	0	*	2
1041	41660	43	213	0	0	*	2
1042	41700	41	211	0	0	*	2
1043	41740	40	210	0	0	*	2
1044	41780	38	208	0	0	*	2
1045	41820	37	207	0	0	*	2
1046	41860	36	205	0	0	*	2
1047	41900	35	203	0	0	*	2
1048	41940	34	202	0	0	*	2
1049	41980	34	200	0	0	*	2
1050	42020	33	198	0	0	*	2
1051	42060	32	196	0	0	*	2
1052	42100	31	193	0	0	*	2
1053	42140	30	191	0	0	*	2
1054	42180	29	189	0	0	*	2
1055	42220	28	187	0	0	*	2
1056	42260	27	185	0	0	*	2
1057	42300	25	184	0	0	*	2
1058	42340	23	181	0	0	*	2
1059	42380	24	179	0	0	*	2
1060	42420	21	177	0	0	*	2
1061	42460	20	175	0	0	*	2
1062	42500	19	173	0	0	*	2
1063	42540	17	171	0	0	*	2
1064	42580	17	168	0	0	*	2
1065	42620	15	166	0	0	*	2
1066	42660	14	164	0	0	*	2
1067	42700	13	163	0	0	*	2
1068	42740	12	161	0	0	*	2
1069	42780	12	159	0	0	*	2
1070	42820	11	156	0	0	*	2
1071	42860	10	154	0	0	*	2
1072	42900	10	152	0	0	*	2
1073	42940	9	150	0	0	*	2
1074	42980	9	147	0	0	*	2
1075	43020	9	145	0	0	*	2
1076	43060	8	142	0	0	*	2
1077	43100	8	140	0	0	*	2
1078	43140	8	138	0	0	*	2
1079	43180	8	136	0	0	*	2
1080	43220	8	133	0	0	*	2
1081	43260	8	131	0	0	*	2
1082	43300	8	129	0	0	*	2
1083	43340	9	127	0	0	*	2
1084	43380	9	124	0	0	*	2
1085	43420	11	122	0	0	*	2
1086	43460	12	119	0	0	*	2
1087	43500	12	117	0	0	*	2
1088	43540	12	116	0	0	*	2
1089	43580	13	113	0	0	*	2
1090	43620	13	110	0	0	*	2
1091	43660	14	108	0	0	*	2
1092	43700	15	105	0	0	*	2
1093	43740	16	103	0	0	*	2
1094	43780	17	101	0	0	*	2
1095	43820	18	98	0	0	*	2
1096	43860	20	96	0	0	*	2
1097	43900	20	94	0	0	*	2
1098	43940	22	92	0	0	*	2
1099	43980	23	89	0	0	*	2
1100	44020	24	87	0	0	*	2
1101	44060	25	85	0	0	*	2
1102	44100	26	82	0	0	*	2
1103	44140	28	80	0	0	*	2
1104	44180	29	78	0	0	*	2
1105	44220	30	75	0	0	*	2
1106	44260	31	73	0	0	*	2
1107	44300	33	70	0	0	*	2
1108	44340	35	68	0	0	*	2
1109	44380	36	66	0	0	*	2
1110	44420	37	63	0	0	*	2
1111	44460	38	61	0	0	*	2
1112	44500	39	58	0	0	*	2
1113	44540	41	55	0	0	*	2
1114	44580	42	53	0	0	*	2
1115	44620	44	50	0	0	*	2
1116	44660	45	48	0	0	*	2
1117	44700	46	46	0	0	*	2
1118	44740	48	43	0	0	*	2
1119	44780	49	40	0	0	*	2
1120	44820	51	38	0	0	*	2
1121	44860	52	36	0	0	*	2
1122	44900	53	34	0	0	*	2
1123	44940	55	31	0	0	*	2
1124	44980	57	29	0	0	*	2
1125	45020	59	27	0	0	*	2
1126	45060	61	25	0	0	*	2
1127	45100	61	24	0	0	*	2
1128	45140	63	23	0	0	*	2
1129	45180	65	21	0	0	*	2
1130	45220	67	20	0	0	*	2
1131	45260	69	19	0	0	*	2
1132	45300	71	18	0	0	*	2
1133	45340	73	17	0	0	*	2
1134	45380	76	16	0	0	*	2
1135	45420	78	15	0	0	*	2
1136	45460	80	14	0	0	*	2
1137	45500	82	13	0	0	*	2
1138	45540	85	13	0	0	*	2
1139	45580	87	12	0	0	*	2
1140	45620	89	11	0	0	*	2
1141	45660	92	11	0	0	*	2
1142	45700	94	10	0	0	*	2
1143	45740	97	10	0	0	*	2
1144	45780	99	9	0	0	*	2
1145	45820	102	9	0	0	*	2
1146	45860	104	8	0	0	*	2
1147	45900	107	7	0	0	*	2
1148	45940	109	7	0	0	*	2
1149	45980	112	6	0	0	*	2
1150	46020	114	6	0	0	*	2
1151	46060	117	5	0	0	*	2
1152	46100	119	5	0	0	*	2
1153	46140	121	4	0	0	*	2
1154	46180	123	4	0	0	*	2
1155	46220	125	4	0	0	*	2
1156	46260	128	3	0	0	*	2
1157	46300	130	3	0	0	*	2
1158	46340	132	4	0	0	*	2
1159	46380	135	4	0	0	*	2
1160	46420	137	4	0	0	*	2
1161	46460	140	5	0	0	*	2
1162	46500	142	5	0	0	*	2
1163	46540	145	6	0	0	*	2
1164	46580	147	7	0	0	*	2
1165	46620	149	8	0	0	*	2
1166	46660	152	8	0	0	*	2
1167	46700	154	9	0	0	*	2
1168	46740	156	10	0	0	*	2
1169	46780	158	11	0	0	*	2
1170	46820	161	11	0	0	*	2
1171	46860	163	12	0	0	*	2
1172	46900	166	13	0	0	*	2
1173	46940	168	14	0	0	*	2
1174	46980	170	15	0	0	*	2
1175	47020	173	16	0	0	*	2
1176	47060	175	17	0	0	*	2
1177	47100	177	18	0	0	*	2
1178	47140	180	19	0	0	*	2
1179	47180	182	20	0	0	*	2
1180	47220	185	21	0	0	*	2
1181	47260	187	22	0	0	*	2
1182	47300	190	23	0	0	*	2
1183	47340	192	23	0	0	*	2
1184	47380	194	25	0	0	*	2
1185	47420	196	26	0	0	*	2
1186	47460	197	27	0	0	*	2
1187	47500	199	28	0	0	*	2
1188	47540	200	29	0	0	*	2
1189	47580	202	30	0	0	*	2
1190	47620	203	31	0	0	*	2
1191	47660	205	33	0	0	*	2
1192	47700	207	34	0	0	*	2
1193	47740	209	36	0	0	*	2
1194	47780	211	37	0	0	*	2
1195	47820	213	39	0	0	*	2
1196	47860	215	41	0	0	*	2
1197	47900	216	43	0	0	*	2
1198	47940	218	46	0	0	*	2
1199	47980	219	47	0	0	*	2
1200	48020	221	49	0	0	*	2
1201	48060	222	51	0	0	*	2
1202	48100	223	53	0	0	*	2
1203	48140	225	54	0	0	*	2
1204	48180	226	57	0	0	*	2
1205	48220	227	59	0	0	*	2
1206	48260	228	61	0	0	*	2
1207	48300	230	63	0	0	*	2
1208	48340	231	65	0	0	*	2
1209	48380	232	68	0	0	*	2
1210	48420	233	70	0	0	*	2
1211	48460	234	72	0	0	*	2
1212	48500	235	74	0	0	*	2
1213	48540	236	77	0	0	*	2
1214	48580	237	79	0	0	*	2
1215	48620	238	82	0	0	*	2
1216	48660	239	84	0	0	*	2
1217	48700	240	87	0	0	*	2
1218	48740	240	90	0	0	*	2
1219	48780	241	92	0	0	*	2
1220	48820	241	95	0	0	*	2
1221	48860	242	98	0	0	*	2
1222	48900	242	100	0	0	*	2
1223	48940	242	102	0	0	*	2
1224	48980	243	105	0	0	*	2
1225	49020	243	108	0	0	*	2
1226	49060	244	110	0	0	*	2
1227	49100	244	113	0	0	*	2
1228	49140	245	115	0	0	*	2
1229	49180	246	116	0	0	*	2
1230	49220	246	117	0	0	*	2
1231	49260	247	119	0	0	*	2
1232	49300	248	121	0	0	*	2
1233	49340	249	123	0	0	*	2
1234	49380	250	125	0	0	*	2
1235	49420	250	126	0	0	*	2
1236	49460	250	127	0	0	*	2
1237	49500	250	129	0	0	*	2
1238	49540	250	130	0	0	*	2
1239	49580	250	131	0	0	*	2
1240	49620	250	133	0	0	*	2
1241	49660	250	134	0	0	*	2
1242	49700	249	136	0	0	*	2
1243	49740	249	137	0	0	*	2
1244	49780	249	138	0	0	*	2
1245	49820	249	139	0	0	*	2
1246	49860	248	140	0	0	*	2
1247	49900	248	141	0	0	*	2
1248	49940	246	143	0	0	*	2
1249	49980	245	144	0	0	*	2
1250	50020	245	145	0	0	*	2
1251	50060	244	147	0	0	*	2
1252	50100	243	149	0	0	*	2
1253	50140	243	150	0	0	*	2
1254	50180	242	152	0	0	*	2
1255	50220	241	155	0	0	*	2
1256	50260	240	157	0	0	*	2
1257	50300	239	159	0	0	*	2
1258	50340	238	161	0	0	*	2
1259	50380	237	163	0	0	*	2
1260	50420	235	165	0	0	*	2
1261	50460	234	168	0	0	*	2
1262	50500	233	170	0	0	*	2
1263	50540	232	172	0	0	*	2
1264	50580	231	175	0	0	*	2
1265	50620	230	177	0	0	*	2
1266	50660	229	180	0	0	*	2
1267	50700	228	182	0	0	*	2
1268	50740	227	184	0	0	*	2
1269	50780	225	186	0	0	*	2
1270	50820	224	189	0	0	*	2
1271	50860	223	191	0	0	*	2
1272	50900	221	194	0	0	*	2
1273	50940	220	196	0	0	*	2
1274	50980	219	198	0	0	*	2
1275	51020	217	200	0	0	*	2
1276	51060	216	203	0	0	*	2
1277	51100	214	205	0	0	*	2
1278	51140	212	207	0	0	*	2
1279	51180	210	209	0	0	*	2
1280	51220	209	211	0	0	*	2
1281	51260	207	213	0	0	*	2
1282	51300	206	215	0	0	*	2
1283	51340	204	217	0	0	*	2
1284	51380	201	219	0	0	*	2
1285	51420	200	221	0	0	*	2
1286	51460	198	222	0	0	*	2
1287	51500	196	224	0	0	*	2
1288	51540	194	226	0	0	*	2
1289	51580	193	228	0	0	*	2
1290	51620	190	229	0	0	*	2
1291	51660	188	231	0	0	*	2
1292	51700	186	232	0	0	*	2
1293	51740	184	233	0	0	*	2
1294	51780	182	234	0	0	*	2
1295	51820	180	235	0	0	*	2
1296	51860	178	236	0	0	*	2
1297	51900	175	237	0	0	*	2
1298	51940	173	238	0	0	*	2
1299	51980	171	239	0	0	*	2
1300	52020	169	240	0	0	*	2
1301	52060	167	240	0	0	*	2
1302	52100	165	241	0	0	*	2
1303	52140	162	241	0	0	*	2
1304	52180	160	242	0	0	*	2
1305	52220	158	242	0	0	*	2
1306	52260	155	243	0	0	*	2
1307	52300	152	243	0	0	*	2
1308	52340	150	244	0	0	*	2
1309	52380	147	244	0	0	*	2
1310	52420	145	244	0	0	*	2
1311	52460	143	245	0	0	*	2
1312	52500	141	245	0	0	*	2
1313	52540	138	246	0	0	*	2
1314	52580	135	246	0	0	*	2
1315	52620	134	246	0	0	*	2
1316	52660	131	246	0	0	*	2
1317	52700	128	246	0	0	*	2
1318	52740	126	246	0	0	*	2
1319	52780	123	246	0	0	*	2
1320	52820	121	246	0	0	*	2
1321	52860	118	246	0	0	*	2
1322	52900	116	245	0	0	*	2
1323	52940	113	245	0	0	*	2
1324	52980	110	245	0	0	*	2
1325	53020	108	244	0	0	*	2
1326	53060	106	244	0	0	*	2
1327	53100	103	243	0	0	*	2
1328	53140	101	243	0	0	*	2
1329	53180	99	242	0	0	*	2
1330	53220	96	241	0	0	*	2
1331	53260	93	241	0	0	*	2
1332	53300	91	240	0	0	*	2
1333	53340	89	239	0	0	*	2
1334	53380	87	238	0	0	*	2
1335	53420	85	238	0	0	*	2
1336	53460	83	237	0	0	*	2
1337	53500	80	236	0	0	*	2
1338	53540	77	236	0	0	*	2
1339	53580	75	235	0	0	*	2
1340	53620	73	234	0	0	*	2
1341	53660	71	233	0	0	*	2
1342	53700	69	232	0	0	*	2
1343	53740	67	231	0	0	*	2
1344	53780	65	230	0	0	*	2
1345	53820	63	229	0	0	*	2
1346	53860	61	227	0	0	*	2
1347	53900	59	226	0	0	*	2
1348	53940	57	225	0	0	*	2
1349	53980	54	223	0	0	*	2
1350	54020	53	222	0	0	*	2
1351	54060	51	220	0	0	*	2
1352	54100	49	218	0	0	*	2
1353	54140	47	217	0	0	*	2
1354	54180	46	215	0	0	*	2
1355	54220	44	213	0	0	*	2
1356	54260	42	212	0	0	*	2
1357	54300	40	210	0	0	*	2
1358	54340	38	209	0	0	*	2
1359	54380	36	207	0	0	*	2
1360	54420	35	205	0	0	*	2
1361	54460	33	203	0	0	*	2
1362	54500	32	201	0	0	*	2
1363	54540	30	199	0	0	*	2
1364	54580	29	197	0	0	*	2
1365	54620	27	195	0	0	*	2
1366	54660	26	193	0	0	*	2
1367	54700	24	190	0	0	*	2
1368	54740	23	188	0	0	*	2
1369	54780	22	186	0	0	*	2
1370	54820	21	185	0	0	*	2
1371	54860	20	182	0	0	*	2
1372	54900	19	180	0	0	*	2
1373	54940	18	178	0	0	*	2
1374	54980	16	175	0	0	*	2
1375	55020	16	173	0	0	*	2
1376	55060	15	171	0	0	*	2
1377	55100	14	168	0	0	*	2
1378	55140	13	166	0	0	*	2
1379	55180	12	163	0	0	*	2
1380	55220	11	161	0	0	*	2
1381	55260	11	159	0	0	*	2
1382	55300	10	157	0	0	*	2
1383	55340	9	154	0	0	*	2
1384	55380	8	152	0	0	*	2
1385	55420	8	150	0	0	*	2
1386	55460	7	147	0	0	*	2
1387	55500	7	144	0	0	*	2
1388	55540	6	142	0	0	*	2
1389	55580	6	140	0	0	*	2
1390	55620	5	138	0	0	*	2
1391	55660	5	136	0	0	*	2
1392	55700	5	133	0	0	*	2
1393	55740	5	130	0	0	*	2
1394	55780	4	128	0	0	*	2
1395	55820	4	126	0	0	*	2
1396	55860	4	124	0	0	*	2
1397	55900	4	121	0	0	*	2
1398	55940	5	119	0	0	*	2
1399	55980	5	117	0	0	*	2
1400	56020	5	115	0	0	*	2
1401	56060	5	113	0	0	*	2
1402	56100	6	111	0	0	*	2
1403	56140	6	109	0	0	*	2
1404	56180	6	107	0	0	*	2
1405	56220	6	105	0	0	*	2
1406	56260	7	103	0	0	*	2
1407	56300	7	101	0	0	*	2
1408	56340	8	99	0	0	*	2
1409	56380	9	97	0	0	*	2
1410	56420	9	95	0	0	*	2
1411	56460	10	93	0	0	*	2
1412	56500	11	92	0	0	*	2
1413	56540	11	89	0	0	*	2
1414	56580	12	88	0	0	*	2
1415	56620	12	86	0	0	*	2
1416	56660	13	84	0	0	*	2
1417	56700	13	83	0	0	*	2
1418	56740	14	81	0	0	*	2
1419	56780	15	79	0	0	*	2
1420	56820	15	77	0	0	*	2
1421	56860	16	75	0	0	*	2
1422	56900	17	73	0	0	*	2
1423	56940	18	71	0	0	*	2
1424	56980	19	70	0	0	*	2
1425	57020	20	67	0	0	*	2
1426	57060	21	66	0	0	*	2
1427	57100	22	64	0	0	*	2
1428	57140	23	62	0	0	*	2
1429	57180	24	61	0	0	*	2
1430	57220	25	59	0	0	*	2
1431	57260	26	57	0	0	*	2
1432	57300	27	55	0	0	*	2
1433	57340	28	54	0	0	*	2
1434	57380	30	52	0	0	*	2
1435	57420	31	50	0	0	*	2
1436	57460	32	49	0	0	*	2
1437	57500	33	47	0	0	*	2
1438	57540	35	46	0	0	*	2
1439	57580	36	45	0	0	*	2
1440	57620	38	43	0	0	*	2
1441	57660	40	41	0	0	*	2
1442	57700	41	40	0	0	*	2
1443	57740	43	38	0	0	*	2
1444	57780	45	36	0	0	*	2
1445	57820	47	35	0	0	*	2
1446	57860	49	33	0	0	*	2
1447	57900	51	32	0	0	*	2
1448	57940	52	30	0	0	*	2
1449	57980	54	29	0	0	*	2
1450	58020	56	27	0	0	*	2
1451	58060	58	26	0	0	*	2
1452	58100	60	24	0	0	*	2
1453	58140	61	23	0	0	*	2
1454	58180	63	22	0	0	*	2
1455	58220	66	21	0	0	*	2
1456	58260	68	19	0	0	*	2
1457	58300	70	18	0	0	*	2
1458	58340	72	17	0	0	*	2
1459	58380	74	16	0	0	*	2
1460	58420	76	15	0	0	*	2
1461	58460	79	13	0	0	*	2
1462	58500	81	12	0	0	*	2
1463	58540	83	12	0	0	*	2
1464	58580	85	11	0	0	*	2
1465	58620	87	10	0	0	*	2
1466	58660	89	10	0	0	*	2
1467	58700	92	9	0	0	*	2
1468	58740	94	8	0	0	*	2
1469	58780	97	8	0	0	*	2
1470	58820	99	8	0	0	*	2
1471	58860	101	7	0	0	*	2
1472	58900	103	7	0	0	*	2
1473	58940	106	7	0	0	*	2
1474	58980	109	7	0	0	*	2
1475	59020	110	7	0	0	*	2
1476	59060	113	7	0	0	*	2
1477	59100	116	8	0	0	*	2
1478	59140	119	9	0	0	*	2
1479	59180	121	9	0	0	*	2
1480	59220	124	10	0	0	*	2
1481	59260	126	10	0	0	*	2
1482	59300	128	11	0	0	*	2
1483	59340	131	12	0	0	*	2
1484	59380	133	12	0	0	*	2
1485	59420	135	12	0	0	*	2
1486	59460	138	12	0	0	*	2
1487	59500	140	12	0	0	*	2
1488	59540	142	12	0	0	*	2
1489	59580	144	11	0	0	*	2
1490	59620	146	10	0	0	*	2
1491	59660	148	10	0	0	*	2
1492	59700	150	8	0	0	*	2
1493	59740	152	8	0	0	*	2
1494	59780	153	8	0	0	*	2
1495	59820	155	8	0	0	*	2
1496	59860	156	8	0	0	*	2
1497	59900	157	8	0	0	*	2
1498	59940	159	9	0	0	*	2
1499	59980	160	9	0	0	*	2
1500	60020	160	10	0	0	*	2
1501	60060	161	10	0	0	*	2
1502	60100	163	10	0	0	*	2
1503	60140	164	11	0	0	*	2
1504	60180	166	12	0	0	*	2
1505	60220	167	12	0	0	*	2
1506	60260	169	13	0	0	*	2
1507	60300	171	13	0	0	*	2
1508	60340	173	14	0	0	*	2
1509	60380	175	14	0	0	*	2
1510	60420	176	15	0	0	*	2
1511	60460	178	15	0	0	*	2
1512	60500	180	16	0	0	*	2
1513	60540	181	17	0	0	*	2
1514	60580	182	18	0	0	*	2
1515	60620	183	18	0	0	*	2
1516	60660	185	19	0	0	*	2
1517	60700	186	20	0	0	*	2
1518	60740	188	21	0	0	*	2
1519	60780	190	22	0	0	*	2
1520	60820	191	23	0	0	*	2
1521	60860	193	25	0	0	*	2
1522	60900	194	27	0	0	*	2
1523	60940	195	28	0	0	*	2
1524	60980	197	30	0	0	*	2
1525	61020	198	33	0	0	*	2
1526	61060	199	35	0	0	*	2
1527	61100	201	36	0	0	*	2
1528	61140	202	38	0	0	*	2
1529	61180	206	46	0	0	*	2
1530	61220	204	43	0	0	*	2
1531	61260	206	45	0	0	*	2
1532	61300	207	47	0	0	*	2
1533	61340	208	50	0	0	*	2
