%%BEGIN_HEADER
	%%BEGIN DATABASE_INFORMATION
		%Date.0 ( 30.9.2019 )
		%Time.0 ( 12:33 )
	%%END DATABASE_INFORMATION
	%%BEGIN SETUP_INFORMATION
		%TrackerVersion.0 ( Tracker version 2.38 release 12.8.2012 )
		%ElapsedTime_ms.0 ( 61817 )
		%Paradigm.0 ( PlacePreference )
		%FeederParameters.0 ( 1500 0 )
			// %FeederParameters.0 ( ENTRANCE_LATENCY EXIT_LATENCY )
		%ElapsedPath_m.0 ( 0.00 )
		%ArenaDiameter_m.0 ( 1.80 )
		%TrackerResolution_PixPerCM.0 ( 1.4222 )
		%ArenaCenterXY.0 ( 127.5 127.5 )
		%Frame.0 ( RoomFrame )
		%ReinforcedSector.0 ( 64.3907 190.6093 7 )
			//%ReinforcedSector.0 ( CENTER_X CENTER_Y RADIUS )
		%RoomTrackReinforcedSector.0 ( 64.3907 190.6093 7 )
			//%RoomTrackReinforcedSector.0 ( CENTER_X CENTER_Y RADIUS )
	%%END SETUP_INFORMATION
	%%BEGIN RECORD_FORMAT
		%Sample.0 ( FrameCount 1msTimeStamp RoomX RoomY Sectors State Flags FrameInfo )
			//Sectors indicate if the object is in a target. Number is binary coded. Sectors = 0: no target, Sectors = 1: room target, Sectors: = 2 arena target, Sectors: = 3 room and arena target
			////State indicates the Watermaze State: OutsideTarget = 0, EntranceLatency = 1, InsideTarget = 3, OutsideRefractory = 4, BadSpot = 5
			//FrameInfo indicates succesfuly tracked spots: ReferencePoint * 2^0 + Spot0 * 2^(1+0) + Spot1 * 2^(1+1) + Spot2 * 2^(1+2) .... 
	%%END RECORD_FORMAT
%%END_HEADER
1	57	215	47	0	0	*	2
2	97	214	46	0	0	*	2
3	137	213	46	0	0	*	2
4	177	212	46	0	0	*	2
5	217	211	46	0	0	*	2
6	257	210	46	0	0	*	2
7	297	209	45	0	0	*	2
8	337	208	44	0	0	*	2
9	377	206	44	0	0	*	2
10	417	203	43	0	0	*	2
11	457	202	42	0	0	*	2
12	497	199	41	0	0	*	2
13	537	197	40	0	0	*	2
14	577	194	40	0	0	*	2
15	617	191	39	0	0	*	2
16	657	188	38	0	0	*	2
17	697	185	38	0	0	*	2
18	737	183	37	0	0	*	2
19	777	180	37	0	0	*	2
20	817	177	36	0	0	*	2
21	857	174	36	0	0	*	2
22	897	171	35	0	0	*	2
23	937	168	34	0	0	*	2
24	977	165	34	0	0	*	2
25	1017	162	33	0	0	*	2
26	1057	159	32	0	0	*	2
27	1097	156	32	0	0	*	2
28	1137	153	31	0	0	*	2
29	1177	149	31	0	0	*	2
30	1217	146	30	0	0	*	2
31	1257	144	29	0	0	*	2
32	1297	140	29	0	0	*	2
33	1337	137	28	0	0	*	2
34	1377	133	27	0	0	*	2
35	1417	130	26	0	0	*	2
36	1457	127	26	0	0	*	2
37	1497	124	25	0	0	*	2
38	1537	121	24	0	0	*	2
39	1577	117	23	0	0	*	2
40	1617	114	23	0	0	*	2
41	1657	110	22	0	0	*	2
42	1697	107	21	0	0	*	2
43	1737	104	21	0	0	*	2
44	1777	101	20	0	0	*	2
45	1817	97	19	0	0	*	2
46	1857	94	19	0	0	*	2
47	1897	91	19	0	0	*	2
48	1937	87	19	0	0	*	2
49	1977	84	19	0	0	*	2
50	2017	81	19	0	0	*	2
51	2057	78	19	0	0	*	2
52	2097	74	19	0	0	*	2
53	2137	72	19	0	0	*	2
54	2177	69	20	0	0	*	2
55	2217	67	21	0	0	*	2
56	2257	64	23	0	0	*	2
57	2297	61	24	0	0	*	2
58	2337	59	25	0	0	*	2
59	2377	56	27	0	0	*	2
60	2417	54	29	0	0	*	2
61	2457	53	29	0	0	*	2
62	2497	50	32	0	0	*	2
63	2537	49	34	0	0	*	2
64	2577	46	36	0	0	*	2
65	2617	44	38	0	0	*	2
66	2657	43	39	0	0	*	2
67	2697	41	42	0	0	*	2
68	2737	38	44	0	0	*	2
69	2777	36	46	0	0	*	2
70	2817	35	49	0	0	*	2
71	2857	33	51	0	0	*	2
72	2897	31	54	0	0	*	2
73	2937	30	57	0	0	*	2
74	2977	28	59	0	0	*	2
75	3017	26	62	0	0	*	2
76	3057	25	65	0	0	*	2
77	3097	24	66	0	0	*	2
78	3137	23	70	0	0	*	2
79	3177	22	73	0	0	*	2
80	3217	21	75	0	0	*	2
81	3257	20	78	0	0	*	2
82	3297	19	81	0	0	*	2
83	3337	18	84	0	0	*	2
84	3377	17	87	0	0	*	2
85	3417	16	90	0	0	*	2
86	3457	15	94	0	0	*	2
87	3497	9	93	0	0	*	2
88	3537	14	100	0	0	*	2
89	3577	19	106	0	0	*	2
90	3617	19	110	0	0	*	2
91	3657	18	113	0	0	*	2
92	3697	18	116	0	0	*	2
93	3737	17	119	0	0	*	2
94	3777	17	122	0	0	*	2
95	3817	17	125	0	0	*	2
96	3857	17	128	0	0	*	2
97	3897	16	131	0	0	*	2
98	3937	11	135	0	0	*	2
99	3977	11	138	0	0	*	2
100	4017	11	141	0	0	*	2
101	4057	11	144	0	0	*	2
102	4097	11	147	0	0	*	2
103	4137	11	150	0	0	*	2
104	4177	11	153	0	0	*	2
105	4217	11	156	0	0	*	2
106	4257	12	158	0	0	*	2
107	4297	12	161	0	0	*	2
108	4337	12	164	0	0	*	2
109	4377	13	166	0	0	*	2
110	4417	14	169	0	0	*	2
111	4457	14	171	0	0	*	2
112	4497	15	173	0	0	*	2
113	4537	16	175	0	0	*	2
114	4577	17	177	0	0	*	2
115	4617	19	180	0	0	*	2
116	4657	21	183	0	0	*	2
117	4697	23	185	0	0	*	2
118	4737	24	187	0	0	*	2
119	4777	25	189	0	0	*	2
120	4817	27	190	0	0	*	2
121	4857	28	192	0	0	*	2
122	4897	31	194	0	0	*	2
123	4937	32	195	0	0	*	2
124	4977	34	196	0	0	*	2
125	5017	38	198	0	0	*	2
126	5057	41	200	0	0	*	2
127	5097	44	202	0	0	*	2
128	5137	47	203	0	0	*	2
129	5177	49	205	0	0	*	2
130	5217	52	206	0	0	*	2
131	5257	55	208	0	0	*	2
132	5297	57	209	0	0	*	2
133	5337	61	210	0	0	*	2
134	5377	63	211	0	0	*	2
135	5417	66	212	0	0	*	2
136	5457	69	213	0	0	*	2
137	5497	72	214	0	0	*	2
138	5537	74	215	0	0	*	2
139	5577	77	216	0	0	*	2
140	5617	80	217	0	0	*	2
141	5657	83	218	0	0	*	2
142	5697	86	219	0	0	*	2
143	5737	89	219	0	0	*	2
144	5777	92	220	0	0	*	2
145	5817	95	221	0	0	*	2
146	5857	97	221	0	0	*	2
147	5897	101	222	0	0	*	2
148	5937	104	223	0	0	*	2
149	5977	107	223	0	0	*	2
150	6017	111	224	0	0	*	2
151	6057	113	224	0	0	*	2
152	6097	116	225	0	0	*	2
153	6137	120	225	0	0	*	2
154	6177	123	226	0	0	*	2
155	6217	126	227	0	0	*	2
156	6257	129	228	0	0	*	2
157	6297	132	228	0	0	*	2
158	6337	134	228	0	0	*	2
159	6377	138	229	0	0	*	2
160	6417	141	229	0	0	*	2
161	6457	143	229	0	0	*	2
162	6497	146	229	0	0	*	2
163	6537	149	229	0	0	*	2
164	6577	153	229	0	0	*	2
165	6617	155	229	0	0	*	2
166	6657	158	229	0	0	*	2
167	6697	160	229	0	0	*	2
168	6737	163	228	0	0	*	2
169	6777	166	228	0	0	*	2
170	6817	168	227	0	0	*	2
171	6857	171	226	0	0	*	2
172	6897	173	225	0	0	*	2
173	6937	176	224	0	0	*	2
174	6977	179	223	0	0	*	2
175	7017	181	222	0	0	*	2
176	7057	183	220	0	0	*	2
177	7097	185	218	0	0	*	2
178	7137	187	217	0	0	*	2
179	7177	189	215	0	0	*	2
180	7217	192	213	0	0	*	2
181	7257	193	211	0	0	*	2
182	7297	195	209	0	0	*	2
183	7337	197	207	0	0	*	2
184	7377	198	205	0	0	*	2
185	7417	200	202	0	0	*	2
186	7457	202	200	0	0	*	2
187	7497	203	197	0	0	*	2
188	7537	205	194	0	0	*	2
189	7577	206	192	0	0	*	2
190	7617	207	189	0	0	*	2
191	7657	209	186	0	0	*	2
192	7697	210	184	0	0	*	2
193	7737	211	181	0	0	*	2
194	7777	212	178	0	0	*	2
195	7817	213	175	0	0	*	2
196	7857	215	172	0	0	*	2
197	7897	216	169	0	0	*	2
198	7937	217	166	0	0	*	2
199	7977	218	163	0	0	*	2
200	8017	219	160	0	0	*	2
201	8057	219	157	0	0	*	2
202	8097	220	154	0	0	*	2
203	8137	221	151	0	0	*	2
204	8177	222	147	0	0	*	2
205	8217	223	144	0	0	*	2
206	8257	224	142	0	0	*	2
207	8297	225	139	0	0	*	2
208	8337	226	136	0	0	*	2
209	8377	227	133	0	0	*	2
210	8417	227	130	0	0	*	2
211	8457	228	126	0	0	*	2
212	8497	229	124	0	0	*	2
213	8537	229	120	0	0	*	2
214	8577	230	117	0	0	*	2
215	8617	230	114	0	0	*	2
216	8657	231	111	0	0	*	2
217	8697	231	108	0	0	*	2
218	8737	231	105	0	0	*	2
219	8777	232	102	0	0	*	2
220	8817	232	98	0	0	*	2
221	8857	232	95	0	0	*	2
222	8897	233	92	0	0	*	2
223	8937	233	89	0	0	*	2
224	8977	233	87	0	0	*	2
225	9017	234	83	0	0	*	2
226	9057	234	79	0	0	*	2
227	9097	234	77	0	0	*	2
228	9137	234	74	0	0	*	2
229	9177	233	71	0	0	*	2
230	9217	233	69	0	0	*	2
231	9257	232	68	0	0	*	2
232	9297	231	65	0	0	*	2
233	9337	231	63	0	0	*	2
234	9377	230	61	0	0	*	2
235	9417	228	59	0	0	*	2
236	9457	226	57	0	0	*	2
237	9497	225	55	0	0	*	2
238	9537	223	53	0	0	*	2
239	9577	221	51	0	0	*	2
240	9617	220	50	0	0	*	2
241	9657	218	48	0	0	*	2
242	9697	216	46	0	0	*	2
243	9737	214	45	0	0	*	2
244	9777	212	43	0	0	*	2
245	9817	210	42	0	0	*	2
246	9857	207	40	0	0	*	2
247	9897	206	39	0	0	*	2
248	9937	204	37	0	0	*	2
249	9977	201	35	0	0	*	2
250	10017	199	34	0	0	*	2
251	10057	196	32	0	0	*	2
252	10097	194	30	0	0	*	2
253	10137	191	29	0	0	*	2
254	10177	188	27	0	0	*	2
255	10217	185	26	0	0	*	2
256	10257	183	24	0	0	*	2
257	10297	180	23	0	0	*	2
258	10337	178	22	0	0	*	2
259	10377	176	21	0	0	*	2
260	10417	172	19	0	0	*	2
261	10457	170	18	0	0	*	2
262	10497	168	17	0	0	*	2
263	10537	165	15	0	0	*	2
264	10577	162	14	0	0	*	2
265	10617	159	13	0	0	*	2
266	10657	157	11	0	0	*	2
267	10697	155	10	0	0	*	2
268	10737	151	8	0	0	*	2
269	10777	149	7	0	0	*	2
270	10817	146	6	0	0	*	2
271	10857	144	5	0	0	*	2
272	10897	141	5	0	0	*	2
273	10937	139	4	0	0	*	2
274	10977	136	4	0	0	*	2
275	11017	133	4	0	0	*	2
276	11057	131	3	0	0	*	2
277	11097	128	3	0	0	*	2
278	11137	125	3	0	0	*	2
279	11177	123	3	0	0	*	2
280	11217	120	4	0	0	*	2
281	11257	117	4	0	0	*	2
282	11297	116	5	0	0	*	2
283	11337	113	5	0	0	*	2
284	11377	110	6	0	0	*	2
285	11417	108	6	0	0	*	2
286	11457	105	7	0	0	*	2
287	11497	102	8	0	0	*	2
288	11537	99	9	0	0	*	2
289	11577	96	10	0	0	*	2
290	11617	94	11	0	0	*	2
291	11657	91	11	0	0	*	2
292	11697	88	13	0	0	*	2
293	11737	86	13	0	0	*	2
294	11777	83	14	0	0	*	2
295	11817	79	15	0	0	*	2
296	11857	77	16	0	0	*	2
297	11897	74	17	0	0	*	2
298	11937	72	18	0	0	*	2
299	11977	69	19	0	0	*	2
300	12017	67	20	0	0	*	2
301	12057	64	22	0	0	*	2
302	12097	62	23	0	0	*	2
303	12137	61	23	0	0	*	2
304	12177	58	25	0	0	*	2
305	12217	56	27	0	0	*	2
306	12257	54	29	0	0	*	2
307	12297	51	31	0	0	*	2
308	12337	49	32	0	0	*	2
309	12377	48	33	0	0	*	2
310	12417	46	35	0	0	*	2
311	12457	44	38	0	0	*	2
312	12497	41	40	0	0	*	2
313	12537	39	42	0	0	*	2
314	12577	37	44	0	0	*	2
315	12617	36	46	0	0	*	2
316	12657	34	48	0	0	*	2
317	12697	32	50	0	0	*	2
318	12737	31	52	0	0	*	2
319	12777	29	55	0	0	*	2
320	12817	27	57	0	0	*	2
321	12857	26	59	0	0	*	2
322	12897	24	62	0	0	*	2
323	12937	23	64	0	0	*	2
324	12977	21	67	0	0	*	2
325	13017	20	70	0	0	*	2
326	13057	19	71	0	0	*	2
327	13097	18	74	0	0	*	2
328	13137	16	76	0	0	*	2
329	13177	15	79	0	0	*	2
330	13217	14	82	0	0	*	2
331	13257	13	85	0	0	*	2
332	13297	12	87	0	0	*	2
333	13337	12	89	0	0	*	2
334	13377	11	92	0	0	*	2
335	13417	11	94	0	0	*	2
336	13457	10	97	0	0	*	2
337	13497	9	100	0	0	*	2
338	13537	9	102	0	0	*	2
339	13577	9	105	0	0	*	2
340	13617	8	108	0	0	*	2
341	13657	8	110	0	0	*	2
342	13697	8	113	0	0	*	2
343	13737	8	116	0	0	*	2
344	13777	8	118	0	0	*	2
345	13817	8	120	0	0	*	2
346	13857	8	124	0	0	*	2
347	13897	8	126	0	0	*	2
348	13937	9	129	0	0	*	2
349	13977	9	132	0	0	*	2
350	14017	10	134	0	0	*	2
351	14057	11	137	0	0	*	2
352	14097	17	141	0	0	*	2
353	14137	18	144	0	0	*	2
354	14177	19	147	0	0	*	2
355	14217	20	149	0	0	*	2
356	14257	22	152	0	0	*	2
357	14297	23	154	0	0	*	2
358	14337	24	157	0	0	*	2
359	14377	25	160	0	0	*	2
360	14417	27	162	0	0	*	2
361	14457	29	165	0	0	*	2
362	14497	30	168	0	0	*	2
363	14537	32	170	0	0	*	2
364	14577	34	173	0	0	*	2
365	14617	35	175	0	0	*	2
366	14657	36	178	0	0	*	2
367	14697	38	180	0	0	*	2
368	14737	40	182	0	0	*	2
369	14777	42	184	0	0	*	2
370	14817	44	186	0	0	*	2
371	14857	45	188	0	0	*	2
372	14897	47	191	0	0	*	2
373	14937	49	193	0	0	*	2
374	14977	51	195	0	0	*	2
375	15017	53	197	0	0	*	2
376	15057	55	199	0	0	*	2
377	15097	56	201	0	0	*	2
378	15137	58	202	0	0	*	2
379	15177	60	204	0	0	*	2
380	15217	62	206	0	0	*	2
381	15257	64	206	0	0	*	2
382	15297	66	207	0	0	*	2
383	15337	68	208	0	0	*	2
384	15377	70	209	0	0	*	2
385	15417	73	209	0	0	*	2
386	15457	75	209	0	0	*	2
387	15497	77	210	0	0	*	2
388	15537	80	209	0	0	*	2
389	15577	82	209	0	0	*	2
390	15617	84	209	0	0	*	2
391	15657	86	209	0	0	*	2
392	15697	88	209	0	0	*	2
393	15737	91	209	0	0	*	2
394	15777	93	208	0	0	*	2
395	15817	96	207	0	0	*	2
396	15857	97	207	0	0	*	2
397	15897	100	206	0	0	*	2
398	15937	102	205	0	0	*	2
399	15977	104	204	0	0	*	2
400	16017	107	203	0	0	*	2
401	16057	109	201	0	0	*	2
402	16097	111	200	0	0	*	2
403	16137	114	198	0	0	*	2
404	16177	116	197	0	0	*	2
405	16217	118	196	0	0	*	2
406	16257	120	194	0	0	*	2
407	16297	122	193	0	0	*	2
408	16337	124	191	0	0	*	2
409	16377	126	189	0	0	*	2
410	16417	128	187	0	0	*	2
411	16457	131	186	0	0	*	2
412	16497	133	184	0	0	*	2
413	16537	134	182	0	0	*	2
414	16577	137	180	0	0	*	2
415	16617	138	178	0	0	*	2
416	16657	140	177	0	0	*	2
417	16697	142	174	0	0	*	2
418	16737	144	172	0	0	*	2
419	16777	146	170	0	0	*	2
420	16817	148	168	0	0	*	2
421	16857	149	166	0	0	*	2
422	16897	151	164	0	0	*	2
423	16937	153	162	0	0	*	2
424	16977	154	160	0	0	*	2
425	17017	156	158	0	0	*	2
426	17057	158	155	0	0	*	2
427	17097	159	153	0	0	*	2
428	17137	160	151	0	0	*	2
429	17177	162	148	0	0	*	2
430	17217	164	146	0	0	*	2
431	17257	165	143	0	0	*	2
432	17297	167	140	0	0	*	2
433	17337	169	139	0	0	*	2
434	17377	170	136	0	0	*	2
435	17417	171	133	0	0	*	2
436	17457	173	131	0	0	*	2
437	17497	175	129	0	0	*	2
438	17537	176	126	0	0	*	2
439	17577	178	123	0	0	*	2
440	17617	180	120	0	0	*	2
441	17657	182	117	0	0	*	2
442	17697	182	116	0	0	*	2
443	17737	184	113	0	0	*	2
444	17777	186	110	0	0	*	2
445	17817	187	108	0	0	*	2
446	17857	189	105	0	0	*	2
447	17897	191	103	0	0	*	2
448	17937	192	100	0	0	*	2
449	17977	194	98	0	0	*	2
450	18017	195	95	0	0	*	2
451	18057	197	93	0	0	*	2
452	18097	199	90	0	0	*	2
453	18137	201	87	0	0	*	2
454	18177	202	85	0	0	*	2
455	18217	204	83	0	0	*	2
456	18257	206	80	0	0	*	2
457	18297	206	78	0	0	*	2
458	18337	208	75	0	0	*	2
459	18377	209	72	0	0	*	2
460	18417	211	70	0	0	*	2
461	18457	212	68	0	0	*	2
462	18497	213	65	0	0	*	2
463	18537	214	62	0	0	*	2
464	18577	215	60	0	0	*	2
465	18617	217	56	0	0	*	2
466	18657	217	54	0	0	*	2
467	18697	218	53	0	0	*	2
468	18737	218	50	0	0	*	2
469	18777	218	48	0	0	*	2
470	18817	218	46	0	0	*	2
471	18857	217	46	0	0	*	2
472	18897	215	44	0	0	*	2
473	18937	214	42	0	0	*	2
474	18977	213	41	0	0	*	2
475	19017	212	40	0	0	*	2
476	19057	211	38	0	0	*	2
477	19097	209	37	0	0	*	2
478	19137	208	35	0	0	*	2
479	19177	206	34	0	0	*	2
480	19217	205	33	0	0	*	2
481	19257	203	31	0	0	*	2
482	19297	201	30	0	0	*	2
483	19337	199	29	0	0	*	2
484	19377	197	27	0	0	*	2
485	19417	195	26	0	0	*	2
486	19457	193	24	0	0	*	2
487	19497	191	24	0	0	*	2
488	19537	189	23	0	0	*	2
489	19577	186	21	0	0	*	2
490	19617	184	20	0	0	*	2
491	19657	182	19	0	0	*	2
492	19697	179	17	0	0	*	2
493	19737	177	16	0	0	*	2
494	19777	173	14	0	0	*	2
495	19817	171	13	0	0	*	2
496	19857	169	12	0	0	*	2
497	19897	166	11	0	0	*	2
498	19937	163	10	0	0	*	2
499	19977	161	10	0	0	*	2
500	20017	158	8	0	0	*	2
501	20057	155	7	0	0	*	2
502	20097	153	7	0	0	*	2
503	20137	150	6	0	0	*	2
504	20177	147	5	0	0	*	2
505	20217	146	5	0	0	*	2
506	20257	143	4	0	0	*	2
507	20297	140	4	0	0	*	2
508	20337	137	4	0	0	*	2
509	20377	134	4	0	0	*	2
510	20417	133	4	0	0	*	2
511	20457	131	4	0	0	*	2
512	20497	127	4	0	0	*	2
513	20537	124	4	0	0	*	2
514	20577	121	4	0	0	*	2
515	20617	117	4	0	0	*	2
516	20657	116	5	0	0	*	2
517	20697	113	5	0	0	*	2
518	20737	110	5	0	0	*	2
519	20777	108	6	0	0	*	2
520	20817	104	7	0	0	*	2
521	20857	101	8	0	0	*	2
522	20897	98	8	0	0	*	2
523	20937	97	9	0	0	*	2
524	20977	93	10	0	0	*	2
525	21017	90	11	0	0	*	2
526	21057	88	12	0	0	*	2
527	21097	84	13	0	0	*	2
528	21137	82	13	0	0	*	2
529	21177	79	14	0	0	*	2
530	21217	76	16	0	0	*	2
531	21257	73	17	0	0	*	2
532	21297	71	18	0	0	*	2
533	21337	68	19	0	0	*	2
534	21377	66	20	0	0	*	2
535	21417	64	21	0	0	*	2
536	21457	62	23	0	0	*	2
537	21497	59	24	0	0	*	2
538	21537	57	25	0	0	*	2
539	21577	54	27	0	0	*	2
540	21617	52	28	0	0	*	2
541	21657	50	30	0	0	*	2
542	21697	49	32	0	0	*	2
543	21737	46	33	0	0	*	2
544	21777	44	36	0	0	*	2
545	21817	42	38	0	0	*	2
546	21857	40	39	0	0	*	2
547	21897	39	41	0	0	*	2
548	21937	37	43	0	0	*	2
549	21977	35	46	0	0	*	2
550	22017	33	48	0	0	*	2
551	22057	31	50	0	0	*	2
552	22097	30	52	0	0	*	2
553	22137	28	54	0	0	*	2
554	22177	27	56	0	0	*	2
555	22217	25	58	0	0	*	2
556	22257	24	61	0	0	*	2
557	22297	22	64	0	0	*	2
558	22337	21	66	0	0	*	2
559	22377	20	68	0	0	*	2
560	22417	18	70	0	0	*	2
561	22457	17	73	0	0	*	2
562	22497	16	76	0	0	*	2
563	22537	15	79	0	0	*	2
564	22577	14	81	0	0	*	2
565	22617	13	84	0	0	*	2
566	22657	12	86	0	0	*	2
567	22697	11	88	0	0	*	2
568	22737	11	91	0	0	*	2
569	22777	10	94	0	0	*	2
570	22817	9	96	0	0	*	2
571	22857	9	98	0	0	*	2
572	22897	8	101	0	0	*	2
573	22937	7	104	0	0	*	2
574	22977	7	107	0	0	*	2
575	23017	6	110	0	0	*	2
576	23057	6	113	0	0	*	2
577	23097	6	115	0	0	*	2
578	23137	6	118	0	0	*	2
579	23177	6	121	0	0	*	2
580	23217	6	124	0	0	*	2
581	23257	6	127	0	0	*	2
582	23297	6	130	0	0	*	2
583	23337	6	132	0	0	*	2
584	23377	6	135	0	0	*	2
585	23417	7	138	0	0	*	2
586	23457	7	140	0	0	*	2
587	23497	8	143	0	0	*	2
588	23537	8	145	0	0	*	2
589	23577	9	148	0	0	*	2
590	23617	10	151	0	0	*	2
591	23657	10	154	0	0	*	2
592	23697	11	157	0	0	*	2
593	23737	12	159	0	0	*	2
594	23777	12	161	0	0	*	2
595	23817	13	163	0	0	*	2
596	23857	15	166	0	0	*	2
597	23897	16	169	0	0	*	2
598	23937	17	171	0	0	*	2
599	23977	18	173	0	0	*	2
600	24017	19	175	0	0	*	2
601	24057	21	178	0	0	*	2
602	24097	23	180	0	0	*	2
603	24137	24	183	0	0	*	2
604	24177	26	185	0	0	*	2
605	24217	28	186	0	0	*	2
606	24257	30	188	0	0	*	2
607	24297	36	191	0	0	*	2
608	24337	37	193	0	0	*	2
609	24377	40	196	0	0	*	2
610	24417	42	198	0	0	*	2
611	24457	45	199	0	0	*	2
612	24497	47	201	0	0	*	2
613	24537	49	203	0	0	*	2
614	24577	52	205	0	0	*	2
615	24617	54	206	0	0	*	2
616	24657	57	208	0	0	*	2
617	24697	60	209	0	0	*	2
618	24737	62	211	0	0	*	2
619	24777	65	212	0	0	*	2
620	24817	67	214	0	0	*	2
621	24857	70	216	0	0	*	2
622	24897	72	217	0	0	*	2
623	24937	74	218	0	0	*	2
624	24977	77	220	0	0	*	2
625	25017	80	221	0	0	*	2
626	25057	83	222	0	0	*	2
627	25097	85	224	0	0	*	2
628	25137	88	225	0	0	*	2
629	25177	91	226	0	0	*	2
630	25217	93	227	0	0	*	2
631	25257	96	228	0	0	*	2
632	25297	99	230	0	0	*	2
633	25337	102	231	0	0	*	2
634	25377	104	231	0	0	*	2
635	25417	107	232	0	0	*	2
636	25457	110	232	0	0	*	2
637	25497	113	233	0	0	*	2
638	25537	116	233	0	0	*	2
639	25577	119	234	0	0	*	2
640	25617	121	234	0	0	*	2
641	25657	125	234	0	0	*	2
642	25697	128	234	0	0	*	2
643	25737	130	234	0	0	*	2
644	25777	134	234	0	0	*	2
645	25817	136	234	0	0	*	2
646	25857	138	233	0	0	*	2
647	25897	141	233	0	0	*	2
648	25937	144	232	0	0	*	2
649	25977	146	232	0	0	*	2
650	26017	150	232	0	0	*	2
651	26057	152	231	0	0	*	2
652	26097	154	231	0	0	*	2
653	26137	158	230	0	0	*	2
654	26177	160	230	0	0	*	2
655	26217	163	229	0	0	*	2
656	26257	166	229	0	0	*	2
657	26297	169	228	0	0	*	2
658	26337	170	227	0	0	*	2
659	26377	174	227	0	0	*	2
660	26417	176	226	0	0	*	2
661	26457	179	225	0	0	*	2
662	26497	182	224	0	0	*	2
663	26537	184	223	0	0	*	2
664	26577	186	223	0	0	*	2
665	26617	189	221	0	0	*	2
666	26657	192	220	0	0	*	2
667	26697	194	219	0	0	*	2
668	26737	196	218	0	0	*	2
669	26777	199	216	0	0	*	2
670	26817	201	215	0	0	*	2
671	26857	203	213	0	0	*	2
672	26897	205	211	0	0	*	2
673	26937	207	209	0	0	*	2
674	26977	209	207	0	0	*	2
675	27017	210	206	0	0	*	2
676	27057	212	203	0	0	*	2
677	27097	214	201	0	0	*	2
678	27137	215	199	0	0	*	2
679	27177	217	196	0	0	*	2
680	27217	218	194	0	0	*	2
681	27257	219	192	0	0	*	2
682	27297	220	189	0	0	*	2
683	27337	221	186	0	0	*	2
684	27377	223	184	0	0	*	2
685	27417	224	181	0	0	*	2
686	27457	225	179	0	0	*	2
687	27497	226	176	0	0	*	2
688	27537	227	173	0	0	*	2
689	27577	228	170	0	0	*	2
690	27617	229	167	0	0	*	2
691	27657	229	164	0	0	*	2
692	27697	230	162	0	0	*	2
693	27737	231	158	0	0	*	2
694	27777	231	155	0	0	*	2
695	27817	231	152	0	0	*	2
696	27857	232	149	0	0	*	2
697	27897	232	146	0	0	*	2
698	27937	233	144	0	0	*	2
699	27977	233	140	0	0	*	2
700	28017	234	137	0	0	*	2
701	28057	234	135	0	0	*	2
702	28097	234	131	0	0	*	2
703	28137	235	128	0	0	*	2
704	28177	235	126	0	0	*	2
705	28217	235	122	0	0	*	2
706	28257	236	119	0	0	*	2
707	28297	236	116	0	0	*	2
708	28337	236	113	0	0	*	2
709	28377	236	110	0	0	*	2
710	28417	237	108	0	0	*	2
711	28457	237	104	0	0	*	2
712	28497	237	101	0	0	*	2
713	28537	237	99	0	0	*	2
714	28577	237	95	0	0	*	2
715	28617	237	92	0	0	*	2
716	28657	237	90	0	0	*	2
717	28697	236	86	0	0	*	2
718	28737	236	83	0	0	*	2
719	28777	236	81	0	0	*	2
720	28817	236	78	0	0	*	2
721	28857	235	75	0	0	*	2
722	28897	235	73	0	0	*	2
723	28937	234	70	0	0	*	2
724	28977	233	68	0	0	*	2
725	29017	232	66	0	0	*	2
726	29057	231	64	0	0	*	2
727	29097	230	62	0	0	*	2
728	29137	229	60	0	0	*	2
729	29177	227	57	0	0	*	2
730	29217	226	55	0	0	*	2
731	29257	224	52	0	0	*	2
732	29297	222	50	0	0	*	2
733	29337	220	48	0	0	*	2
734	29377	218	46	0	0	*	2
735	29417	216	45	0	0	*	2
736	29457	215	43	0	0	*	2
737	29497	212	41	0	0	*	2
738	29537	211	40	0	0	*	2
739	29577	209	39	0	0	*	2
740	29617	206	37	0	0	*	2
741	29657	205	36	0	0	*	2
742	29697	202	34	0	0	*	2
743	29737	199	32	0	0	*	2
744	29777	197	31	0	0	*	2
745	29817	195	30	0	0	*	2
746	29857	192	28	0	0	*	2
747	29897	190	27	0	0	*	2
748	29937	186	25	0	0	*	2
749	29977	184	25	0	0	*	2
750	30017	182	24	0	0	*	2
751	30057	178	23	0	0	*	2
752	30097	176	22	0	0	*	2
753	30137	172	21	0	0	*	2
754	30177	170	20	0	0	*	2
755	30217	167	19	0	0	*	2
756	30257	164	18	0	0	*	2
757	30297	161	18	0	0	*	2
758	30337	158	17	0	0	*	2
759	30377	156	16	0	0	*	2
760	30417	153	15	0	0	*	2
761	30457	149	15	0	0	*	2
762	30497	147	14	0	0	*	2
763	30537	144	13	0	0	*	2
764	30577	141	12	0	0	*	2
765	30617	138	12	0	0	*	2
766	30657	135	11	0	0	*	2
767	30697	133	10	0	0	*	2
768	30737	130	10	0	0	*	2
769	30777	127	9	0	0	*	2
770	30817	124	9	0	0	*	2
771	30857	121	8	0	0	*	2
772	30897	119	8	0	0	*	2
773	30937	116	8	0	0	*	2
774	30977	114	8	0	0	*	2
775	31017	111	7	0	0	*	2
776	31057	109	8	0	0	*	2
777	31097	106	8	0	0	*	2
778	31137	103	9	0	0	*	2
779	31177	101	9	0	0	*	2
780	31217	97	11	0	0	*	2
781	31257	95	12	0	0	*	2
782	31297	93	13	0	0	*	2
783	31337	90	14	0	0	*	2
784	31377	87	15	0	0	*	2
785	31417	85	16	0	0	*	2
786	31457	83	18	0	0	*	2
787	31497	80	19	0	0	*	2
788	31537	78	20	0	0	*	2
789	31577	75	21	0	0	*	2
790	31617	73	23	0	0	*	2
791	31657	70	23	0	0	*	2
792	31697	68	25	0	0	*	2
793	31737	65	26	0	0	*	2
794	31777	63	27	0	0	*	2
795	31817	59	27	0	0	*	2
796	31857	57	29	0	0	*	2
797	31897	54	30	0	0	*	2
798	31937	51	32	0	0	*	2
799	31977	49	33	0	0	*	2
800	32017	47	35	0	0	*	2
801	32057	45	36	0	0	*	2
802	32097	42	39	0	0	*	2
803	32137	41	40	0	0	*	2
804	32177	39	42	0	0	*	2
805	32217	37	44	0	0	*	2
806	32257	35	46	0	0	*	2
807	32297	33	48	0	0	*	2
808	32337	32	50	0	0	*	2
809	32377	30	52	0	0	*	2
810	32417	28	54	0	0	*	2
811	32457	27	56	0	0	*	2
812	32497	25	59	0	0	*	2
813	32537	23	62	0	0	*	2
814	32577	22	64	0	0	*	2
815	32617	21	66	0	0	*	2
816	32657	20	68	0	0	*	2
817	32697	18	70	0	0	*	2
818	32737	17	73	0	0	*	2
819	32777	15	76	0	0	*	2
820	32817	14	78	0	0	*	2
821	32857	13	81	0	0	*	2
822	32897	12	83	0	0	*	2
823	32937	12	85	0	0	*	2
824	32977	11	89	0	0	*	2
825	33017	10	92	0	0	*	2
826	33057	10	93	0	0	*	2
827	33097	9	95	0	0	*	2
828	33137	8	98	0	0	*	2
829	33177	8	101	0	0	*	2
830	33217	7	104	0	0	*	2
831	33257	7	108	0	0	*	2
832	33297	6	110	0	0	*	2
833	33337	6	113	0	0	*	2
834	33377	6	116	0	0	*	2
835	33417	6	118	0	0	*	2
836	33457	5	122	0	0	*	2
837	33497	5	125	0	0	*	2
838	33537	5	127	0	0	*	2
839	33577	6	130	0	0	*	2
840	33617	6	132	0	0	*	2
841	33657	6	135	0	0	*	2
842	33697	6	139	0	0	*	2
843	33737	7	141	0	0	*	2
844	33777	7	143	0	0	*	2
845	33817	7	146	0	0	*	2
846	33857	8	150	0	0	*	2
847	33897	9	152	0	0	*	2
848	33937	9	155	0	0	*	2
849	33977	10	158	0	0	*	2
850	34017	11	160	0	0	*	2
851	34057	12	162	0	0	*	2
852	34097	12	165	0	0	*	2
853	34137	13	168	0	0	*	2
854	34177	14	171	0	0	*	2
855	34217	15	173	0	0	*	2
856	34257	16	175	0	0	*	2
857	34297	18	178	0	0	*	2
858	34337	19	181	0	0	*	2
859	34377	20	183	0	0	*	2
860	34417	22	185	0	0	*	2
861	34457	23	187	0	0	*	2
862	34497	24	189	0	0	*	2
863	34537	25	191	0	0	*	2
864	34577	27	193	0	0	*	2
865	34617	30	196	0	0	*	2
866	34657	32	199	0	0	*	2
867	34697	33	200	0	0	*	2
868	34737	35	202	0	0	*	2
869	34777	37	204	0	0	*	2
870	34817	39	206	0	0	*	2
871	34857	42	208	0	0	*	2
872	34897	45	210	0	0	*	2
873	34937	47	212	0	0	*	2
874	34977	49	213	0	0	*	2
875	35017	52	215	0	0	*	2
876	35057	55	217	0	0	*	2
877	35097	57	218	0	0	*	2
878	35137	60	220	0	0	*	2
879	35177	61	221	0	0	*	2
880	35217	64	223	0	0	*	2
881	35257	66	224	0	0	*	2
882	35297	69	226	0	0	*	2
883	35337	71	227	0	0	*	2
884	35377	73	228	0	0	*	2
885	35417	76	229	0	0	*	2
886	35457	79	230	0	0	*	2
887	35497	81	231	0	0	*	2
888	35537	84	232	0	0	*	2
889	35577	86	233	0	0	*	2
890	35617	89	233	0	0	*	2
891	35657	91	234	0	0	*	2
892	35697	94	235	0	0	*	2
893	35737	97	235	0	0	*	2
894	35777	100	236	0	0	*	2
895	35817	103	237	0	0	*	2
896	35857	105	237	0	0	*	2
897	35897	108	237	0	0	*	2
898	35937	111	238	0	0	*	2
899	35977	114	238	0	0	*	2
900	36017	117	238	0	0	*	2
901	36057	120	238	0	0	*	2
902	36097	122	238	0	0	*	2
903	36137	125	238	0	0	*	2
904	36177	129	238	0	0	*	2
905	36217	131	237	0	0	*	2
906	36257	134	237	0	0	*	2
907	36297	137	236	0	0	*	2
908	36337	139	236	0	0	*	2
909	36377	142	235	0	0	*	2
910	36417	145	235	0	0	*	2
911	36457	147	234	0	0	*	2
912	36497	151	233	0	0	*	2
913	36537	153	233	0	0	*	2
914	36577	156	232	0	0	*	2
915	36617	158	232	0	0	*	2
916	36657	161	231	0	0	*	2
917	36697	163	230	0	0	*	2
918	36737	167	229	0	0	*	2
919	36777	169	228	0	0	*	2
920	36817	171	227	0	0	*	2
921	36857	174	226	0	0	*	2
922	36897	176	225	0	0	*	2
923	36937	179	223	0	0	*	2
924	36977	181	222	0	0	*	2
925	37017	183	220	0	0	*	2
926	37057	186	219	0	0	*	2
927	37097	188	217	0	0	*	2
928	37137	191	215	0	0	*	2
929	37177	193	213	0	0	*	2
930	37217	195	212	0	0	*	2
931	37257	197	210	0	0	*	2
932	37297	200	208	0	0	*	2
933	37337	202	206	0	0	*	2
934	37377	204	205	0	0	*	2
935	37417	206	202	0	0	*	2
936	37457	208	200	0	0	*	2
937	37497	210	198	0	0	*	2
938	37537	212	196	0	0	*	2
939	37577	214	194	0	0	*	2
940	37617	217	192	0	0	*	2
941	37657	218	189	0	0	*	2
942	37697	220	187	0	0	*	2
943	37737	221	185	0	0	*	2
944	37777	224	183	0	0	*	2
945	37817	225	181	0	0	*	2
946	37857	227	179	0	0	*	2
947	37897	229	177	0	0	*	2
948	37937	231	175	0	0	*	2
949	37977	232	173	0	0	*	2
950	38017	236	170	0	0	*	2
951	38057	238	168	0	0	*	2
952	38097	239	166	0	0	*	2
953	38137	241	163	0	0	*	2
954	38177	242	162	0	0	*	2
955	38217	243	159	0	0	*	2
956	38257	244	156	0	0	*	2
957	38297	245	154	0	0	*	2
958	38337	246	153	0	0	*	2
959	38377	247	149	0	0	*	2
960	38417	247	148	0	0	*	2
961	38457	248	146	0	0	*	2
962	38497	248	143	0	0	*	2
963	38537	249	140	0	0	*	2
964	38577	249	138	0	0	*	2
965	38617	250	135	0	0	*	2
966	38657	250	132	0	0	*	2
967	38697	250	129	0	0	*	2
968	38737	250	127	0	0	*	2
969	38777	250	123	0	0	*	2
970	38817	250	120	0	0	*	2
971	38857	249	118	0	0	*	2
972	38897	249	116	0	0	*	2
973	38937	249	113	0	0	*	2
974	38977	248	110	0	0	*	2
975	39017	248	108	0	0	*	2
976	39057	248	104	0	0	*	2
977	39097	247	102	0	0	*	2
978	39137	247	100	0	0	*	2
979	39177	246	97	0	0	*	2
980	39217	245	94	0	0	*	2
981	39257	244	91	0	0	*	2
982	39297	243	88	0	0	*	2
983	39337	243	86	0	0	*	2
984	39377	242	83	0	0	*	2
985	39417	241	81	0	0	*	2
986	39457	240	78	0	0	*	2
987	39497	238	75	0	0	*	2
988	39537	237	72	0	0	*	2
989	39577	236	71	0	0	*	2
990	39617	234	68	0	0	*	2
991	39657	233	66	0	0	*	2
992	39697	231	63	0	0	*	2
993	39737	230	60	0	0	*	2
994	39777	229	58	0	0	*	2
995	39817	227	56	0	0	*	2
996	39857	225	53	0	0	*	2
997	39897	223	51	0	0	*	2
998	39937	221	48	0	0	*	2
999	39977	219	46	0	0	*	2
1000	40017	218	44	0	0	*	2
1001	40057	216	42	0	0	*	2
1002	40097	214	40	0	0	*	2
1003	40137	212	38	0	0	*	2
1004	40177	209	35	0	0	*	2
1005	40217	207	33	0	0	*	2
1006	40257	206	32	0	0	*	2
1007	40297	204	30	0	0	*	2
1008	40337	201	28	0	0	*	2
1009	40377	199	27	0	0	*	2
1010	40417	196	25	0	0	*	2
1011	40457	194	23	0	0	*	2
1012	40497	193	23	0	0	*	2
1013	40537	190	21	0	0	*	2
1014	40577	188	19	0	0	*	2
1015	40617	185	18	0	0	*	2
1016	40657	182	16	0	0	*	2
1017	40697	180	15	0	0	*	2
1018	40737	178	14	0	0	*	2
1019	40777	176	13	0	0	*	2
1020	40817	173	12	0	0	*	2
1021	40857	170	11	0	0	*	2
1022	40897	167	10	0	0	*	2
1023	40937	165	9	0	0	*	2
1024	40977	163	8	0	0	*	2
1025	41017	160	7	0	0	*	2
1026	41057	157	6	0	0	*	2
1027	41097	154	6	0	0	*	2
1028	41137	151	5	0	0	*	2
1029	41177	149	5	0	0	*	2
1030	41217	146	4	0	0	*	2
1031	41257	144	4	0	0	*	2
1032	41297	141	4	0	0	*	2
1033	41337	138	3	0	0	*	2
1034	41377	135	3	0	0	*	2
1035	41417	133	3	0	0	*	2
1036	41457	130	3	0	0	*	2
1037	41497	128	3	0	0	*	2
1038	41537	124	3	0	0	*	2
1039	41577	121	3	0	0	*	2
1040	41617	119	3	0	0	*	2
1041	41657	116	3	0	0	*	2
1042	41697	114	4	0	0	*	2
1043	41737	111	4	0	0	*	2
1044	41777	109	4	0	0	*	2
1045	41817	105	5	0	0	*	2
1046	41857	102	6	0	0	*	2
1047	41897	100	6	0	0	*	2
1048	41937	97	7	0	0	*	2
1049	41977	95	7	0	0	*	2
1050	42017	92	8	0	0	*	2
1051	42057	89	9	0	0	*	2
1052	42097	86	10	0	0	*	2
1053	42137	84	11	0	0	*	2
1054	42177	82	12	0	0	*	2
1055	42217	79	13	0	0	*	2
1056	42257	76	14	0	0	*	2
1057	42297	73	16	0	0	*	2
1058	42337	71	17	0	0	*	2
1059	42377	70	18	0	0	*	2
1060	42417	67	19	0	0	*	2
1061	42457	64	21	0	0	*	2
1062	42497	61	22	0	0	*	2
1063	42537	59	23	0	0	*	2
1064	42577	57	25	0	0	*	2
1065	42617	55	26	0	0	*	2
1066	42657	53	28	0	0	*	2
1067	42697	50	29	0	0	*	2
1068	42737	48	31	0	0	*	2
1069	42777	46	34	0	0	*	2
1070	42817	44	35	0	0	*	2
1071	42857	42	37	0	0	*	2
1072	42897	40	39	0	0	*	2
1073	42937	38	41	0	0	*	2
1074	42977	36	44	0	0	*	2
1075	43017	34	46	0	0	*	2
1076	43057	32	47	0	0	*	2
1077	43097	31	49	0	0	*	2
1078	43137	29	51	0	0	*	2
1079	43177	27	54	0	0	*	2
1080	43217	25	57	0	0	*	2
1081	43257	24	59	0	0	*	2
1082	43297	23	61	0	0	*	2
1083	43337	22	63	0	0	*	2
1084	43377	20	66	0	0	*	2
1085	43417	19	68	0	0	*	2
1086	43457	17	71	0	0	*	2
1087	43497	16	73	0	0	*	2
1088	43537	15	75	0	0	*	2
1089	43577	14	78	0	0	*	2
1090	43617	13	80	0	0	*	2
1091	43657	12	83	0	0	*	2
1092	43697	11	86	0	0	*	2
1093	43737	11	89	0	0	*	2
1094	43777	10	91	0	0	*	2
1095	43817	9	93	0	0	*	2
1096	43857	8	95	0	0	*	2
1097	43897	8	98	0	0	*	2
1098	43937	7	102	0	0	*	2
1099	43977	6	105	0	0	*	2
1100	44017	6	107	0	0	*	2
1101	44057	5	110	0	0	*	2
1102	44097	5	112	0	0	*	2
1103	44137	5	115	0	0	*	2
1104	44177	5	118	0	0	*	2
1105	44217	5	121	0	0	*	2
1106	44257	5	123	0	0	*	2
1107	44297	5	126	0	0	*	2
1108	44337	5	128	0	0	*	2
1109	44377	5	131	0	0	*	2
1110	44417	5	135	0	0	*	2
1111	44457	6	137	0	0	*	2
1112	44497	6	139	0	0	*	2
1113	44537	6	142	0	0	*	2
1114	44577	7	145	0	0	*	2
1115	44617	7	148	0	0	*	2
1116	44657	8	151	0	0	*	2
1117	44697	9	153	0	0	*	2
1118	44737	9	155	0	0	*	2
1119	44777	10	158	0	0	*	2
1120	44817	10	160	0	0	*	2
1121	44857	11	162	0	0	*	2
1122	44897	12	166	0	0	*	2
1123	44937	13	168	0	0	*	2
1124	44977	14	170	0	0	*	2
1125	45017	15	173	0	0	*	2
1126	45057	16	176	0	0	*	2
1127	45097	18	179	0	0	*	2
1128	45137	19	182	0	0	*	2
1129	45177	20	183	0	0	*	2
1130	45217	21	185	0	0	*	2
1131	45257	23	188	0	0	*	2
1132	45297	24	190	0	0	*	2
1133	45337	26	193	0	0	*	2
1134	45377	27	195	0	0	*	2
1135	45417	28	197	0	0	*	2
1136	45457	30	199	0	0	*	2
1137	45497	31	201	0	0	*	2
1138	45537	33	203	0	0	*	2
1139	45577	36	206	0	0	*	2
1140	45617	37	208	0	0	*	2
1141	45657	39	209	0	0	*	2
1142	45697	41	211	0	0	*	2
1143	45737	43	213	0	0	*	2
1144	45777	45	215	0	0	*	2
1145	45817	48	217	0	0	*	2
1146	45857	49	218	0	0	*	2
1147	45897	51	220	0	0	*	2
1148	45937	53	221	0	0	*	2
1149	45977	55	223	0	0	*	2
1150	46017	58	225	0	0	*	2
1151	46057	61	227	0	0	*	2
1152	46097	63	228	0	0	*	2
1153	46137	64	229	0	0	*	2
1154	46177	67	230	0	0	*	2
1155	46217	70	232	0	0	*	2
1156	46257	73	233	0	0	*	2
1157	46297	75	234	0	0	*	2
1158	46337	77	235	0	0	*	2
1159	46377	80	236	0	0	*	2
1160	46417	82	238	0	0	*	2
1161	46457	85	238	0	0	*	2
1162	46497	87	240	0	0	*	2
1163	46537	89	241	0	0	*	2
1164	46577	92	241	0	0	*	2
1165	46617	95	242	0	0	*	2
1166	46657	97	243	0	0	*	2
1167	46697	100	243	0	0	*	2
1168	46737	103	244	0	0	*	2
1169	46777	105	244	0	0	*	2
1170	46817	107	245	0	0	*	2
1171	46857	110	245	0	0	*	2
1172	46897	113	245	0	0	*	2
1173	46937	116	246	0	0	*	2
1174	46977	119	246	0	0	*	2
1175	47017	122	246	0	0	*	2
1176	47057	124	246	0	0	*	2
1177	47097	127	245	0	0	*	2
1178	47137	130	245	0	0	*	2
1179	47177	133	245	0	0	*	2
1180	47217	136	245	0	0	*	2
1181	47257	139	245	0	0	*	2
1182	47297	141	245	0	0	*	2
1183	47337	144	244	0	0	*	2
1184	47377	146	244	0	0	*	2
1185	47417	149	244	0	0	*	2
1186	47457	152	244	0	0	*	2
1187	47497	154	243	0	0	*	2
1188	47537	157	243	0	0	*	2
1189	47577	159	242	0	0	*	2
1190	47617	162	241	0	0	*	2
1191	47657	165	241	0	0	*	2
1192	47697	167	240	0	0	*	2
1193	47737	169	239	0	0	*	2
1194	47777	172	239	0	0	*	2
1195	47817	174	238	0	0	*	2
1196	47857	176	237	0	0	*	2
1197	47897	179	235	0	0	*	2
1198	47937	181	234	0	0	*	2
1199	47977	183	233	0	0	*	2
1200	48017	185	232	0	0	*	2
1201	48057	187	231	0	0	*	2
1202	48097	190	229	0	0	*	2
1203	48137	192	228	0	0	*	2
1204	48177	194	226	0	0	*	2
1205	48217	196	225	0	0	*	2
1206	48257	198	223	0	0	*	2
1207	48297	200	221	0	0	*	2
1208	48337	202	219	0	0	*	2
1209	48377	205	217	0	0	*	2
1210	48417	206	216	0	0	*	2
1211	48457	208	213	0	0	*	2
1212	48497	211	211	0	0	*	2
1213	48537	212	209	0	0	*	2
1214	48577	215	208	0	0	*	2
1215	48617	217	206	0	0	*	2
1216	48657	218	204	0	0	*	2
1217	48697	220	201	0	0	*	2
1218	48737	222	200	0	0	*	2
1219	48777	224	197	0	0	*	2
1220	48817	226	195	0	0	*	2
1221	48857	228	193	0	0	*	2
1222	48897	229	191	0	0	*	2
1223	48937	231	189	0	0	*	2
1224	48977	232	186	0	0	*	2
1225	49017	234	185	0	0	*	2
1226	49057	235	182	0	0	*	2
1227	49097	236	181	0	0	*	2
1228	49137	237	178	0	0	*	2
1229	49177	239	176	0	0	*	2
1230	49217	240	173	0	0	*	2
1231	49257	242	170	0	0	*	2
1232	49297	243	168	0	0	*	2
1233	49337	243	166	0	0	*	2
1234	49377	244	163	0	0	*	2
1235	49417	245	161	0	0	*	2
1236	49457	246	158	0	0	*	2
1237	49497	246	155	0	0	*	2
1238	49537	247	152	0	0	*	2
1239	49577	248	150	0	0	*	2
1240	49617	248	147	0	0	*	2
1241	49657	249	144	0	0	*	2
1242	49697	249	141	0	0	*	2
1243	49737	249	139	0	0	*	2
1244	49777	250	136	0	0	*	2
1245	49817	250	133	0	0	*	2
1246	49857	250	130	0	0	*	2
1247	49897	250	128	0	0	*	2
1248	49937	250	124	0	0	*	2
1249	49977	250	121	0	0	*	2
1250	50017	250	119	0	0	*	2
1251	50057	250	116	0	0	*	2
1252	50097	249	113	0	0	*	2
1253	50137	249	111	0	0	*	2
1254	50177	249	108	0	0	*	2
1255	50217	249	105	0	0	*	2
1256	50257	248	103	0	0	*	2
1257	50297	248	100	0	0	*	2
1258	50337	247	97	0	0	*	2
1259	50377	246	94	0	0	*	2
1260	50417	246	92	0	0	*	2
1261	50457	245	90	0	0	*	2
1262	50497	244	88	0	0	*	2
1263	50537	243	85	0	0	*	2
1264	50577	243	83	0	0	*	2
1265	50617	242	80	0	0	*	2
1266	50657	241	78	0	0	*	2
1267	50697	240	76	0	0	*	2
1268	50737	238	73	0	0	*	2
1269	50777	237	71	0	0	*	2
1270	50817	236	69	0	0	*	2
1271	50857	234	65	0	0	*	2
1272	50897	232	63	0	0	*	2
1273	50937	231	61	0	0	*	2
1274	50977	229	58	0	0	*	2
1275	51017	228	56	0	0	*	2
1276	51057	226	53	0	0	*	2
1277	51097	223	51	0	0	*	2
1278	51137	222	49	0	0	*	2
1279	51177	220	46	0	0	*	2
1280	51217	219	45	0	0	*	2
1281	51257	217	43	0	0	*	2
1282	51297	215	40	0	0	*	2
1283	51337	213	38	0	0	*	2
1284	51377	211	36	0	0	*	2
1285	51417	208	34	0	0	*	2
1286	51457	206	32	0	0	*	2
1287	51497	205	30	0	0	*	2
1288	51537	202	28	0	0	*	2
1289	51577	200	27	0	0	*	2
1290	51617	198	25	0	0	*	2
1291	51657	196	24	0	0	*	2
1292	51697	194	23	0	0	*	2
1293	51737	192	21	0	0	*	2
1294	51777	190	20	0	0	*	2
1295	51817	188	19	0	0	*	2
1296	51857	185	17	0	0	*	2
1297	51897	182	16	0	0	*	2
1298	51937	181	15	0	0	*	2
1299	51977	178	14	0	0	*	2
1300	52017	175	12	0	0	*	2
1301	52057	172	12	0	0	*	2
1302	52097	170	11	0	0	*	2
1303	52137	168	10	0	0	*	2
1304	52177	165	9	0	0	*	2
1305	52217	162	8	0	0	*	2
1306	52257	158	7	0	0	*	2
1307	52297	157	7	0	0	*	2
1308	52337	154	6	0	0	*	2
1309	52377	151	5	0	0	*	2
1310	52417	148	5	0	0	*	2
1311	52457	145	4	0	0	*	2
1312	52497	143	4	0	0	*	2
1313	52537	141	3	0	0	*	2
1314	52577	138	3	0	0	*	2
1315	52617	135	3	0	0	*	2
1316	52657	132	3	0	0	*	2
1317	52697	129	2	0	0	*	2
1318	52737	126	2	0	0	*	2
1319	52777	124	3	0	0	*	2
1320	52817	121	3	0	0	*	2
1321	52857	118	3	0	0	*	2
1322	52897	115	3	0	0	*	2
1323	52937	112	4	0	0	*	2
1324	52977	109	4	0	0	*	2
1325	53017	107	4	0	0	*	2
1326	53057	105	5	0	0	*	2
1327	53097	101	5	0	0	*	2
1328	53137	98	6	0	0	*	2
1329	53177	96	7	0	0	*	2
1330	53217	94	8	0	0	*	2
1331	53257	91	8	0	0	*	2
1332	53297	88	9	0	0	*	2
1333	53337	85	10	0	0	*	2
1334	53377	82	11	0	0	*	2
1335	53417	79	13	0	0	*	2
1336	53457	77	13	0	0	*	2
1337	53497	75	14	0	0	*	2
1338	53537	73	16	0	0	*	2
1339	53577	70	17	0	0	*	2
1340	53617	67	18	0	0	*	2
1341	53657	65	19	0	0	*	2
1342	53697	63	21	0	0	*	2
1343	53737	61	22	0	0	*	2
1344	53777	58	23	0	0	*	2
1345	53817	56	25	0	0	*	2
1346	53857	53	27	0	0	*	2
1347	53897	52	28	0	0	*	2
1348	53937	50	29	0	0	*	2
1349	53977	48	31	0	0	*	2
1350	54017	46	33	0	0	*	2
1351	54057	43	35	0	0	*	2
1352	54097	41	37	0	0	*	2
1353	54137	39	39	0	0	*	2
1354	54177	38	40	0	0	*	2
1355	54217	36	42	0	0	*	2
1356	54257	35	44	0	0	*	2
1357	54297	33	46	0	0	*	2
1358	54337	31	49	0	0	*	2
1359	54377	29	51	0	0	*	2
1360	54417	28	53	0	0	*	2
1361	54457	26	55	0	0	*	2
1362	54497	25	57	0	0	*	2
1363	54537	23	60	0	0	*	2
1364	54577	22	62	0	0	*	2
1365	54617	21	64	0	0	*	2
1366	54657	20	66	0	0	*	2
1367	54697	18	69	0	0	*	2
1368	54737	17	70	0	0	*	2
1369	54777	16	73	0	0	*	2
1370	54817	14	76	0	0	*	2
1371	54857	13	78	0	0	*	2
1372	54897	12	81	0	0	*	2
1373	54937	12	83	0	0	*	2
1374	54977	11	86	0	0	*	2
1375	55017	10	88	0	0	*	2
1376	55057	9	92	0	0	*	2
1377	55097	9	93	0	0	*	2
1378	55137	8	95	0	0	*	2
1379	55177	7	98	0	0	*	2
1380	55217	7	100	0	0	*	2
1381	55257	6	103	0	0	*	2
1382	55297	6	106	0	0	*	2
1383	55337	5	109	0	0	*	2
1384	55377	5	111	0	0	*	2
1385	55417	5	114	0	0	*	2
1386	55457	5	116	0	0	*	2
1387	55497	4	119	0	0	*	2
1388	55537	4	123	0	0	*	2
1389	55577	4	125	0	0	*	2
1390	55617	4	127	0	0	*	2
1391	55657	4	130	0	0	*	2
1392	55697	4	132	0	0	*	2
1393	55737	5	135	0	0	*	2
1394	55777	5	139	0	0	*	2
1395	55817	5	141	0	0	*	2
1396	55857	6	143	0	0	*	2
1397	55897	6	146	0	0	*	2
1398	55937	7	148	0	0	*	2
1399	55977	7	151	0	0	*	2
1400	56017	8	154	0	0	*	2
1401	56057	9	157	0	0	*	2
1402	56097	9	159	0	0	*	2
1403	56137	10	161	0	0	*	2
1404	56177	11	163	0	0	*	2
1405	56217	12	165	0	0	*	2
1406	56257	13	168	0	0	*	2
1407	56297	14	171	0	0	*	2
1408	56337	15	173	0	0	*	2
1409	56377	16	175	0	0	*	2
1410	56417	17	178	0	0	*	2
1411	56457	18	180	0	0	*	2
1412	56497	20	183	0	0	*	2
1413	56537	21	185	0	0	*	2
1414	56577	22	187	0	0	*	2
1415	56617	23	189	0	0	*	2
1416	56657	24	191	0	0	*	2
1417	56697	26	193	0	0	*	2
1418	56737	28	196	0	0	*	2
1419	56777	29	198	0	0	*	2
1420	56817	31	200	0	0	*	2
1421	56857	33	202	0	0	*	2
1422	56897	34	204	0	0	*	2
1423	56937	36	207	0	0	*	2
1424	56977	39	209	0	0	*	2
1425	57017	40	210	0	0	*	2
1426	57057	42	212	0	0	*	2
1427	57097	44	214	0	0	*	2
1428	57137	46	216	0	0	*	2
1429	57177	49	218	0	0	*	2
1430	57217	51	220	0	0	*	2
1431	57257	52	221	0	0	*	2
1432	57297	55	223	0	0	*	2
1433	57337	57	225	0	0	*	2
1434	57377	59	226	0	0	*	2
1435	57417	61	228	0	0	*	2
1436	57457	64	229	0	0	*	2
1437	57497	65	230	0	0	*	2
1438	57537	68	232	0	0	*	2
1439	57577	70	233	0	0	*	2
1440	57617	73	234	0	0	*	2
1441	57657	75	235	0	0	*	2
1442	57697	77	236	0	0	*	2
1443	57737	79	237	0	0	*	2
1444	57777	82	238	0	0	*	2
1445	57817	84	239	0	0	*	2
1446	57857	86	240	0	0	*	2
1447	57897	89	241	0	0	*	2
1448	57937	91	242	0	0	*	2
1449	57977	93	242	0	0	*	2
1450	58017	96	243	0	0	*	2
1451	58057	98	244	0	0	*	2
1452	58097	101	244	0	0	*	2
1453	58137	104	245	0	0	*	2
1454	58177	107	245	0	0	*	2
1455	58217	109	245	0	0	*	2
1456	58257	111	245	0	0	*	2
1457	58297	114	246	0	0	*	2
1458	58337	117	246	0	0	*	2
1459	58377	120	246	0	0	*	2
1460	58417	122	246	0	0	*	2
1461	58457	124	246	0	0	*	2
1462	58497	128	246	0	0	*	2
1463	58537	130	246	0	0	*	2
1464	58577	133	246	0	0	*	2
1465	58617	136	246	0	0	*	2
1466	58657	139	246	0	0	*	2
1467	58697	142	246	0	0	*	2
1468	58737	144	246	0	0	*	2
1469	58777	146	246	0	0	*	2
1470	58817	149	245	0	0	*	2
1471	58857	151	245	0	0	*	2
1472	58897	154	245	0	0	*	2
1473	58937	156	244	0	0	*	2
1474	58977	158	244	0	0	*	2
1475	59017	161	243	0	0	*	2
1476	59057	164	242	0	0	*	2
1477	59097	166	242	0	0	*	2
1478	59137	168	241	0	0	*	2
1479	59177	170	240	0	0	*	2
1480	59217	173	239	0	0	*	2
1481	59257	175	238	0	0	*	2
1482	59297	178	237	0	0	*	2
1483	59337	180	236	0	0	*	2
1484	59377	182	235	0	0	*	2
1485	59417	184	234	0	0	*	2
1486	59457	186	232	0	0	*	2
1487	59497	189	231	0	0	*	2
1488	59537	191	230	0	0	*	2
1489	59577	193	228	0	0	*	2
1490	59617	195	227	0	0	*	2
1491	59657	197	226	0	0	*	2
1492	59697	199	224	0	0	*	2
1493	59737	202	222	0	0	*	2
1494	59777	204	220	0	0	*	2
1495	59817	206	219	0	0	*	2
1496	59857	207	217	0	0	*	2
1497	59897	210	215	0	0	*	2
1498	59937	212	213	0	0	*	2
1499	59977	214	211	0	0	*	2
1500	60017	216	210	0	0	*	2
1501	60057	218	208	0	0	*	2
1502	60097	219	206	0	0	*	2
1503	60137	221	204	0	0	*	2
1504	60177	223	201	0	0	*	2
1505	60217	225	199	0	0	*	2
1506	60257	226	197	0	0	*	2
1507	60297	228	195	0	0	*	2
1508	60337	230	193	0	0	*	2
1509	60377	231	191	0	0	*	2
1510	60417	232	188	0	0	*	2
1511	60457	234	186	0	0	*	2
1512	60497	235	184	0	0	*	2
1513	60537	236	182	0	0	*	2
1514	60577	237	180	0	0	*	2
1515	60617	239	177	0	0	*	2
1516	60657	240	174	0	0	*	2
1517	60697	241	172	0	0	*	2
1518	60737	242	170	0	0	*	2
1519	60777	243	167	0	0	*	2
1520	60817	243	164	0	0	*	2
1521	60857	245	162	0	0	*	2
1522	60897	245	159	0	0	*	2
1523	60937	246	157	0	0	*	2
1524	60977	247	154	0	0	*	2
1525	61017	248	151	0	0	*	2
1526	61057	248	148	0	0	*	2
1527	61097	249	145	0	0	*	2
1528	61137	249	142	0	0	*	2
1529	61177	249	140	0	0	*	2
1530	61217	250	138	0	0	*	2
1531	61257	250	135	0	0	*	2
1532	61297	250	132	0	0	*	2
1533	61337	250	128	0	0	*	2
1534	61377	250	126	0	0	*	2
1535	61417	250	123	0	0	*	2
1536	61457	250	120	0	0	*	2
1537	61497	250	118	0	0	*	2
1538	61537	250	115	0	0	*	2
1539	61577	250	112	0	0	*	2
1540	61617	249	109	0	0	*	2
1541	61657	249	106	0	0	*	2
1542	61697	249	104	0	0	*	2
1543	61737	248	101	0	0	*	2
1544	61777	247	98	0	0	*	2
1545	61817	247	95	0	0	*	2
