%%BEGIN_HEADER
	%%BEGIN DATABASE_INFORMATION
		%Date.0 ( 30.9.2019 )
		%Time.0 ( 12:43 )
	%%END DATABASE_INFORMATION
	%%BEGIN SETUP_INFORMATION
		%TrackerVersion.0 ( Tracker version 2.38 release 12.8.2012 )
		%ElapsedTime_ms.0 ( 60456 )
		%Paradigm.0 ( PlacePreference )
		%FeederParameters.0 ( 1500 0 )
			// %FeederParameters.0 ( ENTRANCE_LATENCY EXIT_LATENCY )
		%ElapsedPath_m.0 ( 0.00 )
		%ArenaDiameter_m.0 ( 1.80 )
		%TrackerResolution_PixPerCM.0 ( 1.4222 )
		%ArenaCenterXY.0 ( 127.5 127.5 )
		%Frame.0 ( RoomFrame )
		%ReinforcedSector.0 ( 127.5000 38.2500 7 )
			//%ReinforcedSector.0 ( CENTER_X CENTER_Y RADIUS )
		%RoomTrackReinforcedSector.0 ( 127.5000 38.2500 7 )
			//%RoomTrackReinforcedSector.0 ( CENTER_X CENTER_Y RADIUS )
	%%END SETUP_INFORMATION
	%%BEGIN RECORD_FORMAT
		%Sample.0 ( FrameCount 1msTimeStamp RoomX RoomY Sectors State Flags FrameInfo )
			//Sectors indicate if the object is in a target. Number is binary coded. Sectors = 0: no target, Sectors = 1: room target, Sectors: = 2 arena target, Sectors: = 3 room and arena target
			////State indicates the Watermaze State: OutsideTarget = 0, EntranceLatency = 1, InsideTarget = 3, OutsideRefractory = 4, BadSpot = 5
			//FrameInfo indicates succesfuly tracked spots: ReferencePoint * 2^0 + Spot0 * 2^(1+0) + Spot1 * 2^(1+1) + Spot2 * 2^(1+2) .... 
	%%END RECORD_FORMAT
%%END_HEADER
1	56	40	205	0	0	*	2
2	96	40	204	0	0	*	2
3	136	41	203	0	0	*	2
4	176	40	202	0	0	*	2
5	216	40	200	0	0	*	2
6	256	41	200	0	0	*	2
7	296	41	199	0	0	*	2
8	336	41	198	0	0	*	2
9	376	42	197	0	0	*	2
10	416	41	196	0	0	*	2
11	456	41	194	0	0	*	2
12	496	40	192	0	0	*	2
13	536	40	191	0	0	*	2
14	576	40	189	0	0	*	2
15	616	39	186	0	0	*	2
16	656	39	185	0	0	*	2
17	696	38	182	0	0	*	2
18	736	38	180	0	0	*	2
19	776	38	178	0	0	*	2
20	816	37	175	0	0	*	2
21	856	37	172	0	0	*	2
22	896	37	169	0	0	*	2
23	936	36	167	0	0	*	2
24	976	36	165	0	0	*	2
25	1016	36	162	0	0	*	2
26	1056	36	159	0	0	*	2
27	1096	35	156	0	0	*	2
28	1136	35	153	0	0	*	2
29	1176	34	151	0	0	*	2
30	1216	34	148	0	0	*	2
31	1256	34	145	0	0	*	2
32	1296	33	142	0	0	*	2
33	1336	33	139	0	0	*	2
34	1376	32	137	0	0	*	2
35	1416	32	134	0	0	*	2
36	1456	32	131	0	0	*	2
37	1496	31	129	0	0	*	2
38	1536	31	126	0	0	*	2
39	1576	31	123	0	0	*	2
40	1616	30	120	0	0	*	2
41	1656	30	117	0	0	*	2
42	1696	30	115	0	0	*	2
43	1736	29	112	0	0	*	2
44	1776	29	109	0	0	*	2
45	1816	29	107	0	0	*	2
46	1856	29	104	0	0	*	2
47	1896	29	101	0	0	*	2
48	1936	28	98	0	0	*	2
49	1976	28	95	0	0	*	2
50	2016	28	93	0	0	*	2
51	2056	28	91	0	0	*	2
52	2096	28	88	0	0	*	2
53	2136	28	86	0	0	*	2
54	2176	28	83	0	0	*	2
55	2216	28	80	0	0	*	2
56	2256	27	78	0	0	*	2
57	2296	24	73	0	0	*	2
58	2336	24	70	0	0	*	2
59	2376	24	68	0	0	*	2
60	2416	25	66	0	0	*	2
61	2456	25	63	0	0	*	2
62	2496	26	61	0	0	*	2
63	2536	26	60	0	0	*	2
64	2576	28	57	0	0	*	2
65	2616	28	56	0	0	*	2
66	2656	28	54	0	0	*	2
67	2696	29	53	0	0	*	2
68	2736	31	50	0	0	*	2
69	2776	33	48	0	0	*	2
70	2816	34	46	0	0	*	2
71	2856	36	44	0	0	*	2
72	2896	38	43	0	0	*	2
73	2936	40	41	0	0	*	2
74	2976	42	39	0	0	*	2
75	3016	43	38	0	0	*	2
76	3056	45	36	0	0	*	2
77	3096	47	34	0	0	*	2
78	3136	49	33	0	0	*	2
79	3176	50	32	0	0	*	2
80	3216	52	30	0	0	*	2
81	3256	54	29	0	0	*	2
82	3296	56	28	0	0	*	2
83	3336	58	26	0	0	*	2
84	3376	61	25	0	0	*	2
85	3416	61	24	0	0	*	2
86	3456	65	22	0	0	*	2
87	3496	67	21	0	0	*	2
88	3536	69	20	0	0	*	2
89	3576	70	19	0	0	*	2
90	3616	72	18	0	0	*	2
91	3656	73	17	0	0	*	2
92	3696	74	16	0	0	*	2
93	3736	76	15	0	0	*	2
94	3776	78	14	0	0	*	2
95	3816	80	13	0	0	*	2
96	3856	83	12	0	0	*	2
97	3896	85	11	0	0	*	2
98	3936	86	10	0	0	*	2
99	3976	88	10	0	0	*	2
100	4016	90	9	0	0	*	2
101	4056	92	9	0	0	*	2
102	4096	95	8	0	0	*	2
103	4136	96	8	0	0	*	2
104	4176	98	7	0	0	*	2
105	4216	99	7	0	0	*	2
106	4256	101	6	0	0	*	2
107	4296	103	6	0	0	*	2
108	4336	105	5	0	0	*	2
109	4376	107	5	0	0	*	2
110	4416	109	5	0	0	*	2
111	4456	109	5	0	0	*	2
112	4496	112	5	0	0	*	2
113	4536	113	4	0	0	*	2
114	4576	115	4	0	0	*	2
115	4616	117	4	0	0	*	2
116	4656	119	4	0	0	*	2
117	4696	121	5	0	0	*	2
118	4736	122	5	0	0	*	2
119	4776	123	5	0	0	*	2
120	4816	126	4	0	0	*	2
121	4856	128	4	0	0	*	2
122	4896	129	4	0	0	*	2
123	4936	131	4	0	0	*	2
124	4976	131	4	0	0	*	2
125	5016	132	4	0	0	*	2
126	5056	134	4	0	0	*	2
127	5096	135	4	0	0	*	2
128	5136	136	4	0	0	*	2
129	5176	138	4	0	0	*	2
130	5216	138	4	0	0	*	2
131	5256	140	4	0	0	*	2
132	5296	141	4	0	0	*	2
133	5336	142	5	0	0	*	2
134	5376	142	5	0	0	*	2
135	5416	143	6	0	0	*	2
136	5456	144	6	0	0	*	2
137	5496	146	7	0	0	*	2
138	5536	147	8	0	0	*	2
139	5576	148	9	0	0	*	2
140	5616	149	9	0	0	*	2
141	5656	151	10	0	0	*	2
142	5696	151	9	0	0	*	2
143	5736	154	11	0	0	*	2
144	5776	156	12	0	0	*	2
145	5816	158	13	0	0	*	2
146	5856	160	14	0	0	*	2
147	5896	162	15	0	0	*	2
148	5936	163	16	0	0	*	2
149	5976	165	17	0	0	*	2
150	6016	167	18	0	0	*	2
151	6056	170	20	0	0	*	2
152	6096	171	21	0	0	*	2
153	6136	173	22	0	0	*	2
154	6176	175	24	0	0	*	2
155	6216	177	26	0	0	*	2
156	6256	178	27	0	0	*	2
157	6296	180	29	0	0	*	2
158	6336	182	31	0	0	*	2
159	6376	183	32	0	0	*	2
160	6416	184	34	0	0	*	2
161	6456	186	36	0	0	*	2
162	6496	188	38	0	0	*	2
163	6536	190	40	0	0	*	2
164	6576	191	41	0	0	*	2
165	6616	193	43	0	0	*	2
166	6656	194	44	0	0	*	2
167	6696	196	46	0	0	*	2
168	6736	198	47	0	0	*	2
169	6776	200	48	0	0	*	2
170	6816	202	50	0	0	*	2
171	6856	204	52	0	0	*	2
172	6896	206	53	0	0	*	2
173	6936	208	56	0	0	*	2
174	6976	211	58	0	0	*	2
175	7016	212	59	0	0	*	2
176	7056	214	60	0	0	*	2
177	7096	217	62	0	0	*	2
178	7136	218	64	0	0	*	2
179	7176	220	65	0	0	*	2
180	7216	223	67	0	0	*	2
181	7256	225	68	0	0	*	2
182	7296	227	69	0	0	*	2
183	7336	229	70	0	0	*	2
184	7376	231	71	0	0	*	2
185	7416	232	72	0	0	*	2
186	7456	234	72	0	0	*	2
187	7496	235	73	0	0	*	2
188	7536	236	74	0	0	*	2
189	7576	239	76	0	0	*	2
190	7616	239	78	0	0	*	2
191	7656	240	80	0	0	*	2
192	7696	241	82	0	0	*	2
193	7736	242	84	0	0	*	2
194	7776	242	86	0	0	*	2
195	7816	242	87	0	0	*	2
196	7856	243	88	0	0	*	2
197	7896	244	90	0	0	*	2
198	7936	243	90	0	0	*	2
199	7976	243	92	0	0	*	2
200	8016	243	92	0	0	*	2
201	8056	244	93	0	0	*	2
202	8096	246	97	0	0	*	2
203	8136	246	96	0	0	*	2
204	8176	246	97	0	0	*	2
205	8216	247	98	0	0	*	2
206	8256	247	100	0	0	*	2
207	8296	247	102	0	0	*	2
208	8336	248	104	0	0	*	2
209	8376	248	106	0	0	*	2
210	8416	248	108	0	0	*	2
211	8456	248	110	0	0	*	2
212	8496	249	112	0	0	*	2
213	8536	249	115	0	0	*	2
214	8576	248	117	0	0	*	2
215	8616	248	118	0	0	*	2
216	8656	248	121	0	0	*	2
217	8696	248	123	0	0	*	2
218	8736	248	126	0	0	*	2
219	8776	248	129	0	0	*	2
220	8816	247	132	0	0	*	2
221	8856	247	134	0	0	*	2
222	8896	246	137	0	0	*	2
223	8936	246	139	0	0	*	2
224	8976	246	142	0	0	*	2
225	9016	245	145	0	0	*	2
226	9056	245	148	0	0	*	2
227	9096	244	150	0	0	*	2
228	9136	243	153	0	0	*	2
229	9176	243	156	0	0	*	2
230	9216	243	158	0	0	*	2
231	9256	242	161	0	0	*	2
232	9296	242	162	0	0	*	2
233	9336	241	165	0	0	*	2
234	9376	240	168	0	0	*	2
235	9416	240	170	0	0	*	2
236	9456	239	172	0	0	*	2
237	9496	238	174	0	0	*	2
238	9536	238	176	0	0	*	2
239	9576	237	178	0	0	*	2
240	9616	236	181	0	0	*	2
241	9656	235	183	0	0	*	2
242	9696	233	185	0	0	*	2
243	9736	232	186	0	0	*	2
244	9776	231	188	0	0	*	2
245	9816	231	190	0	0	*	2
246	9856	229	192	0	0	*	2
247	9896	228	194	0	0	*	2
248	9936	226	197	0	0	*	2
249	9976	225	198	0	0	*	2
250	10016	223	200	0	0	*	2
251	10056	222	202	0	0	*	2
252	10096	220	204	0	0	*	2
253	10136	219	206	0	0	*	2
254	10176	217	208	0	0	*	2
255	10216	216	209	0	0	*	2
256	10256	214	211	0	0	*	2
257	10296	212	212	0	0	*	2
258	10336	211	214	0	0	*	2
259	10376	208	215	0	0	*	2
260	10416	206	217	0	0	*	2
261	10456	205	218	0	0	*	2
262	10496	203	220	0	0	*	2
263	10536	202	221	0	0	*	2
264	10576	200	222	0	0	*	2
265	10616	198	224	0	0	*	2
266	10656	196	225	0	0	*	2
267	10696	194	227	0	0	*	2
268	10736	192	228	0	0	*	2
269	10776	190	229	0	0	*	2
270	10816	188	230	0	0	*	2
271	10856	186	232	0	0	*	2
272	10896	183	232	0	0	*	2
273	10936	182	233	0	0	*	2
274	10976	180	235	0	0	*	2
275	11016	178	236	0	0	*	2
276	11056	176	237	0	0	*	2
277	11096	174	238	0	0	*	2
278	11136	172	238	0	0	*	2
279	11176	170	239	0	0	*	2
280	11216	168	240	0	0	*	2
281	11256	165	241	0	0	*	2
282	11296	164	241	0	0	*	2
283	11336	162	242	0	0	*	2
284	11376	160	242	0	0	*	2
285	11416	158	243	0	0	*	2
286	11456	156	243	0	0	*	2
287	11496	154	244	0	0	*	2
288	11536	152	244	0	0	*	2
289	11576	150	245	0	0	*	2
290	11616	147	245	0	0	*	2
291	11656	145	245	0	0	*	2
292	11696	143	246	0	0	*	2
293	11736	140	246	0	0	*	2
294	11776	138	246	0	0	*	2
295	11816	136	246	0	0	*	2
296	11856	134	246	0	0	*	2
297	11896	131	246	0	0	*	2
298	11936	128	246	0	0	*	2
299	11976	126	246	0	0	*	2
300	12016	123	246	0	0	*	2
301	12056	121	246	0	0	*	2
302	12096	118	246	0	0	*	2
303	12136	116	246	0	0	*	2
304	12176	113	245	0	0	*	2
305	12216	111	245	0	0	*	2
306	12256	109	245	0	0	*	2
307	12296	106	245	0	0	*	2
308	12336	104	244	0	0	*	2
309	12376	101	244	0	0	*	2
310	12416	98	244	0	0	*	2
311	12456	96	243	0	0	*	2
312	12496	94	243	0	0	*	2
313	12536	91	242	0	0	*	2
314	12576	90	241	0	0	*	2
315	12616	87	241	0	0	*	2
316	12656	85	240	0	0	*	2
317	12696	83	239	0	0	*	2
318	12736	82	238	0	0	*	2
319	12776	79	237	0	0	*	2
320	12816	78	237	0	0	*	2
321	12856	76	236	0	0	*	2
322	12896	73	234	0	0	*	2
323	12936	72	233	0	0	*	2
324	12976	70	232	0	0	*	2
325	13016	68	232	0	0	*	2
326	13056	67	231	0	0	*	2
327	13096	65	229	0	0	*	2
328	13136	63	228	0	0	*	2
329	13176	61	227	0	0	*	2
330	13216	60	226	0	0	*	2
331	13256	58	224	0	0	*	2
332	13296	56	224	0	0	*	2
333	13336	54	222	0	0	*	2
334	13376	53	221	0	0	*	2
335	13416	51	219	0	0	*	2
336	13456	49	218	0	0	*	2
337	13496	48	217	0	0	*	2
338	13536	46	215	0	0	*	2
339	13576	44	214	0	0	*	2
340	13616	43	213	0	0	*	2
341	13656	41	211	0	0	*	2
342	13696	39	209	0	0	*	2
343	13736	37	208	0	0	*	2
344	13776	36	206	0	0	*	2
345	13816	34	205	0	0	*	2
346	13856	33	203	0	0	*	2
347	13896	31	201	0	0	*	2
348	13936	30	199	0	0	*	2
349	13976	28	198	0	0	*	2
350	14016	27	196	0	0	*	2
351	14056	26	195	0	0	*	2
352	14096	25	193	0	0	*	2
353	14136	24	191	0	0	*	2
354	14176	23	189	0	0	*	2
355	14216	22	187	0	0	*	2
356	14256	21	186	0	0	*	2
357	14296	20	185	0	0	*	2
358	14336	19	183	0	0	*	2
359	14376	18	181	0	0	*	2
360	14416	17	179	0	0	*	2
361	14456	16	177	0	0	*	2
362	14496	15	175	0	0	*	2
363	14536	14	173	0	0	*	2
364	14576	14	171	0	0	*	2
365	14616	13	169	0	0	*	2
366	14656	12	167	0	0	*	2
367	14696	12	164	0	0	*	2
368	14736	11	163	0	0	*	2
369	14776	10	161	0	0	*	2
370	14816	10	159	0	0	*	2
371	14856	9	157	0	0	*	2
372	14896	9	155	0	0	*	2
373	14936	8	152	0	0	*	2
374	14976	7	150	0	0	*	2
375	15016	7	148	0	0	*	2
376	15056	7	146	0	0	*	2
377	15096	6	144	0	0	*	2
378	15136	6	142	0	0	*	2
379	15176	6	139	0	0	*	2
380	15216	5	137	0	0	*	2
381	15256	5	134	0	0	*	2
382	15296	5	132	0	0	*	2
383	15336	5	131	0	0	*	2
384	15376	5	128	0	0	*	2
385	15416	5	126	0	0	*	2
386	15456	5	123	0	0	*	2
387	15496	5	121	0	0	*	2
388	15536	5	119	0	0	*	2
389	15576	5	116	0	0	*	2
390	15616	5	115	0	0	*	2
391	15656	5	113	0	0	*	2
392	15696	6	110	0	0	*	2
393	15736	6	108	0	0	*	2
394	15776	6	106	0	0	*	2
395	15816	7	104	0	0	*	2
396	15856	7	101	0	0	*	2
397	15896	7	100	0	0	*	2
398	15936	8	97	0	0	*	2
399	15976	9	95	0	0	*	2
400	16016	9	93	0	0	*	2
401	16056	10	91	0	0	*	2
402	16096	10	89	0	0	*	2
403	16136	11	87	0	0	*	2
404	16176	12	85	0	0	*	2
405	16216	12	82	0	0	*	2
406	16256	13	81	0	0	*	2
407	16296	14	79	0	0	*	2
408	16336	15	76	0	0	*	2
409	16376	16	74	0	0	*	2
410	16416	17	72	0	0	*	2
411	16456	18	70	0	0	*	2
412	16496	19	69	0	0	*	2
413	16536	20	66	0	0	*	2
414	16576	21	64	0	0	*	2
415	16616	22	62	0	0	*	2
416	16656	23	61	0	0	*	2
417	16696	24	58	0	0	*	2
418	16736	26	56	0	0	*	2
419	16776	27	54	0	0	*	2
420	16816	28	53	0	0	*	2
421	16856	30	51	0	0	*	2
422	16896	31	49	0	0	*	2
423	16936	32	47	0	0	*	2
424	16976	34	46	0	0	*	2
425	17016	36	44	0	0	*	2
426	17056	37	43	0	0	*	2
427	17096	38	41	0	0	*	2
428	17136	40	39	0	0	*	2
429	17176	42	38	0	0	*	2
430	17216	43	36	0	0	*	2
431	17256	45	35	0	0	*	2
432	17296	47	34	0	0	*	2
433	17336	49	32	0	0	*	2
434	17376	50	31	0	0	*	2
435	17416	52	30	0	0	*	2
436	17456	54	28	0	0	*	2
437	17496	55	27	0	0	*	2
438	17536	58	25	0	0	*	2
439	17576	59	24	0	0	*	2
440	17616	61	24	0	0	*	2
441	17656	62	23	0	0	*	2
442	17696	64	22	0	0	*	2
443	17736	65	21	0	0	*	2
444	17776	67	20	0	0	*	2
445	17816	69	19	0	0	*	2
446	17856	70	18	0	0	*	2
447	17896	71	18	0	0	*	2
448	17936	73	17	0	0	*	2
449	17976	74	16	0	0	*	2
450	18016	75	15	0	0	*	2
451	18056	77	15	0	0	*	2
452	18096	78	14	0	0	*	2
453	18136	79	13	0	0	*	2
454	18176	80	13	0	0	*	2
455	18216	82	12	0	0	*	2
456	18256	84	12	0	0	*	2
457	18296	85	11	0	0	*	2
458	18336	86	10	0	0	*	2
459	18376	87	10	0	0	*	2
460	18416	89	9	0	0	*	2
461	18456	90	9	0	0	*	2
462	18496	92	8	0	0	*	2
463	18536	93	8	0	0	*	2
464	18576	95	7	0	0	*	2
465	18616	96	7	0	0	*	2
466	18656	97	7	0	0	*	2
467	18696	99	6	0	0	*	2
468	18736	101	6	0	0	*	2
469	18776	102	6	0	0	*	2
470	18816	105	5	0	0	*	2
471	18856	106	5	0	0	*	2
472	18896	107	5	0	0	*	2
473	18936	108	5	0	0	*	2
474	18976	109	4	0	0	*	2
475	19016	110	4	0	0	*	2
476	19056	112	4	0	0	*	2
477	19096	113	4	0	0	*	2
478	19136	115	3	0	0	*	2
479	19176	116	3	0	0	*	2
480	19216	118	3	0	0	*	2
481	19256	120	3	0	0	*	2
482	19296	122	3	0	0	*	2
483	19336	123	3	0	0	*	2
484	19376	125	3	0	0	*	2
485	19416	128	3	0	0	*	2
486	19456	130	2	0	0	*	2
487	19496	132	2	0	0	*	2
488	19536	134	3	0	0	*	2
489	19576	136	3	0	0	*	2
490	19616	139	3	0	0	*	2
491	19656	141	3	0	0	*	2
492	19696	144	4	0	0	*	2
493	19736	146	4	0	0	*	2
494	19776	147	4	0	0	*	2
495	19816	150	4	0	0	*	2
496	19856	152	5	0	0	*	2
497	19896	155	6	0	0	*	2
498	19936	157	6	0	0	*	2
499	19976	159	7	0	0	*	2
500	20016	161	8	0	0	*	2
501	20056	164	8	0	0	*	2
502	20096	166	9	0	0	*	2
503	20136	168	10	0	0	*	2
504	20176	170	11	0	0	*	2
505	20216	173	12	0	0	*	2
506	20256	175	12	0	0	*	2
507	20296	177	13	0	0	*	2
508	20336	180	15	0	0	*	2
509	20376	182	16	0	0	*	2
510	20416	183	17	0	0	*	2
511	20456	185	18	0	0	*	2
512	20496	187	19	0	0	*	2
513	20536	189	20	0	0	*	2
514	20576	191	21	0	0	*	2
515	20616	193	22	0	0	*	2
516	20656	194	23	0	0	*	2
517	20696	196	24	0	0	*	2
518	20736	198	25	0	0	*	2
519	20776	199	26	0	0	*	2
520	20816	201	28	0	0	*	2
521	20856	202	29	0	0	*	2
522	20896	204	30	0	0	*	2
523	20936	206	32	0	0	*	2
524	20976	208	35	0	0	*	2
525	21016	210	36	0	0	*	2
526	21056	212	38	0	0	*	2
527	21096	214	39	0	0	*	2
528	21136	215	41	0	0	*	2
529	21176	217	42	0	0	*	2
530	21216	219	45	0	0	*	2
531	21256	220	46	0	0	*	2
532	21296	222	48	0	0	*	2
533	21336	223	49	0	0	*	2
534	21376	225	51	0	0	*	2
535	21416	226	53	0	0	*	2
536	21456	228	55	0	0	*	2
537	21496	230	57	0	0	*	2
538	21536	231	59	0	0	*	2
539	21576	232	62	0	0	*	2
540	21616	233	64	0	0	*	2
541	21656	234	66	0	0	*	2
542	21696	236	68	0	0	*	2
543	21736	237	70	0	0	*	2
544	21776	238	71	0	0	*	2
545	21816	239	73	0	0	*	2
546	21856	240	76	0	0	*	2
547	21896	241	78	0	0	*	2
548	21936	242	80	0	0	*	2
549	21976	242	82	0	0	*	2
550	22016	243	84	0	0	*	2
551	22056	243	86	0	0	*	2
552	22096	244	88	0	0	*	2
553	22136	245	90	0	0	*	2
554	22176	245	92	0	0	*	2
555	22216	246	94	0	0	*	2
556	22256	247	96	0	0	*	2
557	22296	247	98	0	0	*	2
558	22336	248	100	0	0	*	2
559	22376	248	102	0	0	*	2
560	22416	249	104	0	0	*	2
561	22456	249	107	0	0	*	2
562	22496	249	110	0	0	*	2
563	22536	250	112	0	0	*	2
564	22576	250	114	0	0	*	2
565	22616	250	116	0	0	*	2
566	22656	250	119	0	0	*	2
567	22696	250	121	0	0	*	2
568	22736	250	124	0	0	*	2
569	22776	251	126	0	0	*	2
570	22816	251	129	0	0	*	2
571	22856	250	131	0	0	*	2
572	22896	250	133	0	0	*	2
573	22936	250	136	0	0	*	2
574	22976	250	138	0	0	*	2
575	23016	249	140	0	0	*	2
576	23056	249	142	0	0	*	2
577	23096	249	144	0	0	*	2
578	23136	248	147	0	0	*	2
579	23176	248	149	0	0	*	2
580	23216	247	152	0	0	*	2
581	23256	247	154	0	0	*	2
582	23296	246	156	0	0	*	2
583	23336	246	158	0	0	*	2
584	23376	245	161	0	0	*	2
585	23416	244	163	0	0	*	2
586	23456	243	165	0	0	*	2
587	23496	243	167	0	0	*	2
588	23536	242	170	0	0	*	2
589	23576	241	172	0	0	*	2
590	23616	240	174	0	0	*	2
591	23656	239	176	0	0	*	2
592	23696	238	178	0	0	*	2
593	23736	237	180	0	0	*	2
594	23776	236	182	0	0	*	2
595	23816	235	184	0	0	*	2
596	23856	234	185	0	0	*	2
597	23896	233	187	0	0	*	2
598	23936	231	189	0	0	*	2
599	23976	231	191	0	0	*	2
600	24016	230	193	0	0	*	2
601	24056	228	195	0	0	*	2
602	24096	227	197	0	0	*	2
603	24136	225	198	0	0	*	2
604	24176	224	200	0	0	*	2
605	24216	223	201	0	0	*	2
606	24256	222	203	0	0	*	2
607	24296	220	204	0	0	*	2
608	24336	219	206	0	0	*	2
609	24376	218	208	0	0	*	2
610	24416	216	209	0	0	*	2
611	24456	215	210	0	0	*	2
612	24496	213	212	0	0	*	2
613	24536	212	213	0	0	*	2
614	24576	211	214	0	0	*	2
615	24616	209	216	0	0	*	2
616	24656	207	217	0	0	*	2
617	24696	206	218	0	0	*	2
618	24736	205	220	0	0	*	2
619	24776	203	221	0	0	*	2
620	24816	201	222	0	0	*	2
621	24856	199	223	0	0	*	2
622	24896	198	225	0	0	*	2
623	24936	196	226	0	0	*	2
624	24976	194	227	0	0	*	2
625	25016	193	228	0	0	*	2
626	25056	192	229	0	0	*	2
627	25096	190	231	0	0	*	2
628	25136	188	232	0	0	*	2
629	25176	186	232	0	0	*	2
630	25216	184	233	0	0	*	2
631	25256	182	234	0	0	*	2
632	25296	181	235	0	0	*	2
633	25336	179	236	0	0	*	2
634	25376	176	237	0	0	*	2
635	25416	175	237	0	0	*	2
636	25456	173	238	0	0	*	2
637	25496	170	239	0	0	*	2
638	25536	169	240	0	0	*	2
639	25576	167	241	0	0	*	2
640	25616	165	241	0	0	*	2
641	25656	163	242	0	0	*	2
642	25696	161	243	0	0	*	2
643	25736	158	244	0	0	*	2
644	25776	157	244	0	0	*	2
645	25816	155	245	0	0	*	2
646	25856	152	245	0	0	*	2
647	25896	149	245	0	0	*	2
648	25936	146	246	0	0	*	2
649	25976	144	246	0	0	*	2
650	26016	142	246	0	0	*	2
651	26056	140	246	0	0	*	2
652	26096	137	247	0	0	*	2
653	26136	134	247	0	0	*	2
654	26176	132	247	0	0	*	2
655	26216	130	247	0	0	*	2
656	26256	127	247	0	0	*	2
657	26296	125	247	0	0	*	2
658	26336	122	247	0	0	*	2
659	26376	120	247	0	0	*	2
660	26416	118	246	0	0	*	2
661	26456	115	246	0	0	*	2
662	26496	113	246	0	0	*	2
663	26536	111	246	0	0	*	2
664	26576	109	245	0	0	*	2
665	26616	107	245	0	0	*	2
666	26656	106	244	0	0	*	2
667	26696	104	244	0	0	*	2
668	26736	102	244	0	0	*	2
669	26776	100	243	0	0	*	2
670	26816	99	243	0	0	*	2
671	26856	97	242	0	0	*	2
672	26896	95	242	0	0	*	2
673	26936	93	242	0	0	*	2
674	26976	92	242	0	0	*	2
675	27016	90	241	0	0	*	2
676	27056	88	241	0	0	*	2
677	27096	87	240	0	0	*	2
678	27136	85	239	0	0	*	2
679	27176	84	239	0	0	*	2
680	27216	82	238	0	0	*	2
681	27256	80	237	0	0	*	2
682	27296	79	237	0	0	*	2
683	27336	77	236	0	0	*	2
684	27376	75	235	0	0	*	2
685	27416	73	234	0	0	*	2
686	27456	72	234	0	0	*	2
687	27496	71	233	0	0	*	2
688	27536	69	232	0	0	*	2
689	27576	67	232	0	0	*	2
690	27616	65	230	0	0	*	2
691	27656	63	229	0	0	*	2
692	27696	61	228	0	0	*	2
693	27736	60	227	0	0	*	2
694	27776	58	226	0	0	*	2
695	27816	57	225	0	0	*	2
696	27856	55	224	0	0	*	2
697	27896	53	222	0	0	*	2
698	27936	51	221	0	0	*	2
699	27976	50	220	0	0	*	2
700	28016	49	218	0	0	*	2
701	28056	47	217	0	0	*	2
702	28096	46	216	0	0	*	2
703	28136	44	214	0	0	*	2
704	28176	42	212	0	0	*	2
705	28216	41	211	0	0	*	2
706	28256	39	209	0	0	*	2
707	28296	37	208	0	0	*	2
708	28336	36	207	0	0	*	2
709	28376	35	205	0	0	*	2
710	28416	33	203	0	0	*	2
711	28456	32	202	0	0	*	2
712	28496	30	200	0	0	*	2
713	28536	29	198	0	0	*	2
714	28576	28	197	0	0	*	2
715	28616	27	195	0	0	*	2
716	28656	25	193	0	0	*	2
717	28696	24	192	0	0	*	2
718	28736	24	190	0	0	*	2
719	28776	23	188	0	0	*	2
720	28816	21	186	0	0	*	2
721	28856	20	185	0	0	*	2
722	28896	20	183	0	0	*	2
723	28936	18	181	0	0	*	2
724	28976	17	179	0	0	*	2
725	29016	17	178	0	0	*	2
726	29056	16	176	0	0	*	2
727	29096	15	174	0	0	*	2
728	29136	14	172	0	0	*	2
729	29176	14	169	0	0	*	2
730	29216	13	167	0	0	*	2
731	29256	12	165	0	0	*	2
732	29296	12	163	0	0	*	2
733	29336	11	161	0	0	*	2
734	29376	10	160	0	0	*	2
735	29416	9	157	0	0	*	2
736	29456	9	155	0	0	*	2
737	29496	8	153	0	0	*	2
738	29536	7	151	0	0	*	2
739	29576	7	148	0	0	*	2
740	29616	7	146	0	0	*	2
741	29656	6	144	0	0	*	2
742	29696	6	142	0	0	*	2
743	29736	5	140	0	0	*	2
744	29776	5	138	0	0	*	2
745	29816	5	136	0	0	*	2
746	29856	5	134	0	0	*	2
747	29896	5	132	0	0	*	2
748	29936	5	130	0	0	*	2
749	29976	5	127	0	0	*	2
750	30016	5	125	0	0	*	2
751	30056	5	123	0	0	*	2
752	30096	5	121	0	0	*	2
753	30136	5	119	0	0	*	2
754	30176	5	116	0	0	*	2
755	30216	5	114	0	0	*	2
756	30256	6	112	0	0	*	2
757	30296	6	110	0	0	*	2
758	30336	6	108	0	0	*	2
759	30376	6	106	0	0	*	2
760	30416	7	104	0	0	*	2
761	30456	7	102	0	0	*	2
762	30496	8	99	0	0	*	2
763	30536	8	98	0	0	*	2
764	30576	9	96	0	0	*	2
765	30616	9	94	0	0	*	2
766	30656	10	92	0	0	*	2
767	30696	10	91	0	0	*	2
768	30736	11	88	0	0	*	2
769	30776	12	86	0	0	*	2
770	30816	12	84	0	0	*	2
771	30856	13	82	0	0	*	2
772	30896	14	80	0	0	*	2
773	30936	15	78	0	0	*	2
774	30976	15	76	0	0	*	2
775	31016	16	74	0	0	*	2
776	31056	17	73	0	0	*	2
777	31096	18	71	0	0	*	2
778	31136	19	70	0	0	*	2
779	31176	20	68	0	0	*	2
780	31216	21	66	0	0	*	2
781	31256	22	64	0	0	*	2
782	31296	23	63	0	0	*	2
783	31336	24	61	0	0	*	2
784	31376	24	60	0	0	*	2
785	31416	26	58	0	0	*	2
786	31456	26	57	0	0	*	2
787	31496	28	55	0	0	*	2
788	31536	29	53	0	0	*	2
789	31576	30	52	0	0	*	2
790	31616	31	51	0	0	*	2
791	31656	32	49	0	0	*	2
792	31696	33	48	0	0	*	2
793	31736	35	46	0	0	*	2
794	31776	36	45	0	0	*	2
795	31816	37	44	0	0	*	2
796	31856	38	42	0	0	*	2
797	31896	40	41	0	0	*	2
798	31936	41	40	0	0	*	2
799	31976	42	39	0	0	*	2
800	32016	43	37	0	0	*	2
801	32056	44	36	0	0	*	2
802	32096	45	35	0	0	*	2
803	32136	47	34	0	0	*	2
804	32176	48	32	0	0	*	2
805	32216	50	31	0	0	*	2
806	32256	51	30	0	0	*	2
807	32296	53	28	0	0	*	2
808	32336	54	27	0	0	*	2
809	32376	55	26	0	0	*	2
810	32416	57	25	0	0	*	2
811	32456	58	25	0	0	*	2
812	32496	59	24	0	0	*	2
813	32536	61	23	0	0	*	2
814	32576	62	22	0	0	*	2
815	32616	64	21	0	0	*	2
816	32656	65	20	0	0	*	2
817	32696	67	20	0	0	*	2
818	32736	68	19	0	0	*	2
819	32776	69	18	0	0	*	2
820	32816	71	17	0	0	*	2
821	32856	72	17	0	0	*	2
822	32896	74	16	0	0	*	2
823	32936	75	15	0	0	*	2
824	32976	76	15	0	0	*	2
825	33016	78	14	0	0	*	2
826	33056	80	13	0	0	*	2
827	33096	81	13	0	0	*	2
828	33136	83	11	0	0	*	2
829	33176	84	11	0	0	*	2
830	33216	85	11	0	0	*	2
831	33256	86	10	0	0	*	2
832	33296	88	10	0	0	*	2
833	33336	89	9	0	0	*	2
834	33376	91	8	0	0	*	2
835	33416	92	8	0	0	*	2
836	33456	94	7	0	0	*	2
837	33496	96	7	0	0	*	2
838	33536	97	7	0	0	*	2
839	33576	98	6	0	0	*	2
840	33616	100	6	0	0	*	2
841	33656	101	6	0	0	*	2
842	33696	103	5	0	0	*	2
843	33736	104	5	0	0	*	2
844	33776	105	5	0	0	*	2
845	33816	107	5	0	0	*	2
846	33856	109	4	0	0	*	2
847	33896	110	4	0	0	*	2
848	33936	112	4	0	0	*	2
849	33976	113	4	0	0	*	2
850	34016	115	4	0	0	*	2
851	34056	115	4	0	0	*	2
852	34096	117	4	0	0	*	2
853	34136	119	3	0	0	*	2
854	34176	121	3	0	0	*	2
855	34216	122	3	0	0	*	2
856	34256	123	3	0	0	*	2
857	34296	125	3	0	0	*	2
858	34336	127	3	0	0	*	2
859	34376	129	3	0	0	*	2
860	34416	130	3	0	0	*	2
861	34456	131	3	0	0	*	2
862	34496	133	3	0	0	*	2
863	34536	134	3	0	0	*	2
864	34576	136	3	0	0	*	2
865	34616	137	3	0	0	*	2
866	34656	139	3	0	0	*	2
867	34696	141	3	0	0	*	2
868	34736	144	4	0	0	*	2
869	34776	146	4	0	0	*	2
870	34816	147	4	0	0	*	2
871	34856	149	5	0	0	*	2
872	34896	151	5	0	0	*	2
873	34936	153	5	0	0	*	2
874	34976	156	6	0	0	*	2
875	35016	158	6	0	0	*	2
876	35056	159	7	0	0	*	2
877	35096	162	8	0	0	*	2
878	35136	163	8	0	0	*	2
879	35176	165	9	0	0	*	2
880	35216	167	10	0	0	*	2
881	35256	170	10	0	0	*	2
882	35296	172	11	0	0	*	2
883	35336	174	12	0	0	*	2
884	35376	176	13	0	0	*	2
885	35416	179	15	0	0	*	2
886	35456	181	16	0	0	*	2
887	35496	182	17	0	0	*	2
888	35536	184	18	0	0	*	2
889	35576	186	19	0	0	*	2
890	35616	188	20	0	0	*	2
891	35656	191	21	0	0	*	2
892	35696	193	23	0	0	*	2
893	35736	194	23	0	0	*	2
894	35776	196	25	0	0	*	2
895	35816	197	26	0	0	*	2
896	35856	199	27	0	0	*	2
897	35896	202	28	0	0	*	2
898	35936	203	30	0	0	*	2
899	35976	204	31	0	0	*	2
900	36016	206	32	0	0	*	2
901	36056	207	34	0	0	*	2
902	36096	208	35	0	0	*	2
903	36136	209	36	0	0	*	2
904	36176	211	38	0	0	*	2
905	36216	212	39	0	0	*	2
906	36256	215	42	0	0	*	2
907	36296	216	43	0	0	*	2
908	36336	217	43	0	0	*	2
909	36376	218	44	0	0	*	2
910	36416	218	45	0	0	*	2
911	36456	219	46	0	0	*	2
912	36496	221	48	0	0	*	2
913	36536	223	50	0	0	*	2
914	36576	224	51	0	0	*	2
915	36616	225	53	0	0	*	2
916	36656	226	54	0	0	*	2
917	36696	227	55	0	0	*	2
918	36736	229	58	0	0	*	2
919	36776	230	59	0	0	*	2
920	36816	231	60	0	0	*	2
921	36856	232	62	0	0	*	2
922	36896	232	63	0	0	*	2
923	36936	233	65	0	0	*	2
924	36976	235	67	0	0	*	2
925	37016	236	68	0	0	*	2
926	37056	236	70	0	0	*	2
927	37096	237	71	0	0	*	2
928	37136	238	72	0	0	*	2
929	37176	238	72	0	0	*	2
930	37216	238	74	0	0	*	2
931	37256	240	77	0	0	*	2
932	37296	241	78	0	0	*	2
933	37336	241	79	0	0	*	2
934	37376	242	81	0	0	*	2
935	37416	242	82	0	0	*	2
936	37456	243	83	0	0	*	2
937	37496	243	84	0	0	*	2
938	37536	243	86	0	0	*	2
939	37576	244	87	0	0	*	2
940	37616	245	91	0	0	*	2
941	37656	245	91	0	0	*	2
942	37696	245	93	0	0	*	2
943	37736	246	94	0	0	*	2
944	37776	247	96	0	0	*	2
945	37816	247	98	0	0	*	2
946	37856	248	100	0	0	*	2
947	37896	248	101	0	0	*	2
948	37936	248	103	0	0	*	2
949	37976	249	105	0	0	*	2
950	38016	249	107	0	0	*	2
951	38056	249	110	0	0	*	2
952	38096	250	111	0	0	*	2
953	38136	249	112	0	0	*	2
954	38176	249	115	0	0	*	2
955	38216	250	116	0	0	*	2
956	38256	250	119	0	0	*	2
957	38296	250	121	0	0	*	2
958	38336	250	123	0	0	*	2
959	38376	250	125	0	0	*	2
960	38416	250	127	0	0	*	2
961	38456	250	130	0	0	*	2
962	38496	250	132	0	0	*	2
963	38536	250	135	0	0	*	2
964	38576	249	136	0	0	*	2
965	38616	249	138	0	0	*	2
966	38656	248	140	0	0	*	2
967	38696	248	143	0	0	*	2
968	38736	248	145	0	0	*	2
969	38776	247	147	0	0	*	2
970	38816	247	149	0	0	*	2
971	38856	246	151	0	0	*	2
972	38896	246	153	0	0	*	2
973	38936	245	156	0	0	*	2
974	38976	245	157	0	0	*	2
975	39016	244	160	0	0	*	2
976	39056	244	161	0	0	*	2
977	39096	243	162	0	0	*	2
978	39136	243	165	0	0	*	2
979	39176	242	166	0	0	*	2
980	39216	242	168	0	0	*	2
981	39256	241	170	0	0	*	2
982	39296	240	172	0	0	*	2
983	39336	239	174	0	0	*	2
984	39376	238	176	0	0	*	2
985	39416	238	178	0	0	*	2
986	39456	237	179	0	0	*	2
987	39496	236	181	0	0	*	2
988	39536	235	182	0	0	*	2
989	39576	234	184	0	0	*	2
990	39616	233	186	0	0	*	2
991	39656	232	188	0	0	*	2
992	39696	231	190	0	0	*	2
993	39736	230	192	0	0	*	2
994	39776	229	192	0	0	*	2
995	39816	228	193	0	0	*	2
996	39856	227	195	0	0	*	2
997	39896	226	197	0	0	*	2
998	39936	225	199	0	0	*	2
999	39976	224	200	0	0	*	2
1000	40016	223	201	0	0	*	2
1001	40056	222	203	0	0	*	2
1002	40096	220	205	0	0	*	2
1003	40136	219	206	0	0	*	2
1004	40176	219	207	0	0	*	2
1005	40216	218	208	0	0	*	2
1006	40256	217	209	0	0	*	2
1007	40296	215	210	0	0	*	2
1008	40336	214	211	0	0	*	2
1009	40376	213	212	0	0	*	2
1010	40416	212	213	0	0	*	2
1011	40456	211	214	0	0	*	2
1012	40496	210	215	0	0	*	2
1013	40536	208	217	0	0	*	2
1014	40576	207	218	0	0	*	2
1015	40616	206	219	0	0	*	2
1016	40656	205	220	0	0	*	2
1017	40696	204	221	0	0	*	2
1018	40736	203	221	0	0	*	2
1019	40776	201	223	0	0	*	2
1020	40816	200	224	0	0	*	2
1021	40856	199	225	0	0	*	2
1022	40896	198	225	0	0	*	2
1023	40936	196	226	0	0	*	2
1024	40976	194	227	0	0	*	2
1025	41016	193	228	0	0	*	2
1026	41056	192	229	0	0	*	2
1027	41096	191	230	0	0	*	2
1028	41136	189	231	0	0	*	2
1029	41176	187	232	0	0	*	2
1030	41216	185	233	0	0	*	2
1031	41256	184	234	0	0	*	2
1032	41296	182	234	0	0	*	2
1033	41336	181	235	0	0	*	2
1034	41376	180	236	0	0	*	2
1035	41416	177	237	0	0	*	2
1036	41456	176	237	0	0	*	2
1037	41496	174	238	0	0	*	2
1038	41536	172	239	0	0	*	2
1039	41576	171	239	0	0	*	2
1040	41616	170	240	0	0	*	2
1041	41656	167	240	0	0	*	2
1042	41696	166	241	0	0	*	2
1043	41736	164	241	0	0	*	2
1044	41776	162	242	0	0	*	2
1045	41816	161	242	0	0	*	2
1046	41856	158	243	0	0	*	2
1047	41896	157	243	0	0	*	2
1048	41936	155	243	0	0	*	2
1049	41976	153	244	0	0	*	2
1050	42016	151	245	0	0	*	2
1051	42056	149	245	0	0	*	2
1052	42096	146	245	0	0	*	2
1053	42136	145	245	0	0	*	2
1054	42176	143	245	0	0	*	2
1055	42216	140	246	0	0	*	2
1056	42256	138	246	0	0	*	2
1057	42296	135	246	0	0	*	2
1058	42336	133	246	0	0	*	2
1059	42376	131	246	0	0	*	2
1060	42416	128	246	0	0	*	2
1061	42456	126	246	0	0	*	2
1062	42496	123	246	0	0	*	2
1063	42536	121	246	0	0	*	2
1064	42576	119	246	0	0	*	2
1065	42616	116	246	0	0	*	2
1066	42656	114	246	0	0	*	2
1067	42696	111	245	0	0	*	2
1068	42736	109	245	0	0	*	2
1069	42776	107	244	0	0	*	2
1070	42816	105	244	0	0	*	2
1071	42856	103	244	0	0	*	2
1072	42896	100	243	0	0	*	2
1073	42936	98	243	0	0	*	2
1074	42976	96	242	0	0	*	2
1075	43016	94	241	0	0	*	2
1076	43056	92	241	0	0	*	2
1077	43096	90	240	0	0	*	2
1078	43136	88	240	0	0	*	2
1079	43176	85	239	0	0	*	2
1080	43216	84	238	0	0	*	2
1081	43256	82	238	0	0	*	2
1082	43296	79	237	0	0	*	2
1083	43336	78	236	0	0	*	2
1084	43376	76	235	0	0	*	2
1085	43416	74	234	0	0	*	2
1086	43456	72	233	0	0	*	2
1087	43496	70	232	0	0	*	2
1088	43536	69	232	0	0	*	2
1089	43576	67	230	0	0	*	2
1090	43616	65	229	0	0	*	2
1091	43656	63	228	0	0	*	2
1092	43696	61	227	0	0	*	2
1093	43736	60	226	0	0	*	2
1094	43776	59	225	0	0	*	2
1095	43816	57	224	0	0	*	2
1096	43856	55	223	0	0	*	2
1097	43896	54	222	0	0	*	2
1098	43936	52	221	0	0	*	2
1099	43976	51	219	0	0	*	2
1100	44016	49	218	0	0	*	2
1101	44056	49	217	0	0	*	2
1102	44096	47	216	0	0	*	2
1103	44136	45	214	0	0	*	2
1104	44176	44	213	0	0	*	2
1105	44216	42	212	0	0	*	2
1106	44256	41	210	0	0	*	2
1107	44296	40	209	0	0	*	2
1108	44336	38	208	0	0	*	2
1109	44376	37	207	0	0	*	2
1110	44416	36	205	0	0	*	2
1111	44456	35	204	0	0	*	2
1112	44496	34	203	0	0	*	2
1113	44536	32	201	0	0	*	2
1114	44576	31	199	0	0	*	2
1115	44616	30	198	0	0	*	2
1116	44656	29	197	0	0	*	2
1117	44696	27	195	0	0	*	2
1118	44736	26	194	0	0	*	2
1119	44776	25	192	0	0	*	2
1120	44816	24	191	0	0	*	2
1121	44856	24	189	0	0	*	2
1122	44896	22	187	0	0	*	2
1123	44936	21	186	0	0	*	2
1124	44976	21	185	0	0	*	2
1125	45016	20	183	0	0	*	2
1126	45056	19	182	0	0	*	2
1127	45096	18	179	0	0	*	2
1128	45136	17	177	0	0	*	2
1129	45176	16	175	0	0	*	2
1130	45216	15	173	0	0	*	2
1131	45256	14	172	0	0	*	2
1132	45296	14	170	0	0	*	2
1133	45336	13	168	0	0	*	2
1134	45376	12	166	0	0	*	2
1135	45416	12	165	0	0	*	2
1136	45456	11	162	0	0	*	2
1137	45496	11	161	0	0	*	2
1138	45536	10	159	0	0	*	2
1139	45576	9	156	0	0	*	2
1140	45616	9	155	0	0	*	2
1141	45656	8	152	0	0	*	2
1142	45696	7	150	0	0	*	2
1143	45736	7	148	0	0	*	2
1144	45776	6	145	0	0	*	2
1145	45816	6	143	0	0	*	2
1146	45856	5	141	0	0	*	2
1147	45896	5	139	0	0	*	2
1148	45936	5	137	0	0	*	2
1149	45976	5	134	0	0	*	2
1150	46016	4	132	0	0	*	2
1151	46056	4	130	0	0	*	2
1152	46096	4	128	0	0	*	2
1153	46136	4	125	0	0	*	2
1154	46176	4	123	0	0	*	2
1155	46216	5	121	0	0	*	2
1156	46256	5	119	0	0	*	2
1157	46296	5	117	0	0	*	2
1158	46336	5	115	0	0	*	2
1159	46376	6	112	0	0	*	2
1160	46416	6	110	0	0	*	2
1161	46456	6	109	0	0	*	2
1162	46496	6	106	0	0	*	2
1163	46536	7	104	0	0	*	2
1164	46576	7	102	0	0	*	2
1165	46616	8	100	0	0	*	2
1166	46656	8	98	0	0	*	2
1167	46696	9	96	0	0	*	2
1168	46736	9	94	0	0	*	2
1169	46776	10	92	0	0	*	2
1170	46816	10	91	0	0	*	2
1171	46856	11	89	0	0	*	2
1172	46896	11	87	0	0	*	2
1173	46936	12	85	0	0	*	2
1174	46976	12	83	0	0	*	2
1175	47016	13	81	0	0	*	2
1176	47056	14	79	0	0	*	2
1177	47096	15	77	0	0	*	2
1178	47136	16	75	0	0	*	2
1179	47176	16	74	0	0	*	2
1180	47216	18	71	0	0	*	2
1181	47256	18	70	0	0	*	2
1182	47296	19	68	0	0	*	2
1183	47336	21	66	0	0	*	2
1184	47376	21	65	0	0	*	2
1185	47416	22	63	0	0	*	2
1186	47456	24	61	0	0	*	2
1187	47496	24	59	0	0	*	2
1188	47536	25	58	0	0	*	2
1189	47576	27	56	0	0	*	2
1190	47616	28	54	0	0	*	2
1191	47656	29	52	0	0	*	2
1192	47696	30	51	0	0	*	2
1193	47736	32	49	0	0	*	2
1194	47776	33	47	0	0	*	2
1195	47816	34	46	0	0	*	2
1196	47856	36	45	0	0	*	2
1197	47896	37	43	0	0	*	2
1198	47936	38	42	0	0	*	2
1199	47976	40	40	0	0	*	2
1200	48016	41	39	0	0	*	2
1201	48056	43	37	0	0	*	2
1202	48096	44	36	0	0	*	2
1203	48136	46	34	0	0	*	2
1204	48176	47	33	0	0	*	2
1205	48216	49	32	0	0	*	2
1206	48256	50	30	0	0	*	2
1207	48296	52	29	0	0	*	2
1208	48336	53	28	0	0	*	2
1209	48376	55	27	0	0	*	2
1210	48416	57	26	0	0	*	2
1211	48456	59	24	0	0	*	2
1212	48496	60	23	0	0	*	2
1213	48536	62	23	0	0	*	2
1214	48576	63	22	0	0	*	2
1215	48616	65	21	0	0	*	2
1216	48656	67	20	0	0	*	2
1217	48696	69	19	0	0	*	2
1218	48736	70	18	0	0	*	2
1219	48776	72	17	0	0	*	2
1220	48816	74	16	0	0	*	2
1221	48856	75	15	0	0	*	2
1222	48896	77	15	0	0	*	2
1223	48936	79	14	0	0	*	2
1224	48976	81	13	0	0	*	2
1225	49016	83	12	0	0	*	2
1226	49056	84	12	0	0	*	2
1227	49096	86	11	0	0	*	2
1228	49136	87	11	0	0	*	2
1229	49176	89	10	0	0	*	2
1230	49216	91	10	0	0	*	2
1231	49256	92	9	0	0	*	2
1232	49296	94	9	0	0	*	2
1233	49336	95	8	0	0	*	2
1234	49376	97	8	0	0	*	2
1235	49416	97	8	0	0	*	2
1236	49456	99	7	0	0	*	2
1237	49496	101	7	0	0	*	2
1238	49536	102	6	0	0	*	2
1239	49576	103	7	0	0	*	2
1240	49616	104	6	0	0	*	2
1241	49656	107	5	0	0	*	2
1242	49696	108	5	0	0	*	2
1243	49736	109	5	0	0	*	2
1244	49776	111	5	0	0	*	2
1245	49816	112	4	0	0	*	2
1246	49856	113	4	0	0	*	2
1247	49896	114	4	0	0	*	2
1248	49936	117	4	0	0	*	2
1249	49976	118	4	0	0	*	2
1250	50016	120	3	0	0	*	2
1251	50056	121	3	0	0	*	2
1252	50096	123	3	0	0	*	2
1253	50136	124	3	0	0	*	2
1254	50176	126	3	0	0	*	2
1255	50216	128	3	0	0	*	2
1256	50256	130	3	0	0	*	2
1257	50296	132	3	0	0	*	2
1258	50336	134	3	0	0	*	2
1259	50376	135	3	0	0	*	2
1260	50416	137	3	0	0	*	2
1261	50456	140	4	0	0	*	2
1262	50496	142	4	0	0	*	2
1263	50536	144	5	0	0	*	2
1264	50576	146	5	0	0	*	2
1265	50616	148	5	0	0	*	2
1266	50656	150	6	0	0	*	2
1267	50696	152	6	0	0	*	2
1268	50736	154	6	0	0	*	2
1269	50776	156	7	0	0	*	2
1270	50816	158	7	0	0	*	2
1271	50856	160	8	0	0	*	2
1272	50896	162	8	0	0	*	2
1273	50936	164	9	0	0	*	2
1274	50976	166	10	0	0	*	2
1275	51016	167	10	0	0	*	2
1276	51056	169	11	0	0	*	2
1277	51096	171	11	0	0	*	2
1278	51136	173	12	0	0	*	2
1279	51176	175	13	0	0	*	2
1280	51216	177	14	0	0	*	2
1281	51256	179	15	0	0	*	2
1282	51296	179	15	0	0	*	2
1283	51336	182	16	0	0	*	2
1284	51376	183	17	0	0	*	2
1285	51416	184	18	0	0	*	2
1286	51456	186	19	0	0	*	2
1287	51496	187	20	0	0	*	2
1288	51536	188	21	0	0	*	2
1289	51576	190	22	0	0	*	2
1290	51616	191	22	0	0	*	2
1291	51656	192	23	0	0	*	2
1292	51696	193	23	0	0	*	2
1293	51736	194	24	0	0	*	2
1294	51776	194	24	0	0	*	2
1295	51816	195	25	0	0	*	2
1296	51856	196	26	0	0	*	2
1297	51896	196	26	0	0	*	2
1298	51936	196	26	0	0	*	2
1299	51976	197	27	0	0	*	2
1300	52016	197	27	0	0	*	2
1301	52056	198	27	0	0	*	2
1302	52096	198	28	0	0	*	2
1303	52136	199	28	0	0	*	2
1304	52176	199	27	0	0	*	2
1305	52216	198	27	0	0	*	2
1306	52256	198	27	0	0	*	2
1307	52296	198	27	0	0	*	2
1308	52336	198	26	0	0	*	2
1309	52376	197	26	0	0	*	2
1310	52416	196	25	0	0	*	2
1311	52456	196	25	0	0	*	2
1312	52496	195	25	0	0	*	2
1313	52536	195	25	0	0	*	2
1314	52576	194	25	0	0	*	2
1315	52616	193	26	0	0	*	2
1316	52656	192	26	0	0	*	2
1317	52696	191	25	0	0	*	2
1318	52736	191	25	0	0	*	2
1319	52776	190	26	0	0	*	2
1320	52816	190	27	0	0	*	2
1321	52856	190	27	0	0	*	2
1322	52896	189	28	0	0	*	2
1323	52936	189	28	0	0	*	2
1324	52976	187	28	0	0	*	2
1325	53016	186	27	0	0	*	2
1326	53056	185	27	0	0	*	2
1327	53096	183	27	0	0	*	2
1328	53136	182	27	0	0	*	2
1329	53176	180	28	0	0	*	2
1330	53216	178	28	0	0	*	2
1331	53256	176	28	0	0	*	2
1332	53296	174	28	0	0	*	2
1333	53336	172	28	0	0	*	2
1334	53376	171	29	0	0	*	2
1335	53416	169	29	0	0	*	2
1336	53456	167	30	0	0	*	2
1337	53496	164	30	0	0	*	2
1338	53536	162	31	0	0	*	2
1339	53576	160	31	0	0	*	2
1340	53616	158	32	0	0	*	2
1341	53656	156	32	0	0	*	2
1342	53696	154	33	0	0	*	2
1343	53736	152	34	0	0	*	2
1344	53776	150	35	0	0	*	2
1345	53816	147	36	0	0	*	2
1346	53856	146	37	0	0	*	2
1347	53896	144	38	0	0	*	2
1348	53936	142	39	0	0	*	2
1349	53976	141	40	0	0	*	2
1350	54016	139	42	0	0	*	2
1351	54056	137	43	0	0	*	2
1352	54096	135	45	0	0	*	2
1353	54136	134	46	0	0	*	2
1354	54176	132	47	0	0	*	2
1355	54216	131	49	0	0	*	2
1356	54256	129	50	0	0	*	2
1357	54296	128	52	0	0	*	2
1358	54336	126	54	0	0	*	2
1359	54376	125	56	0	0	*	2
1360	54416	124	57	0	0	*	2
1361	54456	123	59	0	0	*	2
1362	54496	122	61	0	0	*	2
1363	54536	121	62	0	0	*	2
1364	54576	119	65	0	0	*	2
1365	54616	118	67	0	0	*	2
1366	54656	117	69	0	0	*	2
1367	54696	116	71	0	0	*	2
1368	54736	114	73	0	0	*	2
1369	54776	113	75	0	0	*	2
1370	54816	112	77	0	0	*	2
1371	54856	111	80	0	0	*	2
1372	54896	111	82	0	0	*	2
1373	54936	110	84	0	0	*	2
1374	54976	109	87	0	0	*	2
1375	55016	109	89	0	0	*	2
1376	55056	109	92	0	0	*	2
1377	55096	108	94	0	0	*	2
1378	55136	108	96	0	0	*	2
1379	55176	107	98	0	0	*	2
1380	55216	107	100	0	0	*	2
1381	55256	107	103	0	0	*	2
1382	55296	107	105	0	0	*	2
1383	55336	107	108	0	0	*	2
1384	55376	107	110	0	0	*	2
1385	55416	107	113	0	0	*	2
1386	55456	107	115	0	0	*	2
1387	55496	107	117	0	0	*	2
1388	55536	107	119	0	0	*	2
1389	55576	108	123	0	0	*	2
1390	55616	108	125	0	0	*	2
1391	55656	108	128	0	0	*	2
1392	55696	109	130	0	0	*	2
1393	55736	109	133	0	0	*	2
1394	55776	109	135	0	0	*	2
1395	55816	110	138	0	0	*	2
1396	55856	111	140	0	0	*	2
1397	55896	111	142	0	0	*	2
1398	55936	112	144	0	0	*	2
1399	55976	113	147	0	0	*	2
1400	56016	114	149	0	0	*	2
1401	56056	114	151	0	0	*	2
1402	56096	115	154	0	0	*	2
1403	56136	116	156	0	0	*	2
1404	56176	118	159	0	0	*	2
1405	56216	118	161	0	0	*	2
1406	56256	119	162	0	0	*	2
1407	56296	120	164	0	0	*	2
1408	56336	120	166	0	0	*	2
1409	56376	121	168	0	0	*	2
1410	56416	122	171	0	0	*	2
1411	56456	123	173	0	0	*	2
1412	56496	124	175	0	0	*	2
1413	56536	125	178	0	0	*	2
1414	56576	126	179	0	0	*	2
1415	56616	127	182	0	0	*	2
1416	56656	128	184	0	0	*	2
1417	56696	129	187	0	0	*	2
1418	56736	130	188	0	0	*	2
1419	56776	131	190	0	0	*	2
1420	56816	132	193	0	0	*	2
1421	56856	132	194	0	0	*	2
1422	56896	133	196	0	0	*	2
1423	56936	134	199	0	0	*	2
1424	56976	134	201	0	0	*	2
1425	57016	136	203	0	0	*	2
1426	57056	137	205	0	0	*	2
1427	57096	138	207	0	0	*	2
1428	57136	138	209	0	0	*	2
1429	57176	139	211	0	0	*	2
1430	57216	140	213	0	0	*	2
1431	57256	141	215	0	0	*	2
1432	57296	142	217	0	0	*	2
1433	57336	143	219	0	0	*	2
1434	57376	145	222	0	0	*	2
1435	57416	145	223	0	0	*	2
1436	57456	146	225	0	0	*	2
1437	57496	147	227	0	0	*	2
1438	57536	148	229	0	0	*	2
1439	57576	149	231	0	0	*	2
1440	57616	151	233	0	0	*	2
1441	57656	152	235	0	0	*	2
1442	57696	153	236	0	0	*	2
1443	57736	155	238	0	0	*	2
1444	57776	156	239	0	0	*	2
1445	57816	157	240	0	0	*	2
1446	57856	158	240	0	0	*	2
1447	57896	159	240	0	0	*	2
1448	57936	160	239	0	0	*	2
1449	57976	160	238	0	0	*	2
1450	58016	161	237	0	0	*	2
1451	58056	162	237	0	0	*	2
1452	58096	163	236	0	0	*	2
1453	58136	164	236	0	0	*	2
1454	58176	165	236	0	0	*	2
1455	58216	166	235	0	0	*	2
1456	58256	168	233	0	0	*	2
1457	58296	169	232	0	0	*	2
1458	58336	170	231	0	0	*	2
1459	58376	171	230	0	0	*	2
1460	58416	172	229	0	0	*	2
1461	58456	173	228	0	0	*	2
1462	58496	174	226	0	0	*	2
1463	58536	176	224	0	0	*	2
1464	58576	177	223	0	0	*	2
1465	58616	178	221	0	0	*	2
1466	58656	179	220	0	0	*	2
1467	58696	180	219	0	0	*	2
1468	58736	182	216	0	0	*	2
1469	58776	183	215	0	0	*	2
1470	58816	184	213	0	0	*	2
1471	58856	186	212	0	0	*	2
1472	58896	187	210	0	0	*	2
1473	58936	188	209	0	0	*	2
1474	58976	189	207	0	0	*	2
1475	59016	191	206	0	0	*	2
1476	59056	192	204	0	0	*	2
1477	59096	193	202	0	0	*	2
1478	59136	194	201	0	0	*	2
1479	59176	195	199	0	0	*	2
1480	59216	196	197	0	0	*	2
1481	59256	197	195	0	0	*	2
1482	59296	198	193	0	0	*	2
1483	59336	199	191	0	0	*	2
1484	59376	200	189	0	0	*	2
1485	59416	201	187	0	0	*	2
1486	59456	202	186	0	0	*	2
1487	59496	203	184	0	0	*	2
1488	59536	204	182	0	0	*	2
1489	59576	205	180	0	0	*	2
1490	59616	206	178	0	0	*	2
1491	59656	206	176	0	0	*	2
1492	59696	208	174	0	0	*	2
1493	59736	209	172	0	0	*	2
1494	59776	209	170	0	0	*	2
1495	59816	210	168	0	0	*	2
1496	59856	211	167	0	0	*	2
1497	59896	212	165	0	0	*	2
1498	59936	213	163	0	0	*	2
1499	59976	214	161	0	0	*	2
1500	60016	215	159	0	0	*	2
1501	60056	216	157	0	0	*	2
1502	60096	216	155	0	0	*	2
1503	60136	217	153	0	0	*	2
1504	60176	218	152	0	0	*	2
1505	60216	219	149	0	0	*	2
1506	60256	220	146	0	0	*	2
1507	60296	220	145	0	0	*	2
1508	60336	221	144	0	0	*	2
1509	60376	222	141	0	0	*	2
1510	60416	223	139	0	0	*	2
1511	60456	223	138	0	0	*	2
