%%BEGIN_HEADER
	%%BEGIN DATABASE_INFORMATION
		%Date.0 ( 30.9.2019 )
		%Time.0 ( 15:03 )
	%%END DATABASE_INFORMATION
	%%BEGIN SETUP_INFORMATION
		%TrackerVersion.0 ( Tracker version 2.38 release 12.8.2012 )
		%ElapsedTime_ms.0 ( 69699 )
		%Paradigm.0 ( PlacePreference )
		%FeederParameters.0 ( 1500 0 )
			// %FeederParameters.0 ( ENTRANCE_LATENCY EXIT_LATENCY )
		%ElapsedPath_m.0 ( 0.00 )
		%ArenaDiameter_m.0 ( 1.80 )
		%TrackerResolution_PixPerCM.0 ( 1.4222 )
		%ArenaCenterXY.0 ( 127.5 127.5 )
		%Frame.0 ( RoomFrame )
		%ReinforcedSector.0 ( 127.5000 216.7500 7 )
			//%ReinforcedSector.0 ( CENTER_X CENTER_Y RADIUS )
		%RoomTrackReinforcedSector.0 ( 127.5000 216.7500 7 )
			//%RoomTrackReinforcedSector.0 ( CENTER_X CENTER_Y RADIUS )
	%%END SETUP_INFORMATION
	%%BEGIN RECORD_FORMAT
		%Sample.0 ( FrameCount 1msTimeStamp RoomX RoomY Sectors State Flags FrameInfo )
			//Sectors indicate if the object is in a target. Number is binary coded. Sectors = 0: no target, Sectors = 1: room target, Sectors: = 2 arena target, Sectors: = 3 room and arena target
			////State indicates the Watermaze State: OutsideTarget = 0, EntranceLatency = 1, InsideTarget = 3, OutsideRefractory = 4, BadSpot = 5
			//FrameInfo indicates succesfuly tracked spots: ReferencePoint * 2^0 + Spot0 * 2^(1+0) + Spot1 * 2^(1+1) + Spot2 * 2^(1+2) .... 
	%%END RECORD_FORMAT
%%END_HEADER
1	59	34	51	0	0	*	2
2	99	37	54	0	0	*	2
3	139	33	53	0	0	*	2
4	179	34	54	0	0	*	2
5	219	39	54	0	0	*	2
6	259	40	55	0	0	*	2
7	299	41	56	0	0	*	2
8	339	42	56	0	0	*	2
9	379	43	57	0	0	*	2
10	419	43	59	0	0	*	2
11	459	43	60	0	0	*	2
12	499	44	62	0	0	*	2
13	539	44	63	0	0	*	2
14	579	44	66	0	0	*	2
15	619	45	68	0	0	*	2
16	659	45	70	0	0	*	2
17	699	45	72	0	0	*	2
18	739	45	75	0	0	*	2
19	779	45	78	0	0	*	2
20	819	45	80	0	0	*	2
21	859	45	84	0	0	*	2
22	899	45	87	0	0	*	2
23	939	45	90	0	0	*	2
24	979	45	93	0	0	*	2
25	1019	45	97	0	0	*	2
26	1059	45	99	0	0	*	2
27	1099	45	103	0	0	*	2
28	1139	45	106	0	0	*	2
29	1179	44	110	0	0	*	2
30	1219	44	114	0	0	*	2
31	1259	44	116	0	0	*	2
32	1299	43	119	0	0	*	2
33	1339	43	122	0	0	*	2
34	1379	42	126	0	0	*	2
35	1419	41	129	0	0	*	2
36	1459	41	132	0	0	*	2
37	1499	40	135	0	0	*	2
38	1539	39	138	0	0	*	2
39	1579	37	142	0	0	*	2
40	1619	36	144	0	0	*	2
41	1659	35	147	0	0	*	2
42	1699	34	150	0	0	*	2
43	1739	32	153	0	0	*	2
44	1779	30	157	0	0	*	2
45	1819	28	160	0	0	*	2
46	1859	26	162	0	0	*	2
47	1899	25	164	0	0	*	2
48	1939	21	168	0	0	*	2
49	1979	20	171	0	0	*	2
50	2019	18	171	0	0	*	2
51	2059	17	172	0	0	*	2
52	2099	17	173	0	0	*	2
53	2139	16	174	0	0	*	2
54	2179	16	175	0	0	*	2
55	2219	17	176	0	0	*	2
56	2259	18	179	0	0	*	2
57	2299	19	180	0	0	*	2
58	2339	19	181	0	0	*	2
59	2379	19	182	0	0	*	2
60	2419	20	182	0	0	*	2
61	2459	20	182	0	0	*	2
62	2499	19	181	0	0	*	2
63	2539	19	181	0	0	*	2
64	2579	19	181	0	0	*	2
65	2619	19	180	0	0	*	2
66	2659	20	179	0	0	*	2
67	2699	20	179	0	0	*	2
68	2739	20	178	0	0	*	2
69	2779	20	177	0	0	*	2
70	2819	19	176	0	0	*	2
71	2859	19	176	0	0	*	2
72	2899	19	175	0	0	*	2
73	2939	20	172	0	0	*	2
74	2979	20	172	0	0	*	2
75	3019	21	169	0	0	*	2
76	3059	17	169	0	0	*	2
77	3099	17	167	0	0	*	2
78	3139	16	166	0	0	*	2
79	3179	15	164	0	0	*	2
80	3219	14	161	0	0	*	2
81	3259	13	158	0	0	*	2
82	3299	12	154	0	0	*	2
83	3339	11	153	0	0	*	2
84	3379	10	150	0	0	*	2
85	3419	9	149	0	0	*	2
86	3459	8	146	0	0	*	2
87	3499	8	144	0	0	*	2
88	3539	7	142	0	0	*	2
89	3579	6	139	0	0	*	2
90	3619	6	138	0	0	*	2
91	3659	6	135	0	0	*	2
92	3699	5	132	0	0	*	2
93	3739	5	129	0	0	*	2
94	3779	5	126	0	0	*	2
95	3819	5	124	0	0	*	2
96	3859	5	121	0	0	*	2
97	3899	5	119	0	0	*	2
98	3939	5	114	0	0	*	2
99	3979	5	111	0	0	*	2
100	4019	6	107	0	0	*	2
101	4059	7	104	0	0	*	2
102	4099	7	103	0	0	*	2
103	4139	8	100	0	0	*	2
104	4179	9	97	0	0	*	2
105	4219	10	94	0	0	*	2
106	4259	11	91	0	0	*	2
107	4299	11	89	0	0	*	2
108	4339	12	86	0	0	*	2
109	4379	13	83	0	0	*	2
110	4419	14	80	0	0	*	2
111	4459	15	78	0	0	*	2
112	4499	17	74	0	0	*	2
113	4539	19	70	0	0	*	2
114	4579	20	68	0	0	*	2
115	4619	21	66	0	0	*	2
116	4659	22	63	0	0	*	2
117	4699	24	61	0	0	*	2
118	4739	26	57	0	0	*	2
119	4779	27	55	0	0	*	2
120	4819	29	53	0	0	*	2
121	4859	31	50	0	0	*	2
122	4899	33	48	0	0	*	2
123	4939	35	46	0	0	*	2
124	4979	37	44	0	0	*	2
125	5019	39	42	0	0	*	2
126	5059	42	39	0	0	*	2
127	5099	44	36	0	0	*	2
128	5139	46	35	0	0	*	2
129	5179	48	32	0	0	*	2
130	5219	50	31	0	0	*	2
131	5259	53	29	0	0	*	2
132	5299	55	26	0	0	*	2
133	5339	57	25	0	0	*	2
134	5379	60	23	0	0	*	2
135	5419	63	21	0	0	*	2
136	5459	66	20	0	0	*	2
137	5499	69	18	0	0	*	2
138	5539	72	17	0	0	*	2
139	5579	74	16	0	0	*	2
140	5619	77	14	0	0	*	2
141	5659	80	13	0	0	*	2
142	5699	83	12	0	0	*	2
143	5739	85	11	0	0	*	2
144	5779	88	10	0	0	*	2
145	5819	91	9	0	0	*	2
146	5859	94	8	0	0	*	2
147	5899	97	7	0	0	*	2
148	5939	99	7	0	0	*	2
149	5979	102	6	0	0	*	2
150	6019	105	5	0	0	*	2
151	6059	108	5	0	0	*	2
152	6099	110	5	0	0	*	2
153	6139	113	4	0	0	*	2
154	6179	116	4	0	0	*	2
155	6219	119	4	0	0	*	2
156	6259	121	3	0	0	*	2
157	6299	124	3	0	0	*	2
158	6339	127	3	0	0	*	2
159	6379	130	3	0	0	*	2
160	6419	132	3	0	0	*	2
161	6459	135	3	0	0	*	2
162	6499	138	3	0	0	*	2
163	6539	140	4	0	0	*	2
164	6579	143	4	0	0	*	2
165	6619	146	4	0	0	*	2
166	6659	148	5	0	0	*	2
167	6699	151	5	0	0	*	2
168	6739	153	6	0	0	*	2
169	6779	156	6	0	0	*	2
170	6819	159	7	0	0	*	2
171	6859	162	8	0	0	*	2
172	6899	164	9	0	0	*	2
173	6939	167	10	0	0	*	2
174	6979	169	11	0	0	*	2
175	7019	172	12	0	0	*	2
176	7059	175	13	0	0	*	2
177	7099	177	14	0	0	*	2
178	7139	180	15	0	0	*	2
179	7179	182	16	0	0	*	2
180	7219	184	18	0	0	*	2
181	7259	188	19	0	0	*	2
182	7299	190	20	0	0	*	2
183	7339	192	21	0	0	*	2
184	7379	194	23	0	0	*	2
185	7419	196	24	0	0	*	2
186	7459	199	26	0	0	*	2
187	7499	201	28	0	0	*	2
188	7539	202	29	0	0	*	2
189	7579	205	31	0	0	*	2
190	7619	206	33	0	0	*	2
191	7659	209	35	0	0	*	2
192	7699	211	37	0	0	*	2
193	7739	213	39	0	0	*	2
194	7779	215	41	0	0	*	2
195	7819	217	43	0	0	*	2
196	7859	219	45	0	0	*	2
197	7899	220	46	0	0	*	2
198	7939	222	48	0	0	*	2
199	7979	224	50	0	0	*	2
200	8019	226	53	0	0	*	2
201	8059	227	55	0	0	*	2
202	8099	229	58	0	0	*	2
203	8139	231	61	0	0	*	2
204	8179	232	63	0	0	*	2
205	8219	234	66	0	0	*	2
206	8259	235	68	0	0	*	2
207	8299	236	70	0	0	*	2
208	8339	238	73	0	0	*	2
209	8379	239	76	0	0	*	2
210	8419	240	78	0	0	*	2
211	8459	241	82	0	0	*	2
212	8499	243	84	0	0	*	2
213	8539	243	87	0	0	*	2
214	8579	244	89	0	0	*	2
215	8619	245	92	0	0	*	2
216	8659	246	94	0	0	*	2
217	8699	246	97	0	0	*	2
218	8739	247	99	0	0	*	2
219	8779	248	102	0	0	*	2
220	8819	248	104	0	0	*	2
221	8859	249	107	0	0	*	2
222	8899	249	110	0	0	*	2
223	8939	249	113	0	0	*	2
224	8979	250	116	0	0	*	2
225	9019	250	117	0	0	*	2
226	9059	250	120	0	0	*	2
227	9099	250	124	0	0	*	2
228	9139	250	126	0	0	*	2
229	9179	250	129	0	0	*	2
230	9219	250	132	0	0	*	2
231	9259	250	134	0	0	*	2
232	9299	249	138	0	0	*	2
233	9339	249	140	0	0	*	2
234	9379	249	143	0	0	*	2
235	9419	248	146	0	0	*	2
236	9459	248	148	0	0	*	2
237	9499	247	151	0	0	*	2
238	9539	246	154	0	0	*	2
239	9579	246	156	0	0	*	2
240	9619	245	159	0	0	*	2
241	9659	244	161	0	0	*	2
242	9699	244	163	0	0	*	2
243	9739	243	166	0	0	*	2
244	9779	242	169	0	0	*	2
245	9819	241	171	0	0	*	2
246	9859	240	174	0	0	*	2
247	9899	239	176	0	0	*	2
248	9939	238	178	0	0	*	2
249	9979	237	181	0	0	*	2
250	10019	235	183	0	0	*	2
251	10059	234	186	0	0	*	2
252	10099	232	188	0	0	*	2
253	10139	231	190	0	0	*	2
254	10179	230	192	0	0	*	2
255	10219	228	195	0	0	*	2
256	10259	226	197	0	0	*	2
257	10299	224	199	0	0	*	2
258	10339	223	201	0	0	*	2
259	10379	221	203	0	0	*	2
260	10419	219	206	0	0	*	2
261	10459	218	208	0	0	*	2
262	10499	216	209	0	0	*	2
263	10539	214	211	0	0	*	2
264	10579	212	213	0	0	*	2
265	10619	210	215	0	0	*	2
266	10659	208	217	0	0	*	2
267	10699	206	219	0	0	*	2
268	10739	204	221	0	0	*	2
269	10779	202	222	0	0	*	2
270	10819	200	224	0	0	*	2
271	10859	197	226	0	0	*	2
272	10899	195	227	0	0	*	2
273	10939	193	229	0	0	*	2
274	10979	191	230	0	0	*	2
275	11019	189	231	0	0	*	2
276	11059	186	232	0	0	*	2
277	11099	184	233	0	0	*	2
278	11139	182	234	0	0	*	2
279	11179	179	236	0	0	*	2
280	11219	177	237	0	0	*	2
281	11259	175	237	0	0	*	2
282	11299	172	239	0	0	*	2
283	11339	170	239	0	0	*	2
284	11379	168	240	0	0	*	2
285	11419	165	241	0	0	*	2
286	11459	163	242	0	0	*	2
287	11499	160	243	0	0	*	2
288	11539	158	243	0	0	*	2
289	11579	155	244	0	0	*	2
290	11619	152	244	0	0	*	2
291	11659	150	245	0	0	*	2
292	11699	148	245	0	0	*	2
293	11739	145	246	0	0	*	2
294	11779	142	246	0	0	*	2
295	11819	139	246	0	0	*	2
296	11859	136	247	0	0	*	2
297	11899	134	247	0	0	*	2
298	11939	131	247	0	0	*	2
299	11979	129	247	0	0	*	2
300	12019	126	247	0	0	*	2
301	12059	122	247	0	0	*	2
302	12099	120	247	0	0	*	2
303	12139	117	246	0	0	*	2
304	12179	113	246	0	0	*	2
305	12219	110	245	0	0	*	2
306	12259	108	245	0	0	*	2
307	12299	105	245	0	0	*	2
308	12339	102	244	0	0	*	2
309	12379	98	243	0	0	*	2
310	12419	96	243	0	0	*	2
311	12459	93	242	0	0	*	2
312	12499	89	242	0	0	*	2
313	12539	87	241	0	0	*	2
314	12579	85	240	0	0	*	2
315	12619	82	239	0	0	*	2
316	12659	80	238	0	0	*	2
317	12699	77	236	0	0	*	2
318	12739	75	235	0	0	*	2
319	12779	73	234	0	0	*	2
320	12819	70	233	0	0	*	2
321	12859	68	232	0	0	*	2
322	12899	66	230	0	0	*	2
323	12939	63	229	0	0	*	2
324	12979	61	227	0	0	*	2
325	13019	59	225	0	0	*	2
326	13059	56	223	0	0	*	2
327	13099	54	222	0	0	*	2
328	13139	52	220	0	0	*	2
329	13179	49	218	0	0	*	2
330	13219	48	216	0	0	*	2
331	13259	45	214	0	0	*	2
332	13299	43	212	0	0	*	2
333	13339	41	210	0	0	*	2
334	13379	38	208	0	0	*	2
335	13419	36	206	0	0	*	2
336	13459	35	204	0	0	*	2
337	13499	32	201	0	0	*	2
338	13539	31	199	0	0	*	2
339	13579	29	197	0	0	*	2
340	13619	27	195	0	0	*	2
341	13659	25	193	0	0	*	2
342	13699	24	190	0	0	*	2
343	13739	23	188	0	0	*	2
344	13779	21	186	0	0	*	2
345	13819	20	184	0	0	*	2
346	13859	19	182	0	0	*	2
347	13899	18	180	0	0	*	2
348	13939	17	178	0	0	*	2
349	13979	16	176	0	0	*	2
350	14019	15	174	0	0	*	2
351	14059	14	171	0	0	*	2
352	14099	12	167	0	0	*	2
353	14139	12	165	0	0	*	2
354	14179	12	164	0	0	*	2
355	14219	11	161	0	0	*	2
356	14259	10	159	0	0	*	2
357	14299	10	157	0	0	*	2
358	14339	9	154	0	0	*	2
359	14379	8	152	0	0	*	2
360	14419	8	149	0	0	*	2
361	14459	7	145	0	0	*	2
362	14499	7	143	0	0	*	2
363	14539	6	141	0	0	*	2
364	14579	6	139	0	0	*	2
365	14619	6	137	0	0	*	2
366	14659	5	134	0	0	*	2
367	14699	5	131	0	0	*	2
368	14739	5	128	0	0	*	2
369	14779	5	125	0	0	*	2
370	14819	5	123	0	0	*	2
371	14859	5	120	0	0	*	2
372	14899	6	115	0	0	*	2
373	14939	6	114	0	0	*	2
374	14979	6	110	0	0	*	2
375	15019	6	109	0	0	*	2
376	15059	6	106	0	0	*	2
377	15099	7	104	0	0	*	2
378	15139	8	100	0	0	*	2
379	15179	8	97	0	0	*	2
380	15219	9	94	0	0	*	2
381	15259	10	92	0	0	*	2
382	15299	11	89	0	0	*	2
383	15339	11	87	0	0	*	2
384	15379	12	85	0	0	*	2
385	15419	13	81	0	0	*	2
386	15459	14	79	0	0	*	2
387	15499	15	77	0	0	*	2
388	15539	16	74	0	0	*	2
389	15579	18	72	0	0	*	2
390	15619	19	69	0	0	*	2
391	15659	20	66	0	0	*	2
392	15699	22	64	0	0	*	2
393	15739	23	62	0	0	*	2
394	15779	24	59	0	0	*	2
395	15819	26	57	0	0	*	2
396	15859	28	54	0	0	*	2
397	15899	30	52	0	0	*	2
398	15939	31	50	0	0	*	2
399	15979	32	48	0	0	*	2
400	16019	35	46	0	0	*	2
401	16059	36	44	0	0	*	2
402	16099	39	41	0	0	*	2
403	16139	41	39	0	0	*	2
404	16179	42	37	0	0	*	2
405	16219	46	34	0	0	*	2
406	16259	48	32	0	0	*	2
407	16299	50	30	0	0	*	2
408	16339	52	28	0	0	*	2
409	16379	54	27	0	0	*	2
410	16419	56	26	0	0	*	2
411	16459	59	24	0	0	*	2
412	16499	61	22	0	0	*	2
413	16539	64	21	0	0	*	2
414	16579	66	20	0	0	*	2
415	16619	68	19	0	0	*	2
416	16659	72	17	0	0	*	2
417	16699	74	16	0	0	*	2
418	16739	77	14	0	0	*	2
419	16779	80	13	0	0	*	2
420	16819	81	12	0	0	*	2
421	16859	84	11	0	0	*	2
422	16899	88	10	0	0	*	2
423	16939	90	9	0	0	*	2
424	16979	93	8	0	0	*	2
425	17019	96	8	0	0	*	2
426	17059	98	7	0	0	*	2
427	17099	101	6	0	0	*	2
428	17139	104	6	0	0	*	2
429	17179	107	5	0	0	*	2
430	17219	110	4	0	0	*	2
431	17259	112	4	0	0	*	2
432	17299	114	4	0	0	*	2
433	17339	118	3	0	0	*	2
434	17379	121	3	0	0	*	2
435	17419	123	3	0	0	*	2
436	17459	126	3	0	0	*	2
437	17499	129	3	0	0	*	2
438	17539	132	3	0	0	*	2
439	17579	135	3	0	0	*	2
440	17619	137	3	0	0	*	2
441	17659	139	4	0	0	*	2
442	17699	142	4	0	0	*	2
443	17739	145	4	0	0	*	2
444	17779	148	5	0	0	*	2
445	17819	151	6	0	0	*	2
446	17859	153	6	0	0	*	2
447	17899	156	7	0	0	*	2
448	17939	158	8	0	0	*	2
449	17979	161	8	0	0	*	2
450	18019	164	9	0	0	*	2
451	18059	166	10	0	0	*	2
452	18099	169	11	0	0	*	2
453	18139	171	12	0	0	*	2
454	18179	173	13	0	0	*	2
455	18219	177	14	0	0	*	2
456	18259	179	15	0	0	*	2
457	18299	182	17	0	0	*	2
458	18339	184	18	0	0	*	2
459	18379	186	18	0	0	*	2
460	18419	188	20	0	0	*	2
461	18459	191	21	0	0	*	2
462	18499	193	22	0	0	*	2
463	18539	195	23	0	0	*	2
464	18579	197	25	0	0	*	2
465	18619	199	26	0	0	*	2
466	18659	201	28	0	0	*	2
467	18699	203	30	0	0	*	2
468	18739	205	31	0	0	*	2
469	18779	207	33	0	0	*	2
470	18819	210	35	0	0	*	2
471	18859	211	37	0	0	*	2
472	18899	214	39	0	0	*	2
473	18939	216	41	0	0	*	2
474	18979	218	43	0	0	*	2
475	19019	219	45	0	0	*	2
476	19059	220	46	0	0	*	2
477	19099	222	49	0	0	*	2
478	19139	225	52	0	0	*	2
479	19179	226	54	0	0	*	2
480	19219	228	56	0	0	*	2
481	19259	230	58	0	0	*	2
482	19299	231	60	0	0	*	2
483	19339	232	62	0	0	*	2
484	19379	234	65	0	0	*	2
485	19419	235	68	0	0	*	2
486	19459	236	70	0	0	*	2
487	19499	238	72	0	0	*	2
488	19539	239	74	0	0	*	2
489	19579	240	76	0	0	*	2
490	19619	241	79	0	0	*	2
491	19659	242	82	0	0	*	2
492	19699	243	84	0	0	*	2
493	19739	244	86	0	0	*	2
494	19779	244	88	0	0	*	2
495	19819	245	91	0	0	*	2
496	19859	246	93	0	0	*	2
497	19899	247	96	0	0	*	2
498	19939	247	98	0	0	*	2
499	19979	248	101	0	0	*	2
500	20019	248	104	0	0	*	2
501	20059	248	106	0	0	*	2
502	20099	249	109	0	0	*	2
503	20139	249	111	0	0	*	2
504	20179	249	114	0	0	*	2
505	20219	250	116	0	0	*	2
506	20259	250	118	0	0	*	2
507	20299	250	122	0	0	*	2
508	20339	250	124	0	0	*	2
509	20379	250	127	0	0	*	2
510	20419	250	130	0	0	*	2
511	20459	250	133	0	0	*	2
512	20499	250	135	0	0	*	2
513	20539	249	138	0	0	*	2
514	20579	249	140	0	0	*	2
515	20619	249	143	0	0	*	2
516	20659	248	145	0	0	*	2
517	20699	248	148	0	0	*	2
518	20739	247	150	0	0	*	2
519	20779	246	153	0	0	*	2
520	20819	246	156	0	0	*	2
521	20859	245	158	0	0	*	2
522	20899	245	161	0	0	*	2
523	20939	244	163	0	0	*	2
524	20979	243	165	0	0	*	2
525	21019	242	169	0	0	*	2
526	21059	241	171	0	0	*	2
527	21099	240	173	0	0	*	2
528	21139	239	176	0	0	*	2
529	21179	238	178	0	0	*	2
530	21219	237	180	0	0	*	2
531	21259	236	183	0	0	*	2
532	21299	234	185	0	0	*	2
533	21339	233	187	0	0	*	2
534	21379	231	189	0	0	*	2
535	21419	231	191	0	0	*	2
536	21459	229	193	0	0	*	2
537	21499	227	195	0	0	*	2
538	21539	226	197	0	0	*	2
539	21579	224	199	0	0	*	2
540	21619	223	201	0	0	*	2
541	21659	221	203	0	0	*	2
542	21699	219	206	0	0	*	2
543	21739	217	208	0	0	*	2
544	21779	216	209	0	0	*	2
545	21819	214	211	0	0	*	2
546	21859	212	213	0	0	*	2
547	21899	210	215	0	0	*	2
548	21939	207	217	0	0	*	2
549	21979	206	218	0	0	*	2
550	22019	204	220	0	0	*	2
551	22059	202	222	0	0	*	2
552	22099	200	224	0	0	*	2
553	22139	198	225	0	0	*	2
554	22179	195	227	0	0	*	2
555	22219	194	228	0	0	*	2
556	22259	191	229	0	0	*	2
557	22299	189	231	0	0	*	2
558	22339	187	232	0	0	*	2
559	22379	184	233	0	0	*	2
560	22419	182	234	0	0	*	2
561	22459	181	235	0	0	*	2
562	22499	178	236	0	0	*	2
563	22539	175	238	0	0	*	2
564	22579	173	238	0	0	*	2
565	22619	171	239	0	0	*	2
566	22659	169	240	0	0	*	2
567	22699	167	241	0	0	*	2
568	22739	164	241	0	0	*	2
569	22779	162	242	0	0	*	2
570	22819	160	243	0	0	*	2
571	22859	157	243	0	0	*	2
572	22899	154	244	0	0	*	2
573	22939	152	244	0	0	*	2
574	22979	149	245	0	0	*	2
575	23019	147	245	0	0	*	2
576	23059	145	246	0	0	*	2
577	23099	142	246	0	0	*	2
578	23139	139	246	0	0	*	2
579	23179	137	246	0	0	*	2
580	23219	134	247	0	0	*	2
581	23259	132	247	0	0	*	2
582	23299	129	247	0	0	*	2
583	23339	126	247	0	0	*	2
584	23379	124	247	0	0	*	2
585	23419	121	246	0	0	*	2
586	23459	119	246	0	0	*	2
587	23499	116	246	0	0	*	2
588	23539	114	246	0	0	*	2
589	23579	110	245	0	0	*	2
590	23619	108	245	0	0	*	2
591	23659	106	245	0	0	*	2
592	23699	103	244	0	0	*	2
593	23739	100	244	0	0	*	2
594	23779	97	243	0	0	*	2
595	23819	95	243	0	0	*	2
596	23859	93	242	0	0	*	2
597	23899	91	242	0	0	*	2
598	23939	88	241	0	0	*	2
599	23979	86	240	0	0	*	2
600	24019	84	239	0	0	*	2
601	24059	81	238	0	0	*	2
602	24099	79	237	0	0	*	2
603	24139	77	236	0	0	*	2
604	24179	75	235	0	0	*	2
605	24219	73	234	0	0	*	2
606	24259	70	233	0	0	*	2
607	24299	68	232	0	0	*	2
608	24339	65	230	0	0	*	2
609	24379	64	229	0	0	*	2
610	24419	61	228	0	0	*	2
611	24459	59	226	0	0	*	2
612	24499	57	225	0	0	*	2
613	24539	55	223	0	0	*	2
614	24579	53	221	0	0	*	2
615	24619	51	220	0	0	*	2
616	24659	49	218	0	0	*	2
617	24699	47	216	0	0	*	2
618	24739	45	214	0	0	*	2
619	24779	42	212	0	0	*	2
620	24819	40	210	0	0	*	2
621	24859	39	209	0	0	*	2
622	24899	36	207	0	0	*	2
623	24939	35	205	0	0	*	2
624	24979	33	203	0	0	*	2
625	25019	31	201	0	0	*	2
626	25059	30	198	0	0	*	2
627	25099	28	196	0	0	*	2
628	25139	26	194	0	0	*	2
629	25179	25	192	0	0	*	2
630	25219	24	190	0	0	*	2
631	25259	22	187	0	0	*	2
632	25299	21	185	0	0	*	2
633	25339	20	183	0	0	*	2
634	25379	18	180	0	0	*	2
635	25419	18	179	0	0	*	2
636	25459	17	177	0	0	*	2
637	25499	15	174	0	0	*	2
638	25539	14	171	0	0	*	2
639	25579	13	169	0	0	*	2
640	25619	12	166	0	0	*	2
641	25659	12	164	0	0	*	2
642	25699	12	162	0	0	*	2
643	25739	11	160	0	0	*	2
644	25779	10	157	0	0	*	2
645	25819	9	154	0	0	*	2
646	25859	9	151	0	0	*	2
647	25899	8	150	0	0	*	2
648	25939	8	148	0	0	*	2
649	25979	7	144	0	0	*	2
650	26019	7	141	0	0	*	2
651	26059	6	139	0	0	*	2
652	26099	6	137	0	0	*	2
653	26139	6	135	0	0	*	2
654	26179	6	133	0	0	*	2
655	26219	5	131	0	0	*	2
656	26259	5	129	0	0	*	2
657	26299	6	123	0	0	*	2
658	26339	5	123	0	0	*	2
659	26379	5	121	0	0	*	2
660	26419	5	118	0	0	*	2
661	26459	6	115	0	0	*	2
662	26499	6	111	0	0	*	2
663	26539	6	109	0	0	*	2
664	26579	6	108	0	0	*	2
665	26619	7	106	0	0	*	2
666	26659	7	104	0	0	*	2
667	26699	7	102	0	0	*	2
668	26739	8	99	0	0	*	2
669	26779	9	96	0	0	*	2
670	26819	9	94	0	0	*	2
671	26859	10	92	0	0	*	2
672	26899	11	90	0	0	*	2
673	26939	12	87	0	0	*	2
674	26979	13	83	0	0	*	2
675	27019	14	81	0	0	*	2
676	27059	14	80	0	0	*	2
677	27099	14	78	0	0	*	2
678	27139	15	76	0	0	*	2
679	27179	16	74	0	0	*	2
680	27219	18	71	0	0	*	2
681	27259	19	69	0	0	*	2
682	27299	22	64	0	0	*	2
683	27339	22	64	0	0	*	2
684	27379	23	62	0	0	*	2
685	27419	24	61	0	0	*	2
686	27459	27	56	0	0	*	2
687	27499	27	56	0	0	*	2
688	27539	29	53	0	0	*	2
689	27579	30	51	0	0	*	2
690	27619	32	49	0	0	*	2
691	27659	34	47	0	0	*	2
692	27699	35	45	0	0	*	2
693	27739	37	43	0	0	*	2
694	27779	39	41	0	0	*	2
695	27819	40	39	0	0	*	2
696	27859	42	37	0	0	*	2
697	27899	44	35	0	0	*	2
698	27939	47	33	0	0	*	2
699	27979	49	31	0	0	*	2
700	28019	50	30	0	0	*	2
701	28059	52	28	0	0	*	2
702	28099	54	27	0	0	*	2
703	28139	57	25	0	0	*	2
704	28179	58	24	0	0	*	2
705	28219	60	23	0	0	*	2
706	28259	63	21	0	0	*	2
707	28299	66	19	0	0	*	2
708	28339	69	18	0	0	*	2
709	28379	71	17	0	0	*	2
710	28419	72	16	0	0	*	2
711	28459	76	14	0	0	*	2
712	28499	79	13	0	0	*	2
713	28539	82	12	0	0	*	2
714	28579	84	11	0	0	*	2
715	28619	86	11	0	0	*	2
716	28659	88	10	0	0	*	2
717	28699	91	9	0	0	*	2
718	28739	94	8	0	0	*	2
719	28779	97	8	0	0	*	2
720	28819	99	7	0	0	*	2
721	28859	101	6	0	0	*	2
722	28899	103	6	0	0	*	2
723	28939	106	5	0	0	*	2
724	28979	108	5	0	0	*	2
725	29019	110	4	0	0	*	2
726	29059	113	4	0	0	*	2
727	29099	115	4	0	0	*	2
728	29139	118	4	0	0	*	2
729	29179	121	4	0	0	*	2
730	29219	123	4	0	0	*	2
731	29259	125	4	0	0	*	2
732	29299	127	4	0	0	*	2
733	29339	130	4	0	0	*	2
734	29379	132	4	0	0	*	2
735	29419	134	4	0	0	*	2
736	29459	137	4	0	0	*	2
737	29499	139	4	0	0	*	2
738	29539	141	4	0	0	*	2
739	29579	144	5	0	0	*	2
740	29619	146	5	0	0	*	2
741	29659	148	5	0	0	*	2
742	29699	150	5	0	0	*	2
743	29739	152	6	0	0	*	2
744	29779	154	7	0	0	*	2
745	29819	156	7	0	0	*	2
746	29859	158	8	0	0	*	2
747	29899	160	8	0	0	*	2
748	29939	163	9	0	0	*	2
749	29979	165	10	0	0	*	2
750	30019	167	10	0	0	*	2
751	30059	170	11	0	0	*	2
752	30099	171	12	0	0	*	2
753	30139	174	13	0	0	*	2
754	30179	176	14	0	0	*	2
755	30219	178	15	0	0	*	2
756	30259	180	16	0	0	*	2
757	30299	182	17	0	0	*	2
758	30339	184	18	0	0	*	2
759	30379	187	19	0	0	*	2
760	30419	189	20	0	0	*	2
761	30459	191	21	0	0	*	2
762	30499	192	22	0	0	*	2
763	30539	194	23	0	0	*	2
764	30579	196	25	0	0	*	2
765	30619	198	26	0	0	*	2
766	30659	200	27	0	0	*	2
767	30699	201	28	0	0	*	2
768	30739	203	30	0	0	*	2
769	30779	205	31	0	0	*	2
770	30819	206	33	0	0	*	2
771	30859	208	34	0	0	*	2
772	30899	210	36	0	0	*	2
773	30939	212	37	0	0	*	2
774	30979	213	39	0	0	*	2
775	31019	216	41	0	0	*	2
776	31059	217	43	0	0	*	2
777	31099	218	44	0	0	*	2
778	31139	219	46	0	0	*	2
779	31179	221	47	0	0	*	2
780	31219	222	49	0	0	*	2
781	31259	224	52	0	0	*	2
782	31299	226	54	0	0	*	2
783	31339	228	56	0	0	*	2
784	31379	229	58	0	0	*	2
785	31419	230	60	0	0	*	2
786	31459	231	62	0	0	*	2
787	31499	233	64	0	0	*	2
788	31539	234	66	0	0	*	2
789	31579	235	68	0	0	*	2
790	31619	237	70	0	0	*	2
791	31659	238	72	0	0	*	2
792	31699	239	74	0	0	*	2
793	31739	240	77	0	0	*	2
794	31779	241	79	0	0	*	2
795	31819	242	81	0	0	*	2
796	31859	243	83	0	0	*	2
797	31899	243	85	0	0	*	2
798	31939	244	87	0	0	*	2
799	31979	245	90	0	0	*	2
800	32019	245	93	0	0	*	2
801	32059	246	94	0	0	*	2
802	32099	246	97	0	0	*	2
803	32139	247	99	0	0	*	2
804	32179	247	101	0	0	*	2
805	32219	248	104	0	0	*	2
806	32259	248	107	0	0	*	2
807	32299	249	109	0	0	*	2
808	32339	249	111	0	0	*	2
809	32379	249	114	0	0	*	2
810	32419	250	116	0	0	*	2
811	32459	250	118	0	0	*	2
812	32499	250	121	0	0	*	2
813	32539	250	123	0	0	*	2
814	32579	250	125	0	0	*	2
815	32619	250	128	0	0	*	2
816	32659	250	130	0	0	*	2
817	32699	250	132	0	0	*	2
818	32739	249	135	0	0	*	2
819	32779	249	138	0	0	*	2
820	32819	249	139	0	0	*	2
821	32859	249	142	0	0	*	2
822	32899	248	144	0	0	*	2
823	32939	248	146	0	0	*	2
824	32979	247	148	0	0	*	2
825	33019	247	151	0	0	*	2
826	33059	247	153	0	0	*	2
827	33099	246	155	0	0	*	2
828	33139	245	158	0	0	*	2
829	33179	245	160	0	0	*	2
830	33219	244	161	0	0	*	2
831	33259	243	163	0	0	*	2
832	33299	243	166	0	0	*	2
833	33339	242	168	0	0	*	2
834	33379	241	171	0	0	*	2
835	33419	240	173	0	0	*	2
836	33459	239	175	0	0	*	2
837	33499	238	177	0	0	*	2
838	33539	237	179	0	0	*	2
839	33579	237	180	0	0	*	2
840	33619	235	183	0	0	*	2
841	33659	234	185	0	0	*	2
842	33699	233	186	0	0	*	2
843	33739	231	189	0	0	*	2
844	33779	231	191	0	0	*	2
845	33819	229	193	0	0	*	2
846	33859	228	195	0	0	*	2
847	33899	226	197	0	0	*	2
848	33939	225	199	0	0	*	2
849	33979	223	201	0	0	*	2
850	34019	222	203	0	0	*	2
851	34059	220	204	0	0	*	2
852	34099	219	206	0	0	*	2
853	34139	217	208	0	0	*	2
854	34179	216	209	0	0	*	2
855	34219	214	211	0	0	*	2
856	34259	212	213	0	0	*	2
857	34299	210	214	0	0	*	2
858	34339	208	216	0	0	*	2
859	34379	206	218	0	0	*	2
860	34419	205	219	0	0	*	2
861	34459	203	221	0	0	*	2
862	34499	201	222	0	0	*	2
863	34539	200	224	0	0	*	2
864	34579	198	225	0	0	*	2
865	34619	196	227	0	0	*	2
866	34659	194	228	0	0	*	2
867	34699	193	229	0	0	*	2
868	34739	191	230	0	0	*	2
869	34779	189	231	0	0	*	2
870	34819	187	232	0	0	*	2
871	34859	184	233	0	0	*	2
872	34899	182	234	0	0	*	2
873	34939	180	235	0	0	*	2
874	34979	178	236	0	0	*	2
875	35019	176	237	0	0	*	2
876	35059	174	238	0	0	*	2
877	35099	172	239	0	0	*	2
878	35139	170	240	0	0	*	2
879	35179	168	240	0	0	*	2
880	35219	166	241	0	0	*	2
881	35259	163	242	0	0	*	2
882	35299	161	242	0	0	*	2
883	35339	159	243	0	0	*	2
884	35379	157	244	0	0	*	2
885	35419	155	244	0	0	*	2
886	35459	153	244	0	0	*	2
887	35499	150	245	0	0	*	2
888	35539	148	245	0	0	*	2
889	35579	146	245	0	0	*	2
890	35619	144	246	0	0	*	2
891	35659	142	246	0	0	*	2
892	35699	140	246	0	0	*	2
893	35739	137	246	0	0	*	2
894	35779	135	246	0	0	*	2
895	35819	133	246	0	0	*	2
896	35859	131	247	0	0	*	2
897	35899	128	247	0	0	*	2
898	35939	126	246	0	0	*	2
899	35979	124	246	0	0	*	2
900	36019	121	246	0	0	*	2
901	36059	120	246	0	0	*	2
902	36099	118	246	0	0	*	2
903	36139	115	246	0	0	*	2
904	36179	112	246	0	0	*	2
905	36219	111	245	0	0	*	2
906	36259	108	245	0	0	*	2
907	36299	106	245	0	0	*	2
908	36339	104	244	0	0	*	2
909	36379	101	244	0	0	*	2
910	36419	99	244	0	0	*	2
911	36459	97	243	0	0	*	2
912	36499	95	243	0	0	*	2
913	36539	93	242	0	0	*	2
914	36579	92	242	0	0	*	2
915	36619	89	241	0	0	*	2
916	36659	87	241	0	0	*	2
917	36699	85	240	0	0	*	2
918	36739	84	239	0	0	*	2
919	36779	82	238	0	0	*	2
920	36819	80	237	0	0	*	2
921	36859	79	236	0	0	*	2
922	36899	76	235	0	0	*	2
923	36939	74	234	0	0	*	2
924	36979	73	233	0	0	*	2
925	37019	71	232	0	0	*	2
926	37059	69	231	0	0	*	2
927	37099	68	231	0	0	*	2
928	37139	65	230	0	0	*	2
929	37179	63	228	0	0	*	2
930	37219	61	227	0	0	*	2
931	37259	60	226	0	0	*	2
932	37299	58	225	0	0	*	2
933	37339	56	223	0	0	*	2
934	37379	54	222	0	0	*	2
935	37419	52	221	0	0	*	2
936	37459	51	220	0	0	*	2
937	37499	49	218	0	0	*	2
938	37539	47	216	0	0	*	2
939	37579	46	215	0	0	*	2
940	37619	44	213	0	0	*	2
941	37659	42	212	0	0	*	2
942	37699	40	210	0	0	*	2
943	37739	39	209	0	0	*	2
944	37779	37	207	0	0	*	2
945	37819	36	206	0	0	*	2
946	37859	34	204	0	0	*	2
947	37899	32	202	0	0	*	2
948	37939	31	200	0	0	*	2
949	37979	30	198	0	0	*	2
950	38019	28	196	0	0	*	2
951	38059	27	194	0	0	*	2
952	38099	25	192	0	0	*	2
953	38139	24	191	0	0	*	2
954	38179	23	189	0	0	*	2
955	38219	22	187	0	0	*	2
956	38259	21	185	0	0	*	2
957	38299	20	184	0	0	*	2
958	38339	19	182	0	0	*	2
959	38379	18	181	0	0	*	2
960	38419	17	178	0	0	*	2
961	38459	16	175	0	0	*	2
962	38499	16	174	0	0	*	2
963	38539	15	172	0	0	*	2
964	38579	14	170	0	0	*	2
965	38619	14	168	0	0	*	2
966	38659	13	166	0	0	*	2
967	38699	12	164	0	0	*	2
968	38739	12	163	0	0	*	2
969	38779	12	161	0	0	*	2
970	38819	11	158	0	0	*	2
971	38859	10	157	0	0	*	2
972	38899	10	155	0	0	*	2
973	38939	9	152	0	0	*	2
974	38979	8	151	0	0	*	2
975	39019	8	148	0	0	*	2
976	39059	7	146	0	0	*	2
977	39099	7	144	0	0	*	2
978	39139	7	142	0	0	*	2
979	39179	6	140	0	0	*	2
980	39219	6	139	0	0	*	2
981	39259	6	138	0	0	*	2
982	39299	5	135	0	0	*	2
983	39339	5	133	0	0	*	2
984	39379	5	131	0	0	*	2
985	39419	5	128	0	0	*	2
986	39459	5	126	0	0	*	2
987	39499	5	124	0	0	*	2
988	39539	5	121	0	0	*	2
989	39579	5	119	0	0	*	2
990	39619	5	117	0	0	*	2
991	39659	6	113	0	0	*	2
992	39699	6	111	0	0	*	2
993	39739	6	109	0	0	*	2
994	39779	6	107	0	0	*	2
995	39819	7	105	0	0	*	2
996	39859	7	102	0	0	*	2
997	39899	8	98	0	0	*	2
998	39939	9	96	0	0	*	2
999	39979	9	94	0	0	*	2
1000	40019	10	92	0	0	*	2
1001	40059	10	90	0	0	*	2
1002	40099	11	87	0	0	*	2
1003	40139	12	85	0	0	*	2
1004	40179	12	83	0	0	*	2
1005	40219	13	81	0	0	*	2
1006	40259	14	78	0	0	*	2
1007	40299	15	76	0	0	*	2
1008	40339	17	73	0	0	*	2
1009	40379	18	71	0	0	*	2
1010	40419	19	69	0	0	*	2
1011	40459	20	67	0	0	*	2
1012	40499	21	65	0	0	*	2
1013	40539	22	63	0	0	*	2
1014	40579	24	60	0	0	*	2
1015	40619	25	58	0	0	*	2
1016	40659	26	56	0	0	*	2
1017	40699	27	54	0	0	*	2
1018	40739	31	50	0	0	*	2
1019	40779	33	48	0	0	*	2
1020	40819	34	46	0	0	*	2
1021	40859	35	46	0	0	*	2
1022	40899	36	45	0	0	*	2
1023	40939	39	42	0	0	*	2
1024	40979	41	39	0	0	*	2
1025	41019	43	38	0	0	*	2
1026	41059	44	36	0	0	*	2
1027	41099	46	34	0	0	*	2
1028	41139	47	33	0	0	*	2
1029	41179	49	31	0	0	*	2
1030	41219	51	30	0	0	*	2
1031	41259	54	28	0	0	*	2
1032	41299	56	26	0	0	*	2
1033	41339	58	25	0	0	*	2
1034	41379	59	24	0	0	*	2
1035	41419	61	23	0	0	*	2
1036	41459	63	22	0	0	*	2
1037	41499	66	20	0	0	*	2
1038	41539	68	19	0	0	*	2
1039	41579	70	18	0	0	*	2
1040	41619	72	17	0	0	*	2
1041	41659	74	16	0	0	*	2
1042	41699	77	15	0	0	*	2
1043	41739	79	14	0	0	*	2
1044	41779	81	13	0	0	*	2
1045	41819	84	11	0	0	*	2
1046	41859	86	11	0	0	*	2
1047	41899	88	10	0	0	*	2
1048	41939	90	9	0	0	*	2
1049	41979	93	8	0	0	*	2
1050	42019	95	8	0	0	*	2
1051	42059	97	7	0	0	*	2
1052	42099	99	7	0	0	*	2
1053	42139	101	6	0	0	*	2
1054	42179	104	6	0	0	*	2
1055	42219	106	5	0	0	*	2
1056	42259	109	5	0	0	*	2
1057	42299	111	5	0	0	*	2
1058	42339	113	4	0	0	*	2
1059	42379	115	4	0	0	*	2
1060	42419	117	4	0	0	*	2
1061	42459	120	4	0	0	*	2
1062	42499	122	4	0	0	*	2
1063	42539	125	3	0	0	*	2
1064	42579	127	3	0	0	*	2
1065	42619	129	3	0	0	*	2
1066	42659	131	4	0	0	*	2
1067	42699	133	4	0	0	*	2
1068	42739	135	4	0	0	*	2
1069	42779	138	4	0	0	*	2
1070	42819	141	4	0	0	*	2
1071	42859	143	4	0	0	*	2
1072	42899	145	5	0	0	*	2
1073	42939	146	5	0	0	*	2
1074	42979	148	6	0	0	*	2
1075	43019	150	6	0	0	*	2
1076	43059	153	6	0	0	*	2
1077	43099	155	7	0	0	*	2
1078	43139	157	8	0	0	*	2
1079	43179	159	8	0	0	*	2
1080	43219	161	9	0	0	*	2
1081	43259	163	10	0	0	*	2
1082	43299	165	10	0	0	*	2
1083	43339	168	11	0	0	*	2
1084	43379	169	12	0	0	*	2
1085	43419	171	12	0	0	*	2
1086	43459	173	13	0	0	*	2
1087	43499	175	14	0	0	*	2
1088	43539	177	15	0	0	*	2
1089	43579	179	15	0	0	*	2
1090	43619	180	16	0	0	*	2
1091	43659	182	17	0	0	*	2
1092	43699	184	18	0	0	*	2
1093	43739	185	19	0	0	*	2
1094	43779	187	20	0	0	*	2
1095	43819	190	21	0	0	*	2
1096	43859	191	22	0	0	*	2
1097	43899	193	23	0	0	*	2
1098	43939	195	24	0	0	*	2
1099	43979	196	26	0	0	*	2
1100	44019	198	27	0	0	*	2
1101	44059	200	28	0	0	*	2
1102	44099	202	29	0	0	*	2
1103	44139	203	30	0	0	*	2
1104	44179	206	32	0	0	*	2
1105	44219	207	34	0	0	*	2
1106	44259	209	35	0	0	*	2
1107	44299	211	36	0	0	*	2
1108	44339	212	38	0	0	*	2
1109	44379	213	39	0	0	*	2
1110	44419	215	41	0	0	*	2
1111	44459	217	42	0	0	*	2
1112	44499	218	44	0	0	*	2
1113	44539	219	46	0	0	*	2
1114	44579	221	47	0	0	*	2
1115	44619	223	49	0	0	*	2
1116	44659	225	51	0	0	*	2
1117	44699	226	53	0	0	*	2
1118	44739	227	55	0	0	*	2
1119	44779	229	57	0	0	*	2
1120	44819	231	59	0	0	*	2
1121	44859	232	62	0	0	*	2
1122	44899	233	64	0	0	*	2
1123	44939	234	66	0	0	*	2
1124	44979	235	68	0	0	*	2
1125	45019	237	70	0	0	*	2
1126	45059	238	72	0	0	*	2
1127	45099	239	74	0	0	*	2
1128	45139	240	76	0	0	*	2
1129	45179	241	78	0	0	*	2
1130	45219	242	81	0	0	*	2
1131	45259	243	84	0	0	*	2
1132	45299	243	86	0	0	*	2
1133	45339	244	87	0	0	*	2
1134	45379	245	90	0	0	*	2
1135	45419	245	93	0	0	*	2
1136	45459	246	94	0	0	*	2
1137	45499	247	97	0	0	*	2
1138	45539	247	100	0	0	*	2
1139	45579	248	102	0	0	*	2
1140	45619	248	105	0	0	*	2
1141	45659	249	107	0	0	*	2
1142	45699	249	109	0	0	*	2
1143	45739	249	112	0	0	*	2
1144	45779	249	114	0	0	*	2
1145	45819	249	116	0	0	*	2
1146	45859	250	119	0	0	*	2
1147	45899	250	121	0	0	*	2
1148	45939	250	124	0	0	*	2
1149	45979	250	127	0	0	*	2
1150	46019	250	129	0	0	*	2
1151	46059	250	131	0	0	*	2
1152	46099	249	134	0	0	*	2
1153	46139	249	136	0	0	*	2
1154	46179	249	138	0	0	*	2
1155	46219	248	140	0	0	*	2
1156	46259	248	143	0	0	*	2
1157	46299	248	145	0	0	*	2
1158	46339	247	147	0	0	*	2
1159	46379	246	150	0	0	*	2
1160	46419	246	152	0	0	*	2
1161	46459	246	154	0	0	*	2
1162	46499	245	157	0	0	*	2
1163	46539	245	158	0	0	*	2
1164	46579	244	160	0	0	*	2
1165	46619	243	162	0	0	*	2
1166	46659	243	164	0	0	*	2
1167	46699	242	166	0	0	*	2
1168	46739	242	169	0	0	*	2
1169	46779	241	170	0	0	*	2
1170	46819	240	172	0	0	*	2
1171	46859	239	175	0	0	*	2
1172	46899	238	177	0	0	*	2
1173	46939	237	178	0	0	*	2
1174	46979	236	181	0	0	*	2
1175	47019	235	182	0	0	*	2
1176	47059	235	184	0	0	*	2
1177	47099	233	186	0	0	*	2
1178	47139	232	187	0	0	*	2
1179	47179	231	189	0	0	*	2
1180	47219	230	191	0	0	*	2
1181	47259	229	193	0	0	*	2
1182	47299	228	195	0	0	*	2
1183	47339	226	197	0	0	*	2
1184	47379	224	199	0	0	*	2
1185	47419	223	200	0	0	*	2
1186	47459	222	202	0	0	*	2
1187	47499	220	204	0	0	*	2
1188	47539	219	205	0	0	*	2
1189	47579	218	207	0	0	*	2
1190	47619	216	209	0	0	*	2
1191	47659	215	210	0	0	*	2
1192	47699	213	212	0	0	*	2
1193	47739	211	214	0	0	*	2
1194	47779	210	216	0	0	*	2
1195	47819	208	217	0	0	*	2
1196	47859	206	219	0	0	*	2
1197	47899	204	220	0	0	*	2
1198	47939	203	221	0	0	*	2
1199	47979	201	223	0	0	*	2
1200	48019	199	224	0	0	*	2
1201	48059	197	226	0	0	*	2
1202	48099	194	227	0	0	*	2
1203	48139	193	228	0	0	*	2
1204	48179	191	230	0	0	*	2
1205	48219	189	231	0	0	*	2
1206	48259	187	232	0	0	*	2
1207	48299	185	233	0	0	*	2
1208	48339	182	234	0	0	*	2
1209	48379	181	235	0	0	*	2
1210	48419	179	236	0	0	*	2
1211	48459	177	237	0	0	*	2
1212	48499	175	238	0	0	*	2
1213	48539	173	238	0	0	*	2
1214	48579	171	239	0	0	*	2
1215	48619	169	240	0	0	*	2
1216	48659	167	240	0	0	*	2
1217	48699	165	241	0	0	*	2
1218	48739	163	242	0	0	*	2
1219	48779	161	242	0	0	*	2
1220	48819	159	243	0	0	*	2
1221	48859	157	243	0	0	*	2
1222	48899	155	244	0	0	*	2
1223	48939	153	244	0	0	*	2
1224	48979	151	244	0	0	*	2
1225	49019	148	245	0	0	*	2
1226	49059	146	245	0	0	*	2
1227	49099	145	245	0	0	*	2
1228	49139	142	246	0	0	*	2
1229	49179	140	246	0	0	*	2
1230	49219	138	246	0	0	*	2
1231	49259	136	246	0	0	*	2
1232	49299	133	246	0	0	*	2
1233	49339	131	246	0	0	*	2
1234	49379	129	246	0	0	*	2
1235	49419	127	246	0	0	*	2
1236	49459	124	246	0	0	*	2
1237	49499	122	246	0	0	*	2
1238	49539	120	246	0	0	*	2
1239	49579	118	246	0	0	*	2
1240	49619	116	245	0	0	*	2
1241	49659	113	245	0	0	*	2
1242	49699	112	245	0	0	*	2
1243	49739	110	244	0	0	*	2
1244	49779	107	244	0	0	*	2
1245	49819	105	244	0	0	*	2
1246	49859	104	243	0	0	*	2
1247	49899	101	243	0	0	*	2
1248	49939	99	242	0	0	*	2
1249	49979	97	242	0	0	*	2
1250	50019	96	242	0	0	*	2
1251	50059	93	242	0	0	*	2
1252	50099	92	241	0	0	*	2
1253	50139	90	241	0	0	*	2
1254	50179	88	240	0	0	*	2
1255	50219	86	239	0	0	*	2
1256	50259	85	238	0	0	*	2
1257	50299	83	238	0	0	*	2
1258	50339	81	237	0	0	*	2
1259	50379	80	236	0	0	*	2
1260	50419	77	235	0	0	*	2
1261	50459	75	235	0	0	*	2
1262	50499	74	234	0	0	*	2
1263	50539	72	233	0	0	*	2
1264	50579	70	232	0	0	*	2
1265	50619	69	231	0	0	*	2
1266	50659	67	230	0	0	*	2
1267	50699	65	229	0	0	*	2
1268	50739	64	228	0	0	*	2
1269	50779	62	227	0	0	*	2
1270	50819	60	226	0	0	*	2
1271	50859	59	225	0	0	*	2
1272	50899	57	224	0	0	*	2
1273	50939	55	222	0	0	*	2
1274	50979	53	221	0	0	*	2
1275	51019	52	220	0	0	*	2
1276	51059	50	219	0	0	*	2
1277	51099	49	217	0	0	*	2
1278	51139	47	216	0	0	*	2
1279	51179	45	215	0	0	*	2
1280	51219	43	213	0	0	*	2
1281	51259	42	212	0	0	*	2
1282	51299	41	210	0	0	*	2
1283	51339	39	209	0	0	*	2
1284	51379	37	208	0	0	*	2
1285	51419	36	206	0	0	*	2
1286	51459	34	204	0	0	*	2
1287	51499	33	203	0	0	*	2
1288	51539	32	201	0	0	*	2
1289	51579	30	199	0	0	*	2
1290	51619	29	198	0	0	*	2
1291	51659	28	196	0	0	*	2
1292	51699	26	194	0	0	*	2
1293	51739	25	192	0	0	*	2
1294	51779	24	190	0	0	*	2
1295	51819	23	188	0	0	*	2
1296	51859	22	186	0	0	*	2
1297	51899	21	185	0	0	*	2
1298	51939	20	184	0	0	*	2
1299	51979	19	182	0	0	*	2
1300	52019	18	179	0	0	*	2
1301	52059	17	178	0	0	*	2
1302	52099	16	175	0	0	*	2
1303	52139	15	173	0	0	*	2
1304	52179	15	172	0	0	*	2
1305	52219	15	171	0	0	*	2
1306	52259	13	167	0	0	*	2
1307	52299	13	165	0	0	*	2
1308	52339	12	164	0	0	*	2
1309	52379	12	162	0	0	*	2
1310	52419	11	160	0	0	*	2
1311	52459	10	157	0	0	*	2
1312	52499	9	155	0	0	*	2
1313	52539	9	153	0	0	*	2
1314	52579	9	152	0	0	*	2
1315	52619	8	149	0	0	*	2
1316	52659	8	148	0	0	*	2
1317	52699	8	147	0	0	*	2
1318	52739	7	144	0	0	*	2
1319	52779	7	143	0	0	*	2
1320	52819	7	141	0	0	*	2
1321	52859	6	139	0	0	*	2
1322	52899	6	136	0	0	*	2
1323	52939	6	134	0	0	*	2
1324	52979	6	132	0	0	*	2
1325	53019	5	131	0	0	*	2
1326	53059	5	129	0	0	*	2
1327	53099	5	126	0	0	*	2
1328	53139	5	124	0	0	*	2
1329	53179	5	123	0	0	*	2
1330	53219	5	121	0	0	*	2
1331	53259	5	118	0	0	*	2
1332	53299	5	116	0	0	*	2
1333	53339	6	114	0	0	*	2
1334	53379	6	112	0	0	*	2
1335	53419	6	110	0	0	*	2
1336	53459	6	107	0	0	*	2
1337	53499	7	106	0	0	*	2
1338	53539	7	103	0	0	*	2
1339	53579	8	102	0	0	*	2
1340	53619	8	99	0	0	*	2
1341	53659	9	97	0	0	*	2
1342	53699	9	95	0	0	*	2
1343	53739	10	93	0	0	*	2
1344	53779	10	91	0	0	*	2
1345	53819	11	90	0	0	*	2
1346	53859	12	87	0	0	*	2
1347	53899	12	85	0	0	*	2
1348	53939	13	84	0	0	*	2
1349	53979	13	81	0	0	*	2
1350	54019	14	79	0	0	*	2
1351	54059	15	77	0	0	*	2
1352	54099	16	74	0	0	*	2
1353	54139	17	72	0	0	*	2
1354	54179	18	71	0	0	*	2
1355	54219	19	69	0	0	*	2
1356	54259	20	67	0	0	*	2
1357	54299	21	65	0	0	*	2
1358	54339	24	60	0	0	*	2
1359	54379	24	61	0	0	*	2
1360	54419	25	59	0	0	*	2
1361	54459	26	57	0	0	*	2
1362	54499	28	55	0	0	*	2
1363	54539	29	53	0	0	*	2
1364	54579	32	50	0	0	*	2
1365	54619	33	48	0	0	*	2
1366	54659	34	47	0	0	*	2
1367	54699	36	45	0	0	*	2
1368	54739	37	44	0	0	*	2
1369	54779	38	42	0	0	*	2
1370	54819	41	39	0	0	*	2
1371	54859	43	38	0	0	*	2
1372	54899	44	37	0	0	*	2
1373	54939	46	35	0	0	*	2
1374	54979	48	34	0	0	*	2
1375	55019	49	32	0	0	*	2
1376	55059	52	30	0	0	*	2
1377	55099	53	29	0	0	*	2
1378	55139	55	28	0	0	*	2
1379	55179	57	27	0	0	*	2
1380	55219	58	26	0	0	*	2
1381	55259	61	24	0	0	*	2
1382	55299	62	23	0	0	*	2
1383	55339	64	22	0	0	*	2
1384	55379	66	21	0	0	*	2
1385	55419	68	19	0	0	*	2
1386	55459	70	19	0	0	*	2
1387	55499	72	17	0	0	*	2
1388	55539	74	16	0	0	*	2
1389	55579	76	15	0	0	*	2
1390	55619	78	14	0	0	*	2
1391	55659	81	14	0	0	*	2
1392	55699	82	13	0	0	*	2
1393	55739	84	12	0	0	*	2
1394	55779	86	11	0	0	*	2
1395	55819	88	10	0	0	*	2
1396	55859	90	10	0	0	*	2
1397	55899	92	9	0	0	*	2
1398	55939	94	9	0	0	*	2
1399	55979	96	8	0	0	*	2
1400	56019	98	7	0	0	*	2
1401	56059	100	7	0	0	*	2
1402	56099	102	6	0	0	*	2
1403	56139	104	6	0	0	*	2
1404	56179	106	6	0	0	*	2
1405	56219	108	5	0	0	*	2
1406	56259	110	5	0	0	*	2
1407	56299	112	5	0	0	*	2
1408	56339	114	4	0	0	*	2
1409	56379	116	4	0	0	*	2
1410	56419	118	4	0	0	*	2
1411	56459	120	4	0	0	*	2
1412	56499	122	4	0	0	*	2
1413	56539	125	4	0	0	*	2
1414	56579	127	4	0	0	*	2
1415	56619	129	4	0	0	*	2
1416	56659	131	4	0	0	*	2
1417	56699	133	4	0	0	*	2
1418	56739	135	4	0	0	*	2
1419	56779	138	4	0	0	*	2
1420	56819	140	4	0	0	*	2
1421	56859	142	4	0	0	*	2
1422	56899	145	5	0	0	*	2
1423	56939	146	6	0	0	*	2
1424	56979	148	6	0	0	*	2
1425	57019	150	6	0	0	*	2
1426	57059	152	6	0	0	*	2
1427	57099	155	7	0	0	*	2
1428	57139	156	8	0	0	*	2
1429	57179	158	8	0	0	*	2
1430	57219	159	9	0	0	*	2
1431	57259	162	9	0	0	*	2
1432	57299	164	9	0	0	*	2
1433	57339	166	10	0	0	*	2
1434	57379	168	11	0	0	*	2
1435	57419	169	12	0	0	*	2
1436	57459	171	12	0	0	*	2
1437	57499	173	13	0	0	*	2
1438	57539	175	14	0	0	*	2
1439	57579	176	14	0	0	*	2
1440	57619	178	15	0	0	*	2
1441	57659	180	16	0	0	*	2
1442	57699	182	17	0	0	*	2
1443	57739	184	18	0	0	*	2
1444	57779	185	19	0	0	*	2
1445	57819	187	20	0	0	*	2
1446	57859	190	21	0	0	*	2
1447	57899	191	22	0	0	*	2
1448	57939	193	23	0	0	*	2
1449	57979	194	24	0	0	*	2
1450	58019	196	25	0	0	*	2
1451	58059	197	26	0	0	*	2
1452	58099	199	27	0	0	*	2
1453	58139	200	28	0	0	*	2
1454	58179	201	29	0	0	*	2
1455	58219	203	30	0	0	*	2
1456	58259	205	32	0	0	*	2
1457	58299	206	33	0	0	*	2
1458	58339	207	35	0	0	*	2
1459	58379	210	37	0	0	*	2
1460	58419	212	38	0	0	*	2
1461	58459	214	40	0	0	*	2
1462	58499	216	41	0	0	*	2
1463	58539	216	43	0	0	*	2
1464	58579	217	44	0	0	*	2
1465	58619	219	46	0	0	*	2
1466	58659	220	47	0	0	*	2
1467	58699	222	49	0	0	*	2
1468	58739	223	51	0	0	*	2
1469	58779	224	53	0	0	*	2
1470	58819	225	54	0	0	*	2
1471	58859	227	56	0	0	*	2
1472	58899	228	58	0	0	*	2
1473	58939	230	60	0	0	*	2
1474	58979	231	61	0	0	*	2
1475	59019	232	63	0	0	*	2
1476	59059	232	65	0	0	*	2
1477	59099	234	67	0	0	*	2
1478	59139	235	69	0	0	*	2
1479	59179	236	70	0	0	*	2
1480	59219	238	72	0	0	*	2
1481	59259	238	74	0	0	*	2
1482	59299	239	76	0	0	*	2
1483	59339	240	78	0	0	*	2
1484	59379	241	81	0	0	*	2
1485	59419	242	83	0	0	*	2
1486	59459	242	84	0	0	*	2
1487	59499	243	86	0	0	*	2
1488	59539	243	88	0	0	*	2
1489	59579	244	90	0	0	*	2
1490	59619	244	93	0	0	*	2
1491	59659	245	94	0	0	*	2
1492	59699	246	96	0	0	*	2
1493	59739	247	98	0	0	*	2
1494	59779	247	100	0	0	*	2
1495	59819	247	102	0	0	*	2
1496	59859	247	104	0	0	*	2
1497	59899	248	106	0	0	*	2
1498	59939	248	108	0	0	*	2
1499	59979	249	111	0	0	*	2
1500	60019	249	112	0	0	*	2
1501	60059	249	114	0	0	*	2
1502	60099	249	117	0	0	*	2
1503	60139	250	119	0	0	*	2
1504	60179	250	121	0	0	*	2
1505	60219	250	122	0	0	*	2
1506	60259	250	124	0	0	*	2
1507	60299	249	126	0	0	*	2
1508	60339	249	129	0	0	*	2
1509	60379	249	131	0	0	*	2
1510	60419	249	133	0	0	*	2
1511	60459	249	135	0	0	*	2
1512	60499	249	137	0	0	*	2
1513	60539	249	139	0	0	*	2
1514	60579	248	140	0	0	*	2
1515	60619	248	143	0	0	*	2
1516	60659	248	145	0	0	*	2
1517	60699	248	147	0	0	*	2
1518	60739	247	149	0	0	*	2
1519	60779	247	150	0	0	*	2
1520	60819	246	153	0	0	*	2
1521	60859	246	155	0	0	*	2
1522	60899	245	156	0	0	*	2
1523	60939	245	159	0	0	*	2
1524	60979	244	161	0	0	*	2
1525	61019	244	162	0	0	*	2
1526	61059	243	163	0	0	*	2
1527	61099	243	166	0	0	*	2
1528	61139	242	168	0	0	*	2
1529	61179	241	169	0	0	*	2
1530	61219	241	171	0	0	*	2
1531	61259	240	173	0	0	*	2
1532	61299	239	175	0	0	*	2
1533	61339	238	177	0	0	*	2
1534	61379	236	179	0	0	*	2
1535	61419	236	181	0	0	*	2
1536	61459	235	183	0	0	*	2
1537	61499	234	185	0	0	*	2
1538	61539	233	186	0	0	*	2
1539	61579	232	187	0	0	*	2
1540	61619	231	189	0	0	*	2
1541	61659	230	191	0	0	*	2
1542	61699	229	193	0	0	*	2
1543	61739	227	195	0	0	*	2
1544	61779	226	196	0	0	*	2
1545	61819	225	197	0	0	*	2
1546	61859	224	199	0	0	*	2
1547	61899	222	201	0	0	*	2
1548	61939	221	202	0	0	*	2
1549	61979	220	204	0	0	*	2
1550	62019	219	206	0	0	*	2
1551	62059	218	207	0	0	*	2
1552	62099	217	208	0	0	*	2
1553	62139	215	209	0	0	*	2
1554	62179	214	211	0	0	*	2
1555	62219	212	212	0	0	*	2
1556	62259	211	214	0	0	*	2
1557	62299	209	215	0	0	*	2
1558	62339	208	216	0	0	*	2
1559	62379	206	217	0	0	*	2
1560	62419	205	219	0	0	*	2
1561	62459	204	220	0	0	*	2
1562	62499	202	221	0	0	*	2
1563	62539	200	223	0	0	*	2
1564	62579	199	223	0	0	*	2
1565	62619	198	224	0	0	*	2
1566	62659	196	226	0	0	*	2
1567	62699	194	227	0	0	*	2
1568	62739	193	228	0	0	*	2
1569	62779	191	229	0	0	*	2
1570	62819	190	230	0	0	*	2
1571	62859	188	231	0	0	*	2
1572	62899	186	232	0	0	*	2
1573	62939	185	232	0	0	*	2
1574	62979	183	233	0	0	*	2
1575	63019	181	234	0	0	*	2
1576	63059	180	235	0	0	*	2
1577	63099	178	236	0	0	*	2
1578	63139	176	236	0	0	*	2
1579	63179	174	237	0	0	*	2
1580	63219	173	238	0	0	*	2
1581	63259	171	238	0	0	*	2
1582	63299	169	239	0	0	*	2
1583	63339	168	240	0	0	*	2
1584	63379	166	240	0	0	*	2
1585	63419	164	241	0	0	*	2
1586	63459	162	241	0	0	*	2
1587	63499	160	242	0	0	*	2
1588	63539	158	242	0	0	*	2
1589	63579	157	243	0	0	*	2
1590	63619	155	243	0	0	*	2
1591	63659	153	244	0	0	*	2
1592	63699	151	244	0	0	*	2
1593	63739	149	244	0	0	*	2
1594	63779	147	245	0	0	*	2
1595	63819	146	245	0	0	*	2
1596	63859	144	245	0	0	*	2
1597	63899	142	245	0	0	*	2
1598	63939	140	245	0	0	*	2
1599	63979	138	246	0	0	*	2
1600	64019	136	246	0	0	*	2
1601	64059	134	246	0	0	*	2
1602	64099	132	246	0	0	*	2
1603	64139	130	245	0	0	*	2
1604	64179	129	245	0	0	*	2
1605	64219	126	245	0	0	*	2
1606	64259	124	245	0	0	*	2
1607	64299	122	246	0	0	*	2
1608	64339	120	246	0	0	*	2
1609	64379	118	246	0	0	*	2
1610	64419	116	245	0	0	*	2
1611	64459	114	245	0	0	*	2
1612	64499	112	245	0	0	*	2
1613	64539	110	245	0	0	*	2
1614	64579	107	245	0	0	*	2
1615	64619	106	244	0	0	*	2
1616	64659	104	244	0	0	*	2
1617	64699	102	243	0	0	*	2
1618	64739	100	243	0	0	*	2
1619	64779	99	243	0	0	*	2
1620	64819	97	243	0	0	*	2
1621	64859	96	242	0	0	*	2
1622	64899	95	242	0	0	*	2
1623	64939	92	242	0	0	*	2
1624	64979	91	241	0	0	*	2
1625	65019	89	241	0	0	*	2
1626	65059	87	240	0	0	*	2
1627	65099	85	239	0	0	*	2
1628	65139	84	238	0	0	*	2
1629	65179	82	238	0	0	*	2
1630	65219	80	237	0	0	*	2
1631	65259	79	236	0	0	*	2
1632	65299	78	235	0	0	*	2
1633	65339	75	235	0	0	*	2
1634	65379	74	234	0	0	*	2
1635	65419	73	233	0	0	*	2
1636	65459	71	232	0	0	*	2
1637	65499	69	231	0	0	*	2
1638	65539	67	230	0	0	*	2
1639	65579	65	229	0	0	*	2
1640	65619	64	228	0	0	*	2
1641	65659	62	227	0	0	*	2
1642	65699	60	226	0	0	*	2
1643	65739	59	225	0	0	*	2
1644	65779	57	224	0	0	*	2
1645	65819	55	223	0	0	*	2
1646	65859	53	221	0	0	*	2
1647	65899	51	220	0	0	*	2
1648	65939	49	218	0	0	*	2
1649	65979	48	217	0	0	*	2
1650	66019	47	216	0	0	*	2
1651	66059	45	214	0	0	*	2
1652	66099	43	212	0	0	*	2
1653	66139	41	211	0	0	*	2
1654	66179	39	209	0	0	*	2
1655	66219	38	208	0	0	*	2
1656	66259	36	206	0	0	*	2
1657	66299	35	204	0	0	*	2
1658	66339	34	203	0	0	*	2
1659	66379	32	201	0	0	*	2
1660	66419	30	198	0	0	*	2
1661	66459	29	197	0	0	*	2
1662	66499	28	195	0	0	*	2
1663	66539	26	193	0	0	*	2
1664	66579	25	192	0	0	*	2
1665	66619	24	190	0	0	*	2
1666	66659	23	187	0	0	*	2
1667	66699	22	186	0	0	*	2
1668	66739	21	184	0	0	*	2
1669	66779	20	181	0	0	*	2
1670	66819	19	180	0	0	*	2
1671	66859	18	177	0	0	*	2
1672	66899	17	175	0	0	*	2
1673	66939	16	173	0	0	*	2
1674	66979	15	171	0	0	*	2
1675	67019	14	169	0	0	*	2
1676	67059	13	168	0	0	*	2
1677	67099	12	164	0	0	*	2
1678	67139	12	163	0	0	*	2
1679	67179	12	162	0	0	*	2
1680	67219	11	159	0	0	*	2
1681	67259	11	159	0	0	*	2
1682	67299	10	157	0	0	*	2
1683	67339	9	155	0	0	*	2
1684	67379	9	152	0	0	*	2
1685	67419	8	150	0	0	*	2
1686	67459	8	148	0	0	*	2
1687	67499	7	147	0	0	*	2
1688	67539	7	145	0	0	*	2
1689	67579	7	143	0	0	*	2
1690	67619	6	140	0	0	*	2
1691	67659	6	139	0	0	*	2
1692	67699	6	137	0	0	*	2
1693	67739	6	135	0	0	*	2
1694	67779	6	134	0	0	*	2
1695	67819	6	132	0	0	*	2
1696	67859	5	130	0	0	*	2
1697	67899	5	128	0	0	*	2
1698	67939	5	126	0	0	*	2
1699	67979	5	124	0	0	*	2
1700	68019	5	122	0	0	*	2
1701	68059	5	120	0	0	*	2
1702	68099	6	117	0	0	*	2
1703	68139	6	116	0	0	*	2
1704	68179	6	114	0	0	*	2
1705	68219	6	111	0	0	*	2
1706	68259	6	110	0	0	*	2
1707	68299	7	107	0	0	*	2
1708	68339	7	105	0	0	*	2
1709	68379	7	103	0	0	*	2
1710	68419	8	101	0	0	*	2
1711	68459	8	99	0	0	*	2
1712	68499	9	97	0	0	*	2
1713	68539	9	94	0	0	*	2
1714	68579	10	92	0	0	*	2
1715	68619	11	90	0	0	*	2
1716	68659	11	88	0	0	*	2
1717	68699	12	86	0	0	*	2
1718	68739	12	84	0	0	*	2
1719	68779	14	82	0	0	*	2
1720	68819	14	79	0	0	*	2
1721	68859	15	77	0	0	*	2
1722	68899	16	76	0	0	*	2
1723	68939	17	73	0	0	*	2
1724	68979	18	72	0	0	*	2
1725	69019	19	70	0	0	*	2
1726	69059	20	67	0	0	*	2
1727	69099	21	65	0	0	*	2
1728	69139	22	64	0	0	*	2
1729	69179	24	61	0	0	*	2
1730	69219	24	60	0	0	*	2
1731	69259	26	58	0	0	*	2
1732	69299	28	55	0	0	*	2
1733	69339	28	54	0	0	*	2
1734	69379	29	52	0	0	*	2
1735	69419	32	50	0	0	*	2
1736	69459	32	49	0	0	*	2
1737	69499	34	47	0	0	*	2
1738	69539	36	45	0	0	*	2
1739	69579	39	43	0	0	*	2
1740	69619	39	42	0	0	*	2
1741	69659	41	39	0	0	*	2
1742	69699	43	38	0	0	*	2
