%%BEGIN_HEADER
	%%BEGIN DATABASE_INFORMATION
		%Date.0 ( 16.10.2019 )
		%Time.0 ( 12:17 )
	%%END DATABASE_INFORMATION
	%%BEGIN SETUP_INFORMATION
		%TrackerVersion.0 ( Tracker version 2.38 release 12.8.2012 )
		%ElapsedTime_ms.0 ( 60922 )
		%Paradigm.0 ( PlacePreference )
		%FeederParameters.0 ( 1500 0 )
			// %FeederParameters.0 ( ENTRANCE_LATENCY EXIT_LATENCY )
		%ElapsedPath_m.0 ( 0.00 )
		%ArenaDiameter_m.0 ( 1.80 )
		%TrackerResolution_PixPerCM.0 ( 1.4222 )
		%ArenaCenterXY.0 ( 127.5 127.5 )
		%Frame.0 ( RoomFrame )
		%ReinforcedSector.0 ( 64.3907 190.6093 7 )
			//%ReinforcedSector.0 ( CENTER_X CENTER_Y RADIUS )
		%RoomTrackReinforcedSector.0 ( 64.3907 190.6093 7 )
			//%RoomTrackReinforcedSector.0 ( CENTER_X CENTER_Y RADIUS )
	%%END SETUP_INFORMATION
	%%BEGIN RECORD_FORMAT
		%Sample.0 ( FrameCount 1msTimeStamp RoomX RoomY Sectors State Flags FrameInfo )
			//Sectors indicate if the object is in a target. Number is binary coded. Sectors = 0: no target, Sectors = 1: room target, Sectors: = 2 arena target, Sectors: = 3 room and arena target
			////State indicates the Watermaze State: OutsideTarget = 0, EntranceLatency = 1, InsideTarget = 3, OutsideRefractory = 4, BadSpot = 5
			//FrameInfo indicates succesfuly tracked spots: ReferencePoint * 2^0 + Spot0 * 2^(1+0) + Spot1 * 2^(1+1) + Spot2 * 2^(1+2) .... 
	%%END RECORD_FORMAT
%%END_HEADER
1	42	246	139	0	0	*	2
2	82	246	140	0	0	*	2
3	122	246	141	0	0	*	2
4	162	247	142	0	0	*	2
5	202	246	143	0	0	*	2
6	242	246	143	0	0	*	2
7	282	246	143	0	0	*	2
8	322	246	144	0	0	*	2
9	362	245	144	0	0	*	2
10	402	244	144	0	0	*	2
11	442	244	144	0	0	*	2
12	482	244	144	0	0	*	2
13	522	243	145	0	0	*	2
14	562	243	146	0	0	*	2
15	602	242	147	0	0	*	2
16	642	242	148	0	0	*	2
17	682	241	148	0	0	*	2
18	722	240	149	0	0	*	2
19	762	240	149	0	0	*	2
20	802	238	151	0	0	*	2
21	842	237	151	0	0	*	2
22	882	235	152	0	0	*	2
23	922	235	151	0	0	*	2
24	962	234	152	0	0	*	2
25	1002	232	152	0	0	*	2
26	1042	230	153	0	0	*	2
27	1082	228	153	0	0	*	2
28	1122	225	154	0	0	*	2
29	1162	219	155	0	0	*	2
30	1202	221	155	0	0	*	2
31	1242	217	155	0	0	*	2
32	1282	215	155	0	0	*	2
33	1322	212	154	0	0	*	2
34	1362	206	154	0	0	*	2
35	1402	204	154	0	0	*	2
36	1442	201	153	0	0	*	2
37	1482	197	152	0	0	*	2
38	1522	199	152	0	0	*	2
39	1562	193	151	0	0	*	2
40	1602	192	151	0	0	*	2
41	1642	186	150	0	0	*	2
42	1682	184	150	0	0	*	2
43	1722	181	149	0	0	*	2
44	1762	178	149	0	0	*	2
45	1802	175	148	0	0	*	2
46	1842	171	148	0	0	*	2
47	1882	169	147	0	0	*	2
48	1922	171	147	0	0	*	2
49	1962	162	146	0	0	*	2
50	2002	159	145	0	0	*	2
51	2042	156	145	0	0	*	2
52	2082	153	144	0	0	*	2
53	2122	150	144	0	0	*	2
54	2162	147	143	0	0	*	2
55	2202	144	143	0	0	*	2
56	2242	141	142	0	0	*	2
57	2282	137	141	0	0	*	2
58	2322	134	141	0	0	*	2
59	2362	131	140	0	0	*	2
60	2402	128	140	0	0	*	2
61	2442	125	139	0	0	*	2
62	2482	121	139	0	0	*	2
63	2522	119	139	0	0	*	2
64	2562	115	138	0	0	*	2
65	2602	112	137	0	0	*	2
66	2642	109	137	0	0	*	2
67	2682	106	136	0	0	*	2
68	2722	102	135	0	0	*	2
69	2762	99	135	0	0	*	2
70	2802	96	134	0	0	*	2
71	2842	93	133	0	0	*	2
72	2882	90	133	0	0	*	2
73	2922	86	132	0	0	*	2
74	2962	83	131	0	0	*	2
75	3002	80	130	0	0	*	2
76	3042	77	129	0	0	*	2
77	3082	74	129	0	0	*	2
78	3122	71	128	0	0	*	2
79	3162	67	128	0	0	*	2
80	3202	64	127	0	0	*	2
81	3242	61	126	0	0	*	2
82	3282	58	126	0	0	*	2
83	3322	55	125	0	0	*	2
84	3362	52	125	0	0	*	2
85	3402	49	124	0	0	*	2
86	3442	46	123	0	0	*	2
87	3482	48	124	0	0	*	2
88	3522	45	123	0	0	*	2
89	3562	42	123	0	0	*	2
90	3602	38	122	0	0	*	2
91	3642	36	122	0	0	*	2
92	3682	34	121	0	0	*	2
93	3722	31	121	0	0	*	2
94	3762	28	121	0	0	*	2
95	3802	25	120	0	0	*	2
96	3842	21	120	0	0	*	2
97	3882	19	119	0	0	*	2
98	3922	16	119	0	0	*	2
99	3962	13	119	0	0	*	2
100	4002	12	119	0	0	*	2
101	4042	11	119	0	0	*	2
102	4082	10	118	0	0	*	2
103	4122	9	118	0	0	*	2
104	4162	9	118	0	0	*	2
105	4202	9	118	0	0	*	2
106	4242	9	118	0	0	*	2
107	4282	8	118	0	0	*	2
108	4322	8	117	0	0	*	2
109	4362	8	117	0	0	*	2
110	4402	8	117	0	0	*	2
111	4442	8	116	0	0	*	2
112	4482	8	116	0	0	*	2
113	4522	8	115	0	0	*	2
114	4562	9	114	0	0	*	2
115	4602	9	114	0	0	*	2
116	4642	10	113	0	0	*	2
117	4682	10	111	0	0	*	2
118	4722	11	110	0	0	*	2
119	4762	11	109	0	0	*	2
120	4802	12	109	0	0	*	2
121	4842	12	108	0	0	*	2
122	4882	13	106	0	0	*	2
123	4922	13	106	0	0	*	2
124	4962	14	105	0	0	*	2
125	5002	14	104	0	0	*	2
126	5042	15	103	0	0	*	2
127	5082	16	101	0	0	*	2
128	5122	16	99	0	0	*	2
129	5162	17	97	0	0	*	2
130	5202	18	96	0	0	*	2
131	5242	20	93	0	0	*	2
132	5282	21	92	0	0	*	2
133	5322	23	90	0	0	*	2
134	5362	24	88	0	0	*	2
135	5402	26	86	0	0	*	2
136	5442	28	83	0	0	*	2
137	5482	30	81	0	0	*	2
138	5522	32	79	0	0	*	2
139	5562	34	77	0	0	*	2
140	5602	36	75	0	0	*	2
141	5642	37	73	0	0	*	2
142	5682	40	70	0	0	*	2
143	5722	41	69	0	0	*	2
144	5762	43	67	0	0	*	2
145	5802	46	64	0	0	*	2
146	5842	47	63	0	0	*	2
147	5882	49	60	0	0	*	2
148	5922	52	57	0	0	*	2
149	5962	54	56	0	0	*	2
150	6002	56	53	0	0	*	2
151	6042	58	51	0	0	*	2
152	6082	60	49	0	0	*	2
153	6122	62	47	0	0	*	2
154	6162	64	45	0	0	*	2
155	6202	67	43	0	0	*	2
156	6242	69	40	0	0	*	2
157	6282	72	38	0	0	*	2
158	6322	73	36	0	0	*	2
159	6362	75	33	0	0	*	2
160	6402	77	31	0	0	*	2
161	6442	80	28	0	0	*	2
162	6482	82	26	0	0	*	2
163	6522	84	24	0	0	*	2
164	6562	86	21	0	0	*	2
165	6602	88	19	0	0	*	2
166	6642	89	17	0	0	*	2
167	6682	92	15	0	0	*	2
168	6722	94	12	0	0	*	2
169	6762	96	10	0	0	*	2
170	6802	97	9	0	0	*	2
171	6842	99	8	0	0	*	2
172	6882	101	7	0	0	*	2
173	6922	103	7	0	0	*	2
174	6962	105	6	0	0	*	2
175	7002	107	5	0	0	*	2
176	7042	109	5	0	0	*	2
177	7082	111	4	0	0	*	2
178	7122	114	4	0	0	*	2
179	7162	116	4	0	0	*	2
180	7202	118	4	0	0	*	2
181	7242	120	5	0	0	*	2
182	7282	122	5	0	0	*	2
183	7322	125	5	0	0	*	2
184	7362	127	5	0	0	*	2
185	7402	129	5	0	0	*	2
186	7442	132	5	0	0	*	2
187	7482	134	5	0	0	*	2
188	7522	136	5	0	0	*	2
189	7562	139	5	0	0	*	2
190	7602	141	5	0	0	*	2
191	7642	144	6	0	0	*	2
192	7682	146	6	0	0	*	2
193	7722	148	6	0	0	*	2
194	7762	151	7	0	0	*	2
195	7802	153	7	0	0	*	2
196	7842	155	7	0	0	*	2
197	7882	157	7	0	0	*	2
198	7922	159	8	0	0	*	2
199	7962	161	9	0	0	*	2
200	8002	164	9	0	0	*	2
201	8042	167	10	0	0	*	2
202	8082	168	11	0	0	*	2
203	8122	170	12	0	0	*	2
204	8162	173	13	0	0	*	2
205	8202	175	14	0	0	*	2
206	8242	177	15	0	0	*	2
207	8282	180	16	0	0	*	2
208	8322	182	17	0	0	*	2
209	8362	184	18	0	0	*	2
210	8402	186	20	0	0	*	2
211	8442	188	21	0	0	*	2
212	8482	191	22	0	0	*	2
213	8522	193	23	0	0	*	2
214	8562	194	24	0	0	*	2
215	8602	197	26	0	0	*	2
216	8642	198	27	0	0	*	2
217	8682	200	28	0	0	*	2
218	8722	202	30	0	0	*	2
219	8762	204	31	0	0	*	2
220	8802	206	32	0	0	*	2
221	8842	207	34	0	0	*	2
222	8882	209	36	0	0	*	2
223	8922	211	38	0	0	*	2
224	8962	213	40	0	0	*	2
225	9002	215	42	0	0	*	2
226	9042	216	44	0	0	*	2
227	9082	218	46	0	0	*	2
228	9122	219	47	0	0	*	2
229	9162	221	49	0	0	*	2
230	9202	223	51	0	0	*	2
231	9242	224	53	0	0	*	2
232	9282	225	55	0	0	*	2
233	9322	227	58	0	0	*	2
234	9362	229	60	0	0	*	2
235	9402	230	62	0	0	*	2
236	9442	231	65	0	0	*	2
237	9482	232	66	0	0	*	2
238	9522	233	69	0	0	*	2
239	9562	235	71	0	0	*	2
240	9602	236	73	0	0	*	2
241	9642	237	75	0	0	*	2
242	9682	239	78	0	0	*	2
243	9722	240	80	0	0	*	2
244	9762	241	83	0	0	*	2
245	9802	243	86	0	0	*	2
246	9842	243	88	0	0	*	2
247	9882	244	90	0	0	*	2
248	9922	245	93	0	0	*	2
249	9962	245	94	0	0	*	2
250	10002	246	96	0	0	*	2
251	10042	246	99	0	0	*	2
252	10082	247	101	0	0	*	2
253	10122	247	104	0	0	*	2
254	10162	248	106	0	0	*	2
255	10202	248	109	0	0	*	2
256	10242	248	111	0	0	*	2
257	10282	249	114	0	0	*	2
258	10322	249	116	0	0	*	2
259	10362	249	119	0	0	*	2
260	10402	249	121	0	0	*	2
261	10442	249	123	0	0	*	2
262	10482	249	126	0	0	*	2
263	10522	249	128	0	0	*	2
264	10562	249	130	0	0	*	2
265	10602	249	133	0	0	*	2
266	10642	249	135	0	0	*	2
267	10682	248	138	0	0	*	2
268	10722	248	139	0	0	*	2
269	10762	248	142	0	0	*	2
270	10802	248	144	0	0	*	2
271	10842	248	147	0	0	*	2
272	10882	247	149	0	0	*	2
273	10922	247	151	0	0	*	2
274	10962	246	153	0	0	*	2
275	11002	246	155	0	0	*	2
276	11042	245	158	0	0	*	2
277	11082	244	160	0	0	*	2
278	11122	244	162	0	0	*	2
279	11162	243	164	0	0	*	2
280	11202	242	166	0	0	*	2
281	11242	241	169	0	0	*	2
282	11282	240	171	0	0	*	2
283	11322	239	174	0	0	*	2
284	11362	239	176	0	0	*	2
285	11402	238	177	0	0	*	2
286	11442	236	180	0	0	*	2
287	11482	235	181	0	0	*	2
288	11522	234	184	0	0	*	2
289	11562	233	185	0	0	*	2
290	11602	232	188	0	0	*	2
291	11642	231	189	0	0	*	2
292	11682	229	192	0	0	*	2
293	11722	228	194	0	0	*	2
294	11762	227	195	0	0	*	2
295	11802	225	198	0	0	*	2
296	11842	223	200	0	0	*	2
297	11882	222	201	0	0	*	2
298	11922	221	203	0	0	*	2
299	11962	219	205	0	0	*	2
300	12002	218	207	0	0	*	2
301	12042	216	209	0	0	*	2
302	12082	214	210	0	0	*	2
303	12122	213	211	0	0	*	2
304	12162	211	213	0	0	*	2
305	12202	209	214	0	0	*	2
306	12242	208	216	0	0	*	2
307	12282	206	217	0	0	*	2
308	12322	204	219	0	0	*	2
309	12362	203	220	0	0	*	2
310	12402	200	222	0	0	*	2
311	12442	198	223	0	0	*	2
312	12482	197	224	0	0	*	2
313	12522	195	226	0	0	*	2
314	12562	193	227	0	0	*	2
315	12602	192	228	0	0	*	2
316	12642	189	230	0	0	*	2
317	12682	187	231	0	0	*	2
318	12722	185	232	0	0	*	2
319	12762	183	233	0	0	*	2
320	12802	182	233	0	0	*	2
321	12842	180	234	0	0	*	2
322	12882	177	235	0	0	*	2
323	12922	175	236	0	0	*	2
324	12962	173	237	0	0	*	2
325	13002	171	238	0	0	*	2
326	13042	170	238	0	0	*	2
327	13082	167	239	0	0	*	2
328	13122	165	240	0	0	*	2
329	13162	163	240	0	0	*	2
330	13202	160	241	0	0	*	2
331	13242	158	242	0	0	*	2
332	13282	157	242	0	0	*	2
333	13322	155	242	0	0	*	2
334	13362	152	243	0	0	*	2
335	13402	150	243	0	0	*	2
336	13442	147	244	0	0	*	2
337	13482	145	244	0	0	*	2
338	13522	143	244	0	0	*	2
339	13562	141	245	0	0	*	2
340	13602	138	245	0	0	*	2
341	13642	136	245	0	0	*	2
342	13682	134	245	0	0	*	2
343	13722	139	244	0	0	*	2
344	13762	121	246	0	0	*	2
345	13802	126	245	0	0	*	2
346	13842	116	246	0	0	*	2
347	13882	114	246	0	0	*	2
348	13922	111	246	0	0	*	2
349	13962	109	245	0	0	*	2
350	14002	107	245	0	0	*	2
351	14042	110	245	0	0	*	2
352	14082	108	244	0	0	*	2
353	14122	107	244	0	0	*	2
354	14162	104	244	0	0	*	2
355	14202	102	243	0	0	*	2
356	14242	99	243	0	0	*	2
357	14282	97	242	0	0	*	2
358	14322	95	242	0	0	*	2
359	14362	93	241	0	0	*	2
360	14402	90	241	0	0	*	2
361	14442	88	240	0	0	*	2
362	14482	86	239	0	0	*	2
363	14522	84	238	0	0	*	2
364	14562	82	237	0	0	*	2
365	14602	80	236	0	0	*	2
366	14642	77	235	0	0	*	2
367	14682	76	235	0	0	*	2
368	14722	73	233	0	0	*	2
369	14762	72	232	0	0	*	2
370	14802	70	232	0	0	*	2
371	14842	67	230	0	0	*	2
372	14882	65	229	0	0	*	2
373	14922	63	228	0	0	*	2
374	14962	61	227	0	0	*	2
375	15002	60	225	0	0	*	2
376	15042	58	224	0	0	*	2
377	15082	55	222	0	0	*	2
378	15122	54	221	0	0	*	2
379	15162	52	220	0	0	*	2
380	15202	50	218	0	0	*	2
381	15242	48	216	0	0	*	2
382	15282	46	215	0	0	*	2
383	15322	44	213	0	0	*	2
384	15362	42	211	0	0	*	2
385	15402	40	209	0	0	*	2
386	15442	38	208	0	0	*	2
387	15482	37	206	0	0	*	2
388	15522	35	204	0	0	*	2
389	15562	33	202	0	0	*	2
390	15602	32	200	0	0	*	2
391	15642	30	198	0	0	*	2
392	15682	29	196	0	0	*	2
393	15722	27	194	0	0	*	2
394	15762	25	192	0	0	*	2
395	15802	24	190	0	0	*	2
396	15842	23	188	0	0	*	2
397	15882	22	186	0	0	*	2
398	15922	21	184	0	0	*	2
399	15962	20	182	0	0	*	2
400	16002	18	179	0	0	*	2
401	16042	17	177	0	0	*	2
402	16082	16	175	0	0	*	2
403	16122	15	172	0	0	*	2
404	16162	14	170	0	0	*	2
405	16202	13	167	0	0	*	2
406	16242	12	165	0	0	*	2
407	16282	12	162	0	0	*	2
408	16322	11	160	0	0	*	2
409	16362	11	158	0	0	*	2
410	16402	10	155	0	0	*	2
411	16442	9	152	0	0	*	2
412	16482	9	150	0	0	*	2
413	16522	8	147	0	0	*	2
414	16562	8	145	0	0	*	2
415	16602	7	142	0	0	*	2
416	16642	7	139	0	0	*	2
417	16682	6	137	0	0	*	2
418	16722	6	134	0	0	*	2
419	16762	6	132	0	0	*	2
420	16802	6	129	0	0	*	2
421	16842	6	126	0	0	*	2
422	16882	6	124	0	0	*	2
423	16922	6	121	0	0	*	2
424	16962	6	118	0	0	*	2
425	17002	6	116	0	0	*	2
426	17042	6	113	0	0	*	2
427	17082	7	111	0	0	*	2
428	17122	7	108	0	0	*	2
429	17162	8	105	0	0	*	2
430	17202	8	103	0	0	*	2
431	17242	8	101	0	0	*	2
432	17282	9	98	0	0	*	2
433	17322	10	95	0	0	*	2
434	17362	10	93	0	0	*	2
435	17402	11	90	0	0	*	2
436	17442	12	88	0	0	*	2
437	17482	12	86	0	0	*	2
438	17522	13	83	0	0	*	2
439	17562	14	81	0	0	*	2
440	17602	15	78	0	0	*	2
441	17642	16	75	0	0	*	2
442	17682	17	74	0	0	*	2
443	17722	18	71	0	0	*	2
444	17762	20	69	0	0	*	2
445	17802	21	67	0	0	*	2
446	17842	22	64	0	0	*	2
447	17882	24	62	0	0	*	2
448	17922	24	60	0	0	*	2
449	17962	26	57	0	0	*	2
450	18002	28	55	0	0	*	2
451	18042	29	53	0	0	*	2
452	18082	31	51	0	0	*	2
453	18122	33	49	0	0	*	2
454	18162	34	47	0	0	*	2
455	18202	36	45	0	0	*	2
456	18242	38	43	0	0	*	2
457	18282	40	41	0	0	*	2
458	18322	41	39	0	0	*	2
459	18362	43	37	0	0	*	2
460	18402	45	35	0	0	*	2
461	18442	47	34	0	0	*	2
462	18482	49	32	0	0	*	2
463	18522	52	30	0	0	*	2
464	18562	54	28	0	0	*	2
465	18602	56	26	0	0	*	2
466	18642	58	25	0	0	*	2
467	18682	61	23	0	0	*	2
468	18722	63	22	0	0	*	2
469	18762	65	21	0	0	*	2
470	18802	68	19	0	0	*	2
471	18842	70	18	0	0	*	2
472	18882	72	17	0	0	*	2
473	18922	74	16	0	0	*	2
474	18962	77	15	0	0	*	2
475	19002	80	13	0	0	*	2
476	19042	83	12	0	0	*	2
477	19082	85	12	0	0	*	2
478	19122	87	11	0	0	*	2
479	19162	90	10	0	0	*	2
480	19202	92	9	0	0	*	2
481	19242	95	8	0	0	*	2
482	19282	98	7	0	0	*	2
483	19322	100	7	0	0	*	2
484	19362	103	6	0	0	*	2
485	19402	106	6	0	0	*	2
486	19442	108	5	0	0	*	2
487	19482	111	5	0	0	*	2
488	19522	113	4	0	0	*	2
489	19562	116	4	0	0	*	2
490	19602	119	4	0	0	*	2
491	19642	121	4	0	0	*	2
492	19682	124	3	0	0	*	2
493	19722	127	3	0	0	*	2
494	19762	129	3	0	0	*	2
495	19802	132	3	0	0	*	2
496	19842	134	3	0	0	*	2
497	19882	137	4	0	0	*	2
498	19922	140	4	0	0	*	2
499	19962	143	4	0	0	*	2
500	20002	145	5	0	0	*	2
501	20042	147	5	0	0	*	2
502	20082	150	6	0	0	*	2
503	20122	153	6	0	0	*	2
504	20162	156	7	0	0	*	2
505	20202	158	8	0	0	*	2
506	20242	161	8	0	0	*	2
507	20282	163	9	0	0	*	2
508	20322	166	10	0	0	*	2
509	20362	169	11	0	0	*	2
510	20402	171	12	0	0	*	2
511	20442	174	13	0	0	*	2
512	20482	176	14	0	0	*	2
513	20522	178	15	0	0	*	2
514	20562	181	16	0	0	*	2
515	20602	183	17	0	0	*	2
516	20642	186	18	0	0	*	2
517	20682	188	20	0	0	*	2
518	20722	190	21	0	0	*	2
519	20762	193	23	0	0	*	2
520	20802	195	24	0	0	*	2
521	20842	197	25	0	0	*	2
522	20882	199	27	0	0	*	2
523	20922	201	28	0	0	*	2
524	20962	203	30	0	0	*	2
525	21002	205	32	0	0	*	2
526	21042	207	34	0	0	*	2
527	21082	209	36	0	0	*	2
528	21122	211	38	0	0	*	2
529	21162	213	39	0	0	*	2
530	21202	214	41	0	0	*	2
531	21242	216	43	0	0	*	2
532	21282	218	45	0	0	*	2
533	21322	220	47	0	0	*	2
534	21362	222	50	0	0	*	2
535	21402	224	52	0	0	*	2
536	21442	226	55	0	0	*	2
537	21482	227	57	0	0	*	2
538	21522	229	59	0	0	*	2
539	21562	231	62	0	0	*	2
540	21602	232	65	0	0	*	2
541	21642	234	67	0	0	*	2
542	21682	236	70	0	0	*	2
543	21722	237	72	0	0	*	2
544	21762	238	74	0	0	*	2
545	21802	240	76	0	0	*	2
546	21842	241	79	0	0	*	2
547	21882	242	82	0	0	*	2
548	21922	243	84	0	0	*	2
549	21962	243	86	0	0	*	2
550	22002	244	89	0	0	*	2
551	22042	245	92	0	0	*	2
552	22082	246	94	0	0	*	2
553	22122	246	96	0	0	*	2
554	22162	247	99	0	0	*	2
555	22202	247	102	0	0	*	2
556	22242	248	105	0	0	*	2
557	22282	248	108	0	0	*	2
558	22322	249	110	0	0	*	2
559	22362	249	113	0	0	*	2
560	22402	249	116	0	0	*	2
561	22442	249	118	0	0	*	2
562	22482	250	120	0	0	*	2
563	22522	250	123	0	0	*	2
564	22562	250	125	0	0	*	2
565	22602	250	128	0	0	*	2
566	22642	250	131	0	0	*	2
567	22682	249	134	0	0	*	2
568	22722	249	136	0	0	*	2
569	22762	249	139	0	0	*	2
570	22802	249	141	0	0	*	2
571	22842	248	143	0	0	*	2
572	22882	248	146	0	0	*	2
573	22922	247	149	0	0	*	2
574	22962	247	151	0	0	*	2
575	23002	246	154	0	0	*	2
576	23042	246	156	0	0	*	2
577	23082	245	159	0	0	*	2
578	23122	244	161	0	0	*	2
579	23162	243	163	0	0	*	2
580	23202	243	166	0	0	*	2
581	23242	242	168	0	0	*	2
582	23282	241	170	0	0	*	2
583	23322	240	173	0	0	*	2
584	23362	239	175	0	0	*	2
585	23402	238	178	0	0	*	2
586	23442	236	180	0	0	*	2
587	23482	235	182	0	0	*	2
588	23522	234	184	0	0	*	2
589	23562	233	186	0	0	*	2
590	23602	232	188	0	0	*	2
591	23642	231	190	0	0	*	2
592	23682	229	193	0	0	*	2
593	23722	228	195	0	0	*	2
594	23762	227	196	0	0	*	2
595	23802	225	198	0	0	*	2
596	23842	223	200	0	0	*	2
597	23882	222	202	0	0	*	2
598	23922	220	204	0	0	*	2
599	23962	219	206	0	0	*	2
600	24002	217	207	0	0	*	2
601	24042	216	209	0	0	*	2
602	24082	214	210	0	0	*	2
603	24122	212	212	0	0	*	2
604	24162	210	214	0	0	*	2
605	24202	209	215	0	0	*	2
606	24242	207	216	0	0	*	2
607	24282	205	218	0	0	*	2
608	24322	204	220	0	0	*	2
609	24362	202	221	0	0	*	2
610	24402	200	223	0	0	*	2
611	24442	198	224	0	0	*	2
612	24482	196	225	0	0	*	2
613	24522	194	227	0	0	*	2
614	24562	193	228	0	0	*	2
615	24602	191	229	0	0	*	2
616	24642	188	231	0	0	*	2
617	24682	186	232	0	0	*	2
618	24722	185	232	0	0	*	2
619	24762	183	233	0	0	*	2
620	24802	181	234	0	0	*	2
621	24842	179	235	0	0	*	2
622	24882	176	236	0	0	*	2
623	24922	174	237	0	0	*	2
624	24962	172	238	0	0	*	2
625	25002	170	238	0	0	*	2
626	25042	168	239	0	0	*	2
627	25082	166	240	0	0	*	2
628	25122	164	241	0	0	*	2
629	25162	162	241	0	0	*	2
630	25202	160	242	0	0	*	2
631	25242	158	243	0	0	*	2
632	25282	155	243	0	0	*	2
633	25322	153	244	0	0	*	2
634	25362	151	244	0	0	*	2
635	25402	148	245	0	0	*	2
636	25442	146	245	0	0	*	2
637	25482	144	245	0	0	*	2
638	25522	142	246	0	0	*	2
639	25562	139	246	0	0	*	2
640	25602	137	246	0	0	*	2
641	25642	135	246	0	0	*	2
642	25682	133	246	0	0	*	2
643	25722	130	246	0	0	*	2
644	25762	128	246	0	0	*	2
645	25802	125	246	0	0	*	2
646	25842	116	247	0	0	*	2
647	25882	120	246	0	0	*	2
648	25922	118	246	0	0	*	2
649	25962	115	245	0	0	*	2
650	26002	113	245	0	0	*	2
651	26042	111	245	0	0	*	2
652	26082	109	245	0	0	*	2
653	26122	100	244	0	0	*	2
654	26162	104	244	0	0	*	2
655	26202	102	244	0	0	*	2
656	26242	100	243	0	0	*	2
657	26282	97	243	0	0	*	2
658	26322	96	242	0	0	*	2
659	26362	94	242	0	0	*	2
660	26402	91	241	0	0	*	2
661	26442	89	240	0	0	*	2
662	26482	87	239	0	0	*	2
663	26522	85	239	0	0	*	2
664	26562	83	238	0	0	*	2
665	26602	81	237	0	0	*	2
666	26642	79	236	0	0	*	2
667	26682	76	235	0	0	*	2
668	26722	74	234	0	0	*	2
669	26762	73	233	0	0	*	2
670	26802	70	232	0	0	*	2
671	26842	68	231	0	0	*	2
672	26882	66	230	0	0	*	2
673	26922	64	229	0	0	*	2
674	26962	62	227	0	0	*	2
675	27002	60	226	0	0	*	2
676	27042	58	224	0	0	*	2
677	27082	56	223	0	0	*	2
678	27122	54	221	0	0	*	2
679	27162	52	219	0	0	*	2
680	27202	50	218	0	0	*	2
681	27242	48	216	0	0	*	2
682	27282	46	214	0	0	*	2
683	27322	44	213	0	0	*	2
684	27362	42	211	0	0	*	2
685	27402	40	209	0	0	*	2
686	27442	38	208	0	0	*	2
687	27482	36	206	0	0	*	2
688	27522	35	204	0	0	*	2
689	27562	34	202	0	0	*	2
690	27602	32	200	0	0	*	2
691	27642	30	198	0	0	*	2
692	27682	29	196	0	0	*	2
693	27722	27	194	0	0	*	2
694	27762	26	192	0	0	*	2
695	27802	24	190	0	0	*	2
696	27842	23	188	0	0	*	2
697	27882	22	186	0	0	*	2
698	27922	21	184	0	0	*	2
699	27962	20	182	0	0	*	2
700	28002	19	180	0	0	*	2
701	28042	17	177	0	0	*	2
702	28082	16	175	0	0	*	2
703	28122	16	173	0	0	*	2
704	28162	15	170	0	0	*	2
705	28202	14	168	0	0	*	2
706	28242	13	166	0	0	*	2
707	28282	12	163	0	0	*	2
708	28322	12	161	0	0	*	2
709	28362	11	159	0	0	*	2
710	28402	11	156	0	0	*	2
711	28442	10	154	0	0	*	2
712	28482	9	152	0	0	*	2
713	28522	9	149	0	0	*	2
714	28562	8	147	0	0	*	2
715	28602	8	144	0	0	*	2
716	28642	7	142	0	0	*	2
717	28682	7	140	0	0	*	2
718	28722	6	138	0	0	*	2
719	28762	6	135	0	0	*	2
720	28802	6	133	0	0	*	2
721	28842	6	131	0	0	*	2
722	28882	6	128	0	0	*	2
723	28922	6	125	0	0	*	2
724	28962	6	123	0	0	*	2
725	29002	6	120	0	0	*	2
726	29042	6	118	0	0	*	2
727	29082	6	116	0	0	*	2
728	29122	6	113	0	0	*	2
729	29162	7	110	0	0	*	2
730	29202	7	108	0	0	*	2
731	29242	7	106	0	0	*	2
732	29282	8	103	0	0	*	2
733	29322	9	101	0	0	*	2
734	29362	9	99	0	0	*	2
735	29402	10	96	0	0	*	2
736	29442	11	94	0	0	*	2
737	29482	12	92	0	0	*	2
738	29522	12	89	0	0	*	2
739	29562	13	87	0	0	*	2
740	29602	14	84	0	0	*	2
741	29642	15	82	0	0	*	2
742	29682	16	79	0	0	*	2
743	29722	17	77	0	0	*	2
744	29762	18	74	0	0	*	2
745	29802	19	71	0	0	*	2
746	29842	20	70	0	0	*	2
747	29882	21	68	0	0	*	2
748	29922	22	65	0	0	*	2
749	29962	24	63	0	0	*	2
750	30002	24	61	0	0	*	2
751	30042	26	58	0	0	*	2
752	30082	27	56	0	0	*	2
753	30122	29	54	0	0	*	2
754	30162	31	52	0	0	*	2
755	30202	32	50	0	0	*	2
756	30242	34	47	0	0	*	2
757	30282	36	46	0	0	*	2
758	30322	38	44	0	0	*	2
759	30362	40	42	0	0	*	2
760	30402	42	40	0	0	*	2
761	30442	44	38	0	0	*	2
762	30482	46	36	0	0	*	2
763	30522	48	35	0	0	*	2
764	30562	49	33	0	0	*	2
765	30602	51	31	0	0	*	2
766	30642	53	29	0	0	*	2
767	30682	55	28	0	0	*	2
768	30722	57	26	0	0	*	2
769	30762	59	25	0	0	*	2
770	30802	61	23	0	0	*	2
771	30842	63	22	0	0	*	2
772	30882	65	21	0	0	*	2
773	30922	68	19	0	0	*	2
774	30962	70	18	0	0	*	2
775	31002	72	17	0	0	*	2
776	31042	74	16	0	0	*	2
777	31082	77	15	0	0	*	2
778	31122	79	14	0	0	*	2
779	31162	82	13	0	0	*	2
780	31202	84	12	0	0	*	2
781	31242	86	11	0	0	*	2
782	31282	88	10	0	0	*	2
783	31322	91	9	0	0	*	2
784	31362	94	9	0	0	*	2
785	31402	96	8	0	0	*	2
786	31442	98	7	0	0	*	2
787	31482	101	7	0	0	*	2
788	31522	103	6	0	0	*	2
789	31562	106	6	0	0	*	2
790	31602	108	5	0	0	*	2
791	31642	110	5	0	0	*	2
792	31682	113	5	0	0	*	2
793	31722	115	4	0	0	*	2
794	31762	117	4	0	0	*	2
795	31802	120	4	0	0	*	2
796	31842	122	4	0	0	*	2
797	31882	125	4	0	0	*	2
798	31922	127	3	0	0	*	2
799	31962	129	3	0	0	*	2
800	32002	132	3	0	0	*	2
801	32042	134	4	0	0	*	2
802	32082	137	4	0	0	*	2
803	32122	139	4	0	0	*	2
804	32162	142	4	0	0	*	2
805	32202	144	5	0	0	*	2
806	32242	146	5	0	0	*	2
807	32282	148	5	0	0	*	2
808	32322	151	6	0	0	*	2
809	32362	154	7	0	0	*	2
810	32402	156	7	0	0	*	2
811	32442	158	8	0	0	*	2
812	32482	160	8	0	0	*	2
813	32522	163	9	0	0	*	2
814	32562	165	10	0	0	*	2
815	32602	168	10	0	0	*	2
816	32642	170	11	0	0	*	2
817	32682	171	12	0	0	*	2
818	32722	174	13	0	0	*	2
819	32762	176	14	0	0	*	2
820	32802	179	15	0	0	*	2
821	32842	181	16	0	0	*	2
822	32882	183	17	0	0	*	2
823	32922	185	18	0	0	*	2
824	32962	187	19	0	0	*	2
825	33002	189	21	0	0	*	2
826	33042	192	22	0	0	*	2
827	33082	194	23	0	0	*	2
828	33122	195	24	0	0	*	2
829	33162	197	25	0	0	*	2
830	33202	199	27	0	0	*	2
831	33242	201	29	0	0	*	2
832	33282	203	30	0	0	*	2
833	33322	205	31	0	0	*	2
834	33362	206	33	0	0	*	2
835	33402	208	35	0	0	*	2
836	33442	210	36	0	0	*	2
837	33482	212	38	0	0	*	2
838	33522	214	40	0	0	*	2
839	33562	215	41	0	0	*	2
840	33602	216	43	0	0	*	2
841	33642	218	45	0	0	*	2
842	33682	219	46	0	0	*	2
843	33722	221	49	0	0	*	2
844	33762	222	51	0	0	*	2
845	33802	224	53	0	0	*	2
846	33842	226	55	0	0	*	2
847	33882	228	57	0	0	*	2
848	33922	229	59	0	0	*	2
849	33962	231	62	0	0	*	2
850	34002	232	64	0	0	*	2
851	34042	233	66	0	0	*	2
852	34082	235	68	0	0	*	2
853	34122	236	70	0	0	*	2
854	34162	237	73	0	0	*	2
855	34202	239	75	0	0	*	2
856	34242	240	77	0	0	*	2
857	34282	240	79	0	0	*	2
858	34322	241	82	0	0	*	2
859	34362	242	84	0	0	*	2
860	34402	243	86	0	0	*	2
861	34442	244	88	0	0	*	2
862	34482	244	90	0	0	*	2
863	34522	245	93	0	0	*	2
864	34562	246	94	0	0	*	2
865	34602	246	97	0	0	*	2
866	34642	247	100	0	0	*	2
867	34682	247	102	0	0	*	2
868	34722	248	104	0	0	*	2
869	34762	248	106	0	0	*	2
870	34802	248	109	0	0	*	2
871	34842	249	111	0	0	*	2
872	34882	249	114	0	0	*	2
873	34922	249	116	0	0	*	2
874	34962	249	118	0	0	*	2
875	35002	249	120	0	0	*	2
876	35042	249	122	0	0	*	2
877	35082	249	124	0	0	*	2
878	35122	249	127	0	0	*	2
879	35162	249	129	0	0	*	2
880	35202	249	132	0	0	*	2
881	35242	249	134	0	0	*	2
882	35282	249	136	0	0	*	2
883	35322	249	138	0	0	*	2
884	35362	248	140	0	0	*	2
885	35402	248	143	0	0	*	2
886	35442	248	145	0	0	*	2
887	35482	247	146	0	0	*	2
888	35522	247	148	0	0	*	2
889	35562	247	151	0	0	*	2
890	35602	246	153	0	0	*	2
891	35642	245	156	0	0	*	2
892	35682	245	158	0	0	*	2
893	35722	244	159	0	0	*	2
894	35762	244	162	0	0	*	2
895	35802	243	163	0	0	*	2
896	35842	242	166	0	0	*	2
897	35882	242	167	0	0	*	2
898	35922	241	169	0	0	*	2
899	35962	240	171	0	0	*	2
900	36002	239	173	0	0	*	2
901	36042	238	175	0	0	*	2
902	36082	237	177	0	0	*	2
903	36122	237	178	0	0	*	2
904	36162	236	179	0	0	*	2
905	36202	235	181	0	0	*	2
906	36242	234	183	0	0	*	2
907	36282	234	184	0	0	*	2
908	36322	233	185	0	0	*	2
909	36362	232	186	0	0	*	2
910	36402	231	188	0	0	*	2
911	36442	231	189	0	0	*	2
912	36482	230	191	0	0	*	2
913	36522	229	192	0	0	*	2
914	36562	229	193	0	0	*	2
915	36602	228	195	0	0	*	2
916	36642	227	195	0	0	*	2
917	36682	226	197	0	0	*	2
918	36722	225	198	0	0	*	2
919	36762	224	199	0	0	*	2
920	36802	223	200	0	0	*	2
921	36842	222	200	0	0	*	2
922	36882	222	201	0	0	*	2
923	36922	221	202	0	0	*	2
924	36962	220	202	0	0	*	2
925	37002	219	203	0	0	*	2
926	37042	218	205	0	0	*	2
927	37082	217	206	0	0	*	2
928	37122	216	206	0	0	*	2
929	37162	215	207	0	0	*	2
930	37202	214	208	0	0	*	2
931	37242	213	209	0	0	*	2
932	37282	211	209	0	0	*	2
933	37322	210	210	0	0	*	2
934	37362	209	212	0	0	*	2
935	37402	207	213	0	0	*	2
936	37442	206	214	0	0	*	2
937	37482	204	216	0	0	*	2
938	37522	203	217	0	0	*	2
939	37562	201	219	0	0	*	2
940	37602	199	220	0	0	*	2
941	37642	197	222	0	0	*	2
942	37682	195	223	0	0	*	2
943	37722	194	224	0	0	*	2
944	37762	192	227	0	0	*	2
945	37802	190	228	0	0	*	2
946	37842	188	229	0	0	*	2
947	37882	186	231	0	0	*	2
948	37922	184	232	0	0	*	2
949	37962	182	233	0	0	*	2
950	38002	180	235	0	0	*	2
951	38042	178	235	0	0	*	2
952	38082	176	236	0	0	*	2
953	38122	174	237	0	0	*	2
954	38162	171	238	0	0	*	2
955	38202	169	239	0	0	*	2
956	38242	167	240	0	0	*	2
957	38282	165	240	0	0	*	2
958	38322	163	241	0	0	*	2
959	38362	161	241	0	0	*	2
960	38402	158	242	0	0	*	2
961	38442	157	242	0	0	*	2
962	38482	155	242	0	0	*	2
963	38522	152	242	0	0	*	2
964	38562	150	243	0	0	*	2
965	38602	147	243	0	0	*	2
966	38642	145	243	0	0	*	2
967	38682	143	244	0	0	*	2
968	38722	141	244	0	0	*	2
969	38762	138	244	0	0	*	2
970	38802	136	244	0	0	*	2
971	38842	134	244	0	0	*	2
972	38882	132	244	0	0	*	2
973	38922	121	246	0	0	*	2
974	38962	120	246	0	0	*	2
975	39002	117	246	0	0	*	2
976	39042	121	244	0	0	*	2
977	39082	119	244	0	0	*	2
978	39122	110	246	0	0	*	2
979	39162	108	245	0	0	*	2
980	39202	105	245	0	0	*	2
981	39242	109	244	0	0	*	2
982	39282	107	244	0	0	*	2
983	39322	104	243	0	0	*	2
984	39362	101	243	0	0	*	2
985	39402	99	243	0	0	*	2
986	39442	97	242	0	0	*	2
987	39482	95	242	0	0	*	2
988	39522	92	241	0	0	*	2
989	39562	90	240	0	0	*	2
990	39602	87	240	0	0	*	2
991	39642	85	239	0	0	*	2
992	39682	84	238	0	0	*	2
993	39722	81	237	0	0	*	2
994	39762	79	236	0	0	*	2
995	39802	77	235	0	0	*	2
996	39842	75	234	0	0	*	2
997	39882	73	233	0	0	*	2
998	39922	72	232	0	0	*	2
999	39962	70	231	0	0	*	2
1000	40002	67	230	0	0	*	2
1001	40042	66	229	0	0	*	2
1002	40082	63	227	0	0	*	2
1003	40122	62	226	0	0	*	2
1004	40162	60	224	0	0	*	2
1005	40202	58	223	0	0	*	2
1006	40242	56	221	0	0	*	2
1007	40282	54	220	0	0	*	2
1008	40322	52	218	0	0	*	2
1009	40362	50	217	0	0	*	2
1010	40402	49	215	0	0	*	2
1011	40442	47	214	0	0	*	2
1012	40482	45	212	0	0	*	2
1013	40522	43	211	0	0	*	2
1014	40562	41	209	0	0	*	2
1015	40602	40	208	0	0	*	2
1016	40642	38	206	0	0	*	2
1017	40682	36	205	0	0	*	2
1018	40722	35	203	0	0	*	2
1019	40762	33	201	0	0	*	2
1020	40802	32	199	0	0	*	2
1021	40842	31	198	0	0	*	2
1022	40882	29	196	0	0	*	2
1023	40922	28	194	0	0	*	2
1024	40962	26	192	0	0	*	2
1025	41002	25	190	0	0	*	2
1026	41042	24	188	0	0	*	2
1027	41082	23	186	0	0	*	2
1028	41122	22	185	0	0	*	2
1029	41162	20	182	0	0	*	2
1030	41202	19	180	0	0	*	2
1031	41242	18	178	0	0	*	2
1032	41282	17	176	0	0	*	2
1033	41322	17	175	0	0	*	2
1034	41362	16	173	0	0	*	2
1035	41402	15	171	0	0	*	2
1036	41442	14	168	0	0	*	2
1037	41482	13	166	0	0	*	2
1038	41522	12	164	0	0	*	2
1039	41562	12	163	0	0	*	2
1040	41602	11	161	0	0	*	2
1041	41642	11	158	0	0	*	2
1042	41682	10	156	0	0	*	2
1043	41722	9	154	0	0	*	2
1044	41762	9	152	0	0	*	2
1045	41802	8	150	0	0	*	2
1046	41842	8	147	0	0	*	2
1047	41882	7	145	0	0	*	2
1048	41922	7	143	0	0	*	2
1049	41962	7	140	0	0	*	2
1050	42002	6	138	0	0	*	2
1051	42042	6	136	0	0	*	2
1052	42082	6	134	0	0	*	2
1053	42122	6	132	0	0	*	2
1054	42162	6	129	0	0	*	2
1055	42202	6	127	0	0	*	2
1056	42242	6	124	0	0	*	2
1057	42282	6	122	0	0	*	2
1058	42322	6	120	0	0	*	2
1059	42362	6	117	0	0	*	2
1060	42402	6	116	0	0	*	2
1061	42442	7	113	0	0	*	2
1062	42482	7	111	0	0	*	2
1063	42522	8	109	0	0	*	2
1064	42562	8	106	0	0	*	2
1065	42602	8	104	0	0	*	2
1066	42642	9	102	0	0	*	2
1067	42682	9	99	0	0	*	2
1068	42722	10	97	0	0	*	2
1069	42762	10	95	0	0	*	2
1070	42802	11	93	0	0	*	2
1071	42842	11	91	0	0	*	2
1072	42882	12	88	0	0	*	2
1073	42922	12	86	0	0	*	2
1074	42962	13	84	0	0	*	2
1075	43002	14	82	0	0	*	2
1076	43042	15	80	0	0	*	2
1077	43082	16	78	0	0	*	2
1078	43122	17	75	0	0	*	2
1079	43162	18	73	0	0	*	2
1080	43202	19	71	0	0	*	2
1081	43242	20	70	0	0	*	2
1082	43282	21	67	0	0	*	2
1083	43322	22	66	0	0	*	2
1084	43362	23	64	0	0	*	2
1085	43402	24	61	0	0	*	2
1086	43442	25	60	0	0	*	2
1087	43482	26	58	0	0	*	2
1088	43522	28	56	0	0	*	2
1089	43562	29	54	0	0	*	2
1090	43602	31	52	0	0	*	2
1091	43642	33	49	0	0	*	2
1092	43682	34	48	0	0	*	2
1093	43722	35	46	0	0	*	2
1094	43762	37	45	0	0	*	2
1095	43802	38	43	0	0	*	2
1096	43842	40	41	0	0	*	2
1097	43882	42	39	0	0	*	2
1098	43922	43	38	0	0	*	2
1099	43962	45	36	0	0	*	2
1100	44002	47	34	0	0	*	2
1101	44042	49	32	0	0	*	2
1102	44082	51	30	0	0	*	2
1103	44122	53	29	0	0	*	2
1104	44162	55	27	0	0	*	2
1105	44202	57	26	0	0	*	2
1106	44242	59	25	0	0	*	2
1107	44282	61	23	0	0	*	2
1108	44322	63	22	0	0	*	2
1109	44362	65	21	0	0	*	2
1110	44402	67	19	0	0	*	2
1111	44442	70	18	0	0	*	2
1112	44482	72	17	0	0	*	2
1113	44522	75	16	0	0	*	2
1114	44562	77	15	0	0	*	2
1115	44602	79	14	0	0	*	2
1116	44642	81	13	0	0	*	2
1117	44682	84	12	0	0	*	2
1118	44722	86	11	0	0	*	2
1119	44762	89	10	0	0	*	2
1120	44802	91	9	0	0	*	2
1121	44842	94	9	0	0	*	2
1122	44882	96	8	0	0	*	2
1123	44922	98	7	0	0	*	2
1124	44962	101	7	0	0	*	2
1125	45002	103	6	0	0	*	2
1126	45042	106	6	0	0	*	2
1127	45082	108	5	0	0	*	2
1128	45122	110	5	0	0	*	2
1129	45162	113	5	0	0	*	2
1130	45202	115	4	0	0	*	2
1131	45242	118	4	0	0	*	2
1132	45282	120	4	0	0	*	2
1133	45322	122	4	0	0	*	2
1134	45362	124	4	0	0	*	2
1135	45402	127	4	0	0	*	2
1136	45442	130	4	0	0	*	2
1137	45482	132	4	0	0	*	2
1138	45522	134	4	0	0	*	2
1139	45562	137	4	0	0	*	2
1140	45602	139	4	0	0	*	2
1141	45642	142	4	0	0	*	2
1142	45682	145	5	0	0	*	2
1143	45722	147	5	0	0	*	2
1144	45762	149	5	0	0	*	2
1145	45802	151	6	0	0	*	2
1146	45842	154	6	0	0	*	2
1147	45882	157	7	0	0	*	2
1148	45922	159	8	0	0	*	2
1149	45962	162	8	0	0	*	2
1150	46002	164	9	0	0	*	2
1151	46042	166	10	0	0	*	2
1152	46082	169	11	0	0	*	2
1153	46122	171	12	0	0	*	2
1154	46162	174	13	0	0	*	2
1155	46202	176	14	0	0	*	2
1156	46242	178	15	0	0	*	2
1157	46282	180	16	0	0	*	2
1158	46322	182	17	0	0	*	2
1159	46362	185	18	0	0	*	2
1160	46402	187	19	0	0	*	2
1161	46442	189	21	0	0	*	2
1162	46482	191	22	0	0	*	2
1163	46522	193	23	0	0	*	2
1164	46562	195	24	0	0	*	2
1165	46602	198	26	0	0	*	2
1166	46642	199	27	0	0	*	2
1167	46682	201	28	0	0	*	2
1168	46722	203	30	0	0	*	2
1169	46762	205	32	0	0	*	2
1170	46802	206	33	0	0	*	2
1171	46842	208	35	0	0	*	2
1172	46882	210	37	0	0	*	2
1173	46922	211	38	0	0	*	2
1174	46962	213	40	0	0	*	2
1175	47002	214	41	0	0	*	2
1176	47042	216	43	0	0	*	2
1177	47082	218	45	0	0	*	2
1178	47122	219	46	0	0	*	2
1179	47162	219	48	0	0	*	2
1180	47202	221	49	0	0	*	2
1181	47242	223	51	0	0	*	2
1182	47282	224	53	0	0	*	2
1183	47322	226	55	0	0	*	2
1184	47362	227	57	0	0	*	2
1185	47402	229	58	0	0	*	2
1186	47442	230	60	0	0	*	2
1187	47482	231	62	0	0	*	2
1188	47522	232	64	0	0	*	2
1189	47562	233	66	0	0	*	2
1190	47602	234	67	0	0	*	2
1191	47642	235	69	0	0	*	2
1192	47682	236	70	0	0	*	2
1193	47722	237	72	0	0	*	2
1194	47762	238	74	0	0	*	2
1195	47802	239	76	0	0	*	2
1196	47842	239	78	0	0	*	2
1197	47882	240	80	0	0	*	2
1198	47922	241	81	0	0	*	2
1199	47962	242	83	0	0	*	2
1200	48002	243	85	0	0	*	2
1201	48042	243	87	0	0	*	2
1202	48082	244	89	0	0	*	2
1203	48122	244	91	0	0	*	2
1204	48162	244	92	0	0	*	2
1205	48202	245	94	0	0	*	2
1206	48242	246	96	0	0	*	2
1207	48282	246	98	0	0	*	2
1208	48322	246	100	0	0	*	2
1209	48362	247	102	0	0	*	2
1210	48402	247	104	0	0	*	2
1211	48442	248	106	0	0	*	2
1212	48482	248	109	0	0	*	2
1213	48522	248	110	0	0	*	2
1214	48562	248	112	0	0	*	2
1215	48602	248	114	0	0	*	2
1216	48642	249	116	0	0	*	2
1217	48682	249	118	0	0	*	2
1218	48722	249	120	0	0	*	2
1219	48762	249	123	0	0	*	2
1220	48802	249	125	0	0	*	2
1221	48842	249	127	0	0	*	2
1222	48882	249	129	0	0	*	2
1223	48922	249	132	0	0	*	2
1224	48962	249	134	0	0	*	2
1225	49002	249	136	0	0	*	2
1226	49042	249	138	0	0	*	2
1227	49082	248	140	0	0	*	2
1228	49122	248	143	0	0	*	2
1229	49162	248	145	0	0	*	2
1230	49202	247	147	0	0	*	2
1231	49242	247	150	0	0	*	2
1232	49282	246	152	0	0	*	2
1233	49322	245	154	0	0	*	2
1234	49362	245	157	0	0	*	2
1235	49402	244	158	0	0	*	2
1236	49442	244	160	0	0	*	2
1237	49482	243	162	0	0	*	2
1238	49522	243	164	0	0	*	2
1239	49562	242	166	0	0	*	2
1240	49602	241	168	0	0	*	2
1241	49642	240	170	0	0	*	2
1242	49682	239	172	0	0	*	2
1243	49722	238	175	0	0	*	2
1244	49762	238	176	0	0	*	2
1245	49802	237	178	0	0	*	2
1246	49842	236	180	0	0	*	2
1247	49882	235	182	0	0	*	2
1248	49922	234	184	0	0	*	2
1249	49962	233	185	0	0	*	2
1250	50002	232	187	0	0	*	2
1251	50042	231	189	0	0	*	2
1252	50082	230	190	0	0	*	2
1253	50122	229	192	0	0	*	2
1254	50162	228	194	0	0	*	2
1255	50202	226	195	0	0	*	2
1256	50242	225	197	0	0	*	2
1257	50282	224	199	0	0	*	2
1258	50322	223	200	0	0	*	2
1259	50362	221	202	0	0	*	2
1260	50402	220	204	0	0	*	2
1261	50442	219	205	0	0	*	2
1262	50482	217	207	0	0	*	2
1263	50522	216	209	0	0	*	2
1264	50562	214	210	0	0	*	2
1265	50602	213	211	0	0	*	2
1266	50642	211	213	0	0	*	2
1267	50682	210	214	0	0	*	2
1268	50722	208	215	0	0	*	2
1269	50762	206	217	0	0	*	2
1270	50802	205	218	0	0	*	2
1271	50842	204	220	0	0	*	2
1272	50882	202	221	0	0	*	2
1273	50922	200	222	0	0	*	2
1274	50962	198	224	0	0	*	2
1275	51002	196	225	0	0	*	2
1276	51042	194	226	0	0	*	2
1277	51082	193	227	0	0	*	2
1278	51122	191	228	0	0	*	2
1279	51162	189	229	0	0	*	2
1280	51202	187	230	0	0	*	2
1281	51242	185	232	0	0	*	2
1282	51282	183	232	0	0	*	2
1283	51322	182	233	0	0	*	2
1284	51362	179	234	0	0	*	2
1285	51402	177	235	0	0	*	2
1286	51442	175	236	0	0	*	2
1287	51482	173	237	0	0	*	2
1288	51522	171	238	0	0	*	2
1289	51562	169	238	0	0	*	2
1290	51602	167	239	0	0	*	2
1291	51642	165	240	0	0	*	2
1292	51682	163	241	0	0	*	2
1293	51722	161	241	0	0	*	2
1294	51762	159	242	0	0	*	2
1295	51802	157	242	0	0	*	2
1296	51842	155	243	0	0	*	2
1297	51882	153	243	0	0	*	2
1298	51922	150	244	0	0	*	2
1299	51962	148	244	0	0	*	2
1300	52002	146	244	0	0	*	2
1301	52042	144	244	0	0	*	2
1302	52082	142	245	0	0	*	2
1303	52122	140	245	0	0	*	2
1304	52162	137	245	0	0	*	2
1305	52202	135	245	0	0	*	2
1306	52242	133	245	0	0	*	2
1307	52282	131	245	0	0	*	2
1308	52322	129	245	0	0	*	2
1309	52362	126	245	0	0	*	2
1310	52402	124	245	0	0	*	2
1311	52442	121	245	0	0	*	2
1312	52482	112	246	0	0	*	2
1313	52522	117	245	0	0	*	2
1314	52562	115	245	0	0	*	2
1315	52602	112	244	0	0	*	2
1316	52642	110	244	0	0	*	2
1317	52682	102	244	0	0	*	2
1318	52722	106	243	0	0	*	2
1319	52762	104	243	0	0	*	2
1320	52802	102	242	0	0	*	2
1321	52842	100	242	0	0	*	2
1322	52882	97	242	0	0	*	2
1323	52922	95	241	0	0	*	2
1324	52962	93	240	0	0	*	2
1325	53002	91	240	0	0	*	2
1326	53042	89	239	0	0	*	2
1327	53082	87	239	0	0	*	2
1328	53122	85	238	0	0	*	2
1329	53162	83	237	0	0	*	2
1330	53202	81	237	0	0	*	2
1331	53242	79	236	0	0	*	2
1332	53282	78	235	0	0	*	2
1333	53322	75	234	0	0	*	2
1334	53362	73	233	0	0	*	2
1335	53402	72	232	0	0	*	2
1336	53442	70	231	0	0	*	2
1337	53482	69	230	0	0	*	2
1338	53522	67	229	0	0	*	2
1339	53562	65	228	0	0	*	2
1340	53602	63	226	0	0	*	2
1341	53642	61	225	0	0	*	2
1342	53682	60	224	0	0	*	2
1343	53722	58	222	0	0	*	2
1344	53762	56	221	0	0	*	2
1345	53802	54	220	0	0	*	2
1346	53842	52	219	0	0	*	2
1347	53882	51	218	0	0	*	2
1348	53922	49	216	0	0	*	2
1349	53962	48	215	0	0	*	2
1350	54002	46	214	0	0	*	2
1351	54042	44	212	0	0	*	2
1352	54082	43	211	0	0	*	2
1353	54122	41	210	0	0	*	2
1354	54162	39	209	0	0	*	2
1355	54202	38	207	0	0	*	2
1356	54242	37	206	0	0	*	2
1357	54282	35	204	0	0	*	2
1358	54322	34	202	0	0	*	2
1359	54362	33	201	0	0	*	2
1360	54402	31	199	0	0	*	2
1361	54442	30	198	0	0	*	2
1362	54482	29	196	0	0	*	2
1363	54522	28	194	0	0	*	2
1364	54562	27	193	0	0	*	2
1365	54602	26	191	0	0	*	2
1366	54642	25	189	0	0	*	2
1367	54682	24	187	0	0	*	2
1368	54722	23	185	0	0	*	2
1369	54762	22	184	0	0	*	2
1370	54802	21	182	0	0	*	2
1371	54842	20	180	0	0	*	2
1372	54882	19	178	0	0	*	2
1373	54922	18	177	0	0	*	2
1374	54962	17	175	0	0	*	2
1375	55002	16	173	0	0	*	2
1376	55042	15	171	0	0	*	2
1377	55082	15	169	0	0	*	2
1378	55122	14	167	0	0	*	2
1379	55162	13	165	0	0	*	2
1380	55202	13	164	0	0	*	2
1381	55242	12	162	0	0	*	2
1382	55282	12	160	0	0	*	2
1383	55322	12	159	0	0	*	2
1384	55362	11	156	0	0	*	2
1385	55402	10	154	0	0	*	2
1386	55442	10	152	0	0	*	2
1387	55482	9	150	0	0	*	2
1388	55522	9	148	0	0	*	2
1389	55562	8	147	0	0	*	2
1390	55602	8	145	0	0	*	2
1391	55642	7	143	0	0	*	2
1392	55682	7	141	0	0	*	2
1393	55722	7	139	0	0	*	2
1394	55762	7	137	0	0	*	2
1395	55802	6	135	0	0	*	2
1396	55842	6	133	0	0	*	2
1397	55882	6	131	0	0	*	2
1398	55922	6	129	0	0	*	2
1399	55962	6	126	0	0	*	2
1400	56002	6	124	0	0	*	2
1401	56042	6	122	0	0	*	2
1402	56082	6	120	0	0	*	2
1403	56122	6	118	0	0	*	2
1404	56162	6	116	0	0	*	2
1405	56202	6	114	0	0	*	2
1406	56242	6	111	0	0	*	2
1407	56282	7	109	0	0	*	2
1408	56322	7	108	0	0	*	2
1409	56362	7	106	0	0	*	2
1410	56402	8	104	0	0	*	2
1411	56442	8	101	0	0	*	2
1412	56482	9	99	0	0	*	2
1413	56522	9	97	0	0	*	2
1414	56562	10	95	0	0	*	2
1415	56602	10	93	0	0	*	2
1416	56642	11	91	0	0	*	2
1417	56682	12	89	0	0	*	2
1418	56722	12	87	0	0	*	2
1419	56762	13	85	0	0	*	2
1420	56802	14	83	0	0	*	2
1421	56842	14	81	0	0	*	2
1422	56882	15	79	0	0	*	2
1423	56922	16	77	0	0	*	2
1424	56962	17	75	0	0	*	2
1425	57002	18	73	0	0	*	2
1426	57042	19	71	0	0	*	2
1427	57082	20	70	0	0	*	2
1428	57122	21	68	0	0	*	2
1429	57162	22	66	0	0	*	2
1430	57202	23	64	0	0	*	2
1431	57242	24	62	0	0	*	2
1432	57282	25	61	0	0	*	2
1433	57322	26	58	0	0	*	2
1434	57362	28	56	0	0	*	2
1435	57402	29	55	0	0	*	2
1436	57442	30	54	0	0	*	2
1437	57482	31	52	0	0	*	2
1438	57522	33	50	0	0	*	2
1439	57562	34	49	0	0	*	2
1440	57602	35	47	0	0	*	2
1441	57642	36	46	0	0	*	2
1442	57682	37	45	0	0	*	2
1443	57722	38	44	0	0	*	2
1444	57762	40	42	0	0	*	2
1445	57802	41	40	0	0	*	2
1446	57842	42	39	0	0	*	2
1447	57882	44	38	0	0	*	2
1448	57922	46	36	0	0	*	2
1449	57962	47	35	0	0	*	2
1450	58002	49	34	0	0	*	2
1451	58042	50	32	0	0	*	2
1452	58082	51	31	0	0	*	2
1453	58122	53	30	0	0	*	2
1454	58162	55	29	0	0	*	2
1455	58202	57	27	0	0	*	2
1456	58242	58	26	0	0	*	2
1457	58282	60	24	0	0	*	2
1458	58322	61	23	0	0	*	2
1459	58362	63	23	0	0	*	2
1460	58402	65	22	0	0	*	2
1461	58442	67	21	0	0	*	2
1462	58482	69	19	0	0	*	2
1463	58522	71	18	0	0	*	2
1464	58562	73	18	0	0	*	2
1465	58602	74	17	0	0	*	2
1466	58642	76	16	0	0	*	2
1467	58682	78	15	0	0	*	2
1468	58722	80	14	0	0	*	2
1469	58762	82	13	0	0	*	2
1470	58802	84	13	0	0	*	2
1471	58842	85	12	0	0	*	2
1472	58882	87	11	0	0	*	2
1473	58922	90	10	0	0	*	2
1474	58962	92	10	0	0	*	2
1475	59002	93	9	0	0	*	2
1476	59042	95	9	0	0	*	2
1477	59082	97	8	0	0	*	2
1478	59122	99	8	0	0	*	2
1479	59162	101	7	0	0	*	2
1480	59202	103	7	0	0	*	2
1481	59242	105	6	0	0	*	2
1482	59282	107	6	0	0	*	2
1483	59322	109	6	0	0	*	2
1484	59362	110	5	0	0	*	2
1485	59402	113	5	0	0	*	2
1486	59442	115	5	0	0	*	2
1487	59482	116	5	0	0	*	2
1488	59522	119	5	0	0	*	2
1489	59562	120	5	0	0	*	2
1490	59602	122	5	0	0	*	2
1491	59642	124	4	0	0	*	2
1492	59682	126	4	0	0	*	2
1493	59722	128	4	0	0	*	2
1494	59762	130	4	0	0	*	2
1495	59802	132	4	0	0	*	2
1496	59842	134	4	0	0	*	2
1497	59882	136	4	0	0	*	2
1498	59922	138	4	0	0	*	2
1499	59962	140	5	0	0	*	2
1500	60002	142	5	0	0	*	2
1501	60042	144	5	0	0	*	2
1502	60082	146	5	0	0	*	2
1503	60122	148	6	0	0	*	2
1504	60162	150	6	0	0	*	2
1505	60202	152	7	0	0	*	2
1506	60242	154	7	0	0	*	2
1507	60282	156	8	0	0	*	2
1508	60322	158	8	0	0	*	2
1509	60362	161	9	0	0	*	2
1510	60402	163	10	0	0	*	2
1511	60442	165	10	0	0	*	2
1512	60482	167	11	0	0	*	2
1513	60522	169	12	0	0	*	2
1514	60562	171	12	0	0	*	2
1515	60602	174	13	0	0	*	2
1516	60642	175	14	0	0	*	2
1517	60682	177	15	0	0	*	2
1518	60722	179	16	0	0	*	2
1519	60762	181	17	0	0	*	2
1520	60802	184	18	0	0	*	2
1521	60842	185	19	0	0	*	2
1522	60882	187	20	0	0	*	2
1523	60922	189	21	0	0	*	2
