%%BEGIN_HEADER
	%%BEGIN DATABASE_INFORMATION
		%Date.0 ( 13.9.2019 )
		%Time.0 ( 17:26 )
	%%END DATABASE_INFORMATION
	%%BEGIN SETUP_INFORMATION
		%TrackerVersion.0 ( Tracker version 2.38 release 12.8.2012 )
		%ElapsedTime_ms.0 ( 60459 )
		%Paradigm.0 ( PlacePreference )
		%FeederParameters.0 ( 1500 0 )
			// %FeederParameters.0 ( ENTRANCE_LATENCY EXIT_LATENCY )
		%ElapsedPath_m.0 ( 0.00 )
		%ArenaDiameter_m.0 ( 1.80 )
		%TrackerResolution_PixPerCM.0 ( 1.4222 )
		%ArenaCenterXY.0 ( 127.5 127.5 )
		%Frame.0 ( RoomFrame )
		%ReinforcedSector.0 ( 190.6093 64.3907 7 )
			//%ReinforcedSector.0 ( CENTER_X CENTER_Y RADIUS )
		%RoomTrackReinforcedSector.0 ( 190.6093 64.3907 7 )
			//%RoomTrackReinforcedSector.0 ( CENTER_X CENTER_Y RADIUS )
	%%END SETUP_INFORMATION
	%%BEGIN RECORD_FORMAT
		%Sample.0 ( FrameCount 1msTimeStamp RoomX RoomY Sectors State Flags FrameInfo )
			//Sectors indicate if the object is in a target. Number is binary coded. Sectors = 0: no target, Sectors = 1: room target, Sectors: = 2 arena target, Sectors: = 3 room and arena target
			////State indicates the Watermaze State: OutsideTarget = 0, EntranceLatency = 1, InsideTarget = 3, OutsideRefractory = 4, BadSpot = 5
			//FrameInfo indicates succesfuly tracked spots: ReferencePoint * 2^0 + Spot0 * 2^(1+0) + Spot1 * 2^(1+1) + Spot2 * 2^(1+2) .... 
	%%END RECORD_FORMAT
%%END_HEADER
1	58	205	217	0	0	*	2
2	98	204	217	0	0	*	2
3	138	204	217	0	0	*	2
4	178	203	217	0	0	*	2
5	218	202	217	0	0	*	2
6	258	202	216	0	0	*	2
7	298	201	215	0	0	*	2
8	338	201	215	0	0	*	2
9	378	200	216	0	0	*	2
10	418	200	216	0	0	*	2
11	458	200	215	0	0	*	2
12	498	199	214	0	0	*	2
13	538	199	214	0	0	*	2
14	578	199	213	0	0	*	2
15	618	198	212	0	0	*	2
16	658	197	212	0	0	*	2
17	698	196	211	0	0	*	2
18	738	196	211	0	0	*	2
19	778	195	209	0	0	*	2
20	818	195	209	0	0	*	2
21	858	194	209	0	0	*	2
22	898	194	208	0	0	*	2
23	938	194	206	0	0	*	2
24	978	194	205	0	0	*	2
25	1018	194	203	0	0	*	2
26	1058	194	201	0	0	*	2
27	1098	194	200	0	0	*	2
28	1138	195	199	0	0	*	2
29	1178	196	197	0	0	*	2
30	1218	197	195	0	0	*	2
31	1258	198	194	0	0	*	2
32	1298	199	193	0	0	*	2
33	1338	200	193	0	0	*	2
34	1378	202	192	0	0	*	2
35	1418	204	191	0	0	*	2
36	1458	206	191	0	0	*	2
37	1498	206	190	0	0	*	2
38	1538	207	190	0	0	*	2
39	1578	209	189	0	0	*	2
40	1618	211	189	0	0	*	2
41	1658	212	189	0	0	*	2
42	1698	214	189	0	0	*	2
43	1738	215	189	0	0	*	2
44	1778	216	190	0	0	*	2
45	1818	217	190	0	0	*	2
46	1858	219	192	0	0	*	2
47	1898	220	192	0	0	*	2
48	1938	221	193	0	0	*	2
49	1978	222	194	0	0	*	2
50	2018	223	195	0	0	*	2
51	2058	224	196	0	0	*	2
52	2098	225	197	0	0	*	2
53	2138	225	198	0	0	*	2
54	2178	225	198	0	0	*	2
55	2218	225	199	0	0	*	2
56	2258	221	196	0	0	*	2
57	2298	221	197	0	0	*	2
58	2338	222	199	0	0	*	2
59	2378	223	201	0	0	*	2
60	2418	222	201	0	0	*	2
61	2458	221	201	0	0	*	2
62	2498	220	201	0	0	*	2
63	2538	219	202	0	0	*	2
64	2578	218	203	0	0	*	2
65	2618	218	203	0	0	*	2
66	2658	218	203	0	0	*	2
67	2698	217	204	0	0	*	2
68	2738	216	204	0	0	*	2
69	2778	215	205	0	0	*	2
70	2818	214	205	0	0	*	2
71	2858	214	206	0	0	*	2
72	2898	213	206	0	0	*	2
73	2938	212	207	0	0	*	2
74	2978	212	208	0	0	*	2
75	3018	211	209	0	0	*	2
76	3058	210	209	0	0	*	2
77	3098	210	210	0	0	*	2
78	3138	209	211	0	0	*	2
79	3178	208	212	0	0	*	2
80	3218	207	213	0	0	*	2
81	3258	206	214	0	0	*	2
82	3298	206	215	0	0	*	2
83	3338	205	216	0	0	*	2
84	3378	204	217	0	0	*	2
85	3418	203	219	0	0	*	2
86	3458	202	220	0	0	*	2
87	3498	204	214	0	0	*	2
88	3538	203	216	0	0	*	2
89	3578	202	217	0	0	*	2
90	3618	201	218	0	0	*	2
91	3658	200	219	0	0	*	2
92	3698	199	220	0	0	*	2
93	3738	198	221	0	0	*	2
94	3778	197	222	0	0	*	2
95	3818	196	223	0	0	*	2
96	3858	194	225	0	0	*	2
97	3898	194	226	0	0	*	2
98	3938	192	227	0	0	*	2
99	3978	191	228	0	0	*	2
100	4018	190	229	0	0	*	2
101	4058	188	230	0	0	*	2
102	4098	187	231	0	0	*	2
103	4138	185	232	0	0	*	2
104	4178	183	232	0	0	*	2
105	4218	182	233	0	0	*	2
106	4258	181	234	0	0	*	2
107	4298	179	235	0	0	*	2
108	4338	177	235	0	0	*	2
109	4378	176	236	0	0	*	2
110	4418	174	236	0	0	*	2
111	4458	173	237	0	0	*	2
112	4498	171	238	0	0	*	2
113	4538	169	238	0	0	*	2
114	4578	168	239	0	0	*	2
115	4618	166	239	0	0	*	2
116	4658	164	240	0	0	*	2
117	4698	163	241	0	0	*	2
118	4738	161	241	0	0	*	2
119	4778	159	242	0	0	*	2
120	4818	158	242	0	0	*	2
121	4858	156	243	0	0	*	2
122	4898	154	243	0	0	*	2
123	4938	152	244	0	0	*	2
124	4978	150	244	0	0	*	2
125	5018	148	244	0	0	*	2
126	5058	146	245	0	0	*	2
127	5098	153	243	0	0	*	2
128	5138	142	245	0	0	*	2
129	5178	140	246	0	0	*	2
130	5218	147	244	0	0	*	2
131	5258	145	245	0	0	*	2
132	5298	143	245	0	0	*	2
133	5338	141	245	0	0	*	2
134	5378	139	245	0	0	*	2
135	5418	118	246	0	0	*	2
136	5458	116	246	0	0	*	2
137	5498	114	245	0	0	*	2
138	5538	112	245	0	0	*	2
139	5578	110	245	0	0	*	2
140	5618	109	245	0	0	*	2
141	5658	107	245	0	0	*	2
142	5698	104	244	0	0	*	2
143	5738	102	244	0	0	*	2
144	5778	101	244	0	0	*	2
145	5818	99	243	0	0	*	2
146	5858	97	243	0	0	*	2
147	5898	103	243	0	0	*	2
148	5938	93	242	0	0	*	2
149	5978	91	242	0	0	*	2
150	6018	89	241	0	0	*	2
151	6058	87	241	0	0	*	2
152	6098	93	241	0	0	*	2
153	6138	92	240	0	0	*	2
154	6178	89	240	0	0	*	2
155	6218	88	239	0	0	*	2
156	6258	86	239	0	0	*	2
157	6298	84	238	0	0	*	2
158	6338	83	238	0	0	*	2
159	6378	81	237	0	0	*	2
160	6418	79	236	0	0	*	2
161	6458	78	235	0	0	*	2
162	6498	76	234	0	0	*	2
163	6538	73	233	0	0	*	2
164	6578	72	233	0	0	*	2
165	6618	71	232	0	0	*	2
166	6658	69	231	0	0	*	2
167	6698	67	230	0	0	*	2
168	6738	65	229	0	0	*	2
169	6778	63	228	0	0	*	2
170	6818	62	227	0	0	*	2
171	6858	61	226	0	0	*	2
172	6898	59	225	0	0	*	2
173	6938	58	224	0	0	*	2
174	6978	56	223	0	0	*	2
175	7018	54	221	0	0	*	2
176	7058	53	220	0	0	*	2
177	7098	51	219	0	0	*	2
178	7138	50	218	0	0	*	2
179	7178	49	216	0	0	*	2
180	7218	47	215	0	0	*	2
181	7258	46	214	0	0	*	2
182	7298	44	212	0	0	*	2
183	7338	42	211	0	0	*	2
184	7378	41	209	0	0	*	2
185	7418	39	208	0	0	*	2
186	7458	38	207	0	0	*	2
187	7498	37	206	0	0	*	2
188	7538	35	204	0	0	*	2
189	7578	34	202	0	0	*	2
190	7618	33	201	0	0	*	2
191	7658	31	199	0	0	*	2
192	7698	30	198	0	0	*	2
193	7738	29	197	0	0	*	2
194	7778	28	195	0	0	*	2
195	7818	27	194	0	0	*	2
196	7858	26	192	0	0	*	2
197	7898	25	190	0	0	*	2
198	7938	24	189	0	0	*	2
199	7978	23	187	0	0	*	2
200	8018	23	186	0	0	*	2
201	8058	22	185	0	0	*	2
202	8098	21	183	0	0	*	2
203	8138	20	182	0	0	*	2
204	8178	19	180	0	0	*	2
205	8218	18	178	0	0	*	2
206	8258	17	177	0	0	*	2
207	8298	17	175	0	0	*	2
208	8338	16	173	0	0	*	2
209	8378	15	172	0	0	*	2
210	8418	14	170	0	0	*	2
211	8458	14	168	0	0	*	2
212	8498	13	166	0	0	*	2
213	8538	12	164	0	0	*	2
214	8578	12	162	0	0	*	2
215	8618	12	161	0	0	*	2
216	8658	11	159	0	0	*	2
217	8698	11	157	0	0	*	2
218	8738	10	155	0	0	*	2
219	8778	10	154	0	0	*	2
220	8818	9	152	0	0	*	2
221	8858	9	150	0	0	*	2
222	8898	9	149	0	0	*	2
223	8938	8	146	0	0	*	2
224	8978	8	145	0	0	*	2
225	9018	8	143	0	0	*	2
226	9058	7	141	0	0	*	2
227	9098	7	139	0	0	*	2
228	9138	7	137	0	0	*	2
229	9178	6	136	0	0	*	2
230	9218	6	134	0	0	*	2
231	9258	6	132	0	0	*	2
232	9298	6	130	0	0	*	2
233	9338	6	129	0	0	*	2
234	9378	6	127	0	0	*	2
235	9418	6	125	0	0	*	2
236	9458	6	123	0	0	*	2
237	9498	6	120	0	0	*	2
238	9538	6	119	0	0	*	2
239	9578	6	117	0	0	*	2
240	9618	7	116	0	0	*	2
241	9658	7	113	0	0	*	2
242	9698	7	112	0	0	*	2
243	9738	7	110	0	0	*	2
244	9778	7	108	0	0	*	2
245	9818	8	106	0	0	*	2
246	9858	8	105	0	0	*	2
247	9898	8	103	0	0	*	2
248	9938	9	101	0	0	*	2
249	9978	9	99	0	0	*	2
250	10018	10	97	0	0	*	2
251	10058	10	95	0	0	*	2
252	10098	11	93	0	0	*	2
253	10138	11	92	0	0	*	2
254	10178	12	90	0	0	*	2
255	10218	12	89	0	0	*	2
256	10258	12	87	0	0	*	2
257	10298	13	86	0	0	*	2
258	10338	14	83	0	0	*	2
259	10378	14	82	0	0	*	2
260	10418	15	80	0	0	*	2
261	10458	15	78	0	0	*	2
262	10498	16	77	0	0	*	2
263	10538	17	75	0	0	*	2
264	10578	18	74	0	0	*	2
265	10618	19	72	0	0	*	2
266	10658	20	70	0	0	*	2
267	10698	20	69	0	0	*	2
268	10738	21	67	0	0	*	2
269	10778	22	65	0	0	*	2
270	10818	23	63	0	0	*	2
271	10858	24	62	0	0	*	2
272	10898	25	60	0	0	*	2
273	10938	26	58	0	0	*	2
274	10978	27	57	0	0	*	2
275	11018	28	55	0	0	*	2
276	11058	30	53	0	0	*	2
277	11098	31	51	0	0	*	2
278	11138	32	50	0	0	*	2
279	11178	33	49	0	0	*	2
280	11218	34	47	0	0	*	2
281	11258	35	46	0	0	*	2
282	11298	36	45	0	0	*	2
283	11338	37	44	0	0	*	2
284	11378	38	42	0	0	*	2
285	11418	40	41	0	0	*	2
286	11458	41	39	0	0	*	2
287	11498	43	38	0	0	*	2
288	11538	44	37	0	0	*	2
289	11578	46	36	0	0	*	2
290	11618	47	34	0	0	*	2
291	11658	48	33	0	0	*	2
292	11698	49	32	0	0	*	2
293	11738	51	31	0	0	*	2
294	11778	53	29	0	0	*	2
295	11818	54	28	0	0	*	2
296	11858	55	27	0	0	*	2
297	11898	57	26	0	0	*	2
298	11938	58	25	0	0	*	2
299	11978	60	24	0	0	*	2
300	12018	61	23	0	0	*	2
301	12058	63	22	0	0	*	2
302	12098	65	21	0	0	*	2
303	12138	66	20	0	0	*	2
304	12178	68	19	0	0	*	2
305	12218	70	19	0	0	*	2
306	12258	71	18	0	0	*	2
307	12298	73	17	0	0	*	2
308	12338	75	16	0	0	*	2
309	12378	76	15	0	0	*	2
310	12418	79	14	0	0	*	2
311	12458	80	14	0	0	*	2
312	12498	82	13	0	0	*	2
313	12538	84	12	0	0	*	2
314	12578	86	11	0	0	*	2
315	12618	87	11	0	0	*	2
316	12658	90	10	0	0	*	2
317	12698	91	10	0	0	*	2
318	12738	93	9	0	0	*	2
319	12778	95	8	0	0	*	2
320	12818	97	8	0	0	*	2
321	12858	98	8	0	0	*	2
322	12898	100	7	0	0	*	2
323	12938	102	7	0	0	*	2
324	12978	103	6	0	0	*	2
325	13018	105	6	0	0	*	2
326	13058	107	6	0	0	*	2
327	13098	109	6	0	0	*	2
328	13138	110	5	0	0	*	2
329	13178	112	5	0	0	*	2
330	13218	114	5	0	0	*	2
331	13258	116	4	0	0	*	2
332	13298	118	4	0	0	*	2
333	13338	120	4	0	0	*	2
334	13378	121	4	0	0	*	2
335	13418	123	4	0	0	*	2
336	13458	124	4	0	0	*	2
337	13498	126	4	0	0	*	2
338	13538	129	4	0	0	*	2
339	13578	131	4	0	0	*	2
340	13618	132	4	0	0	*	2
341	13658	134	4	0	0	*	2
342	13698	136	4	0	0	*	2
343	13738	138	4	0	0	*	2
344	13778	140	5	0	0	*	2
345	13818	142	5	0	0	*	2
346	13858	143	5	0	0	*	2
347	13898	145	5	0	0	*	2
348	13938	147	6	0	0	*	2
349	13978	149	6	0	0	*	2
350	14018	151	6	0	0	*	2
351	14058	152	6	0	0	*	2
352	14098	154	7	0	0	*	2
353	14138	156	7	0	0	*	2
354	14178	157	8	0	0	*	2
355	14218	159	9	0	0	*	2
356	14258	161	9	0	0	*	2
357	14298	162	9	0	0	*	2
358	14338	164	10	0	0	*	2
359	14378	165	10	0	0	*	2
360	14418	176	12	0	0	*	2
361	14458	169	12	0	0	*	2
362	14498	171	12	0	0	*	2
363	14538	172	13	0	0	*	2
364	14578	173	13	0	0	*	2
365	14618	175	14	0	0	*	2
366	14658	177	15	0	0	*	2
367	14698	179	15	0	0	*	2
368	14738	188	19	0	0	*	2
369	14778	190	19	0	0	*	2
370	14818	190	20	0	0	*	2
371	14858	192	21	0	0	*	2
372	14898	186	19	0	0	*	2
373	14938	188	20	0	0	*	2
374	14978	190	21	0	0	*	2
375	15018	191	22	0	0	*	2
376	15058	191	22	0	0	*	2
377	15098	193	23	0	0	*	2
378	15138	194	24	0	0	*	2
379	15178	196	25	0	0	*	2
380	15218	198	26	0	0	*	2
381	15258	199	27	0	0	*	2
382	15298	200	28	0	0	*	2
383	15338	201	28	0	0	*	2
384	15378	202	30	0	0	*	2
385	15418	204	31	0	0	*	2
386	15458	206	32	0	0	*	2
387	15498	207	33	0	0	*	2
388	15538	207	33	0	0	*	2
389	15578	208	35	0	0	*	2
390	15618	210	37	0	0	*	2
391	15658	213	39	0	0	*	2
392	15698	214	39	0	0	*	2
393	15738	214	40	0	0	*	2
394	15778	216	41	0	0	*	2
395	15818	217	43	0	0	*	2
396	15858	218	45	0	0	*	2
397	15898	220	46	0	0	*	2
398	15938	221	47	0	0	*	2
399	15978	222	48	0	0	*	2
400	16018	223	50	0	0	*	2
401	16058	224	52	0	0	*	2
402	16098	226	54	0	0	*	2
403	16138	227	55	0	0	*	2
404	16178	228	56	0	0	*	2
405	16218	228	57	0	0	*	2
406	16258	229	59	0	0	*	2
407	16298	230	61	0	0	*	2
408	16338	231	63	0	0	*	2
409	16378	232	64	0	0	*	2
410	16418	233	65	0	0	*	2
411	16458	234	67	0	0	*	2
412	16498	235	69	0	0	*	2
413	16538	236	71	0	0	*	2
414	16578	237	72	0	0	*	2
415	16618	238	73	0	0	*	2
416	16658	238	74	0	0	*	2
417	16698	239	76	0	0	*	2
418	16738	240	78	0	0	*	2
419	16778	241	80	0	0	*	2
420	16818	241	81	0	0	*	2
421	16858	242	83	0	0	*	2
422	16898	243	85	0	0	*	2
423	16938	243	87	0	0	*	2
424	16978	244	89	0	0	*	2
425	17018	245	91	0	0	*	2
426	17058	245	93	0	0	*	2
427	17098	249	102	0	0	*	2
428	17138	246	96	0	0	*	2
429	17178	247	99	0	0	*	2
430	17218	247	101	0	0	*	2
431	17258	247	103	0	0	*	2
432	17298	248	105	0	0	*	2
433	17338	248	106	0	0	*	2
434	17378	248	108	0	0	*	2
435	17418	248	110	0	0	*	2
436	17458	249	113	0	0	*	2
437	17498	249	115	0	0	*	2
438	17538	249	116	0	0	*	2
439	17578	249	117	0	0	*	2
440	17618	249	120	0	0	*	2
441	17658	249	122	0	0	*	2
442	17698	249	124	0	0	*	2
443	17738	249	125	0	0	*	2
444	17778	249	127	0	0	*	2
445	17818	249	129	0	0	*	2
446	17858	249	131	0	0	*	2
447	17898	249	133	0	0	*	2
448	17938	248	135	0	0	*	2
449	17978	249	137	0	0	*	2
450	18018	248	139	0	0	*	2
451	18058	248	140	0	0	*	2
452	18098	248	142	0	0	*	2
453	18138	247	144	0	0	*	2
454	18178	247	147	0	0	*	2
455	18218	247	148	0	0	*	2
456	18258	247	149	0	0	*	2
457	18298	246	151	0	0	*	2
458	18338	246	154	0	0	*	2
459	18378	245	156	0	0	*	2
460	18418	245	158	0	0	*	2
461	18458	244	159	0	0	*	2
462	18498	244	161	0	0	*	2
463	18538	243	163	0	0	*	2
464	18578	243	165	0	0	*	2
465	18618	242	167	0	0	*	2
466	18658	241	169	0	0	*	2
467	18698	241	170	0	0	*	2
468	18738	240	172	0	0	*	2
469	18778	239	175	0	0	*	2
470	18818	238	176	0	0	*	2
471	18858	237	178	0	0	*	2
472	18898	236	179	0	0	*	2
473	18938	235	181	0	0	*	2
474	18978	234	183	0	0	*	2
475	19018	233	185	0	0	*	2
476	19058	232	186	0	0	*	2
477	19098	231	187	0	0	*	2
478	19138	230	189	0	0	*	2
479	19178	229	191	0	0	*	2
480	19218	228	193	0	0	*	2
481	19258	226	194	0	0	*	2
482	19298	225	196	0	0	*	2
483	19338	224	197	0	0	*	2
484	19378	222	199	0	0	*	2
485	19418	221	200	0	0	*	2
486	19458	219	202	0	0	*	2
487	19498	218	203	0	0	*	2
488	19538	217	204	0	0	*	2
489	19578	216	206	0	0	*	2
490	19618	214	207	0	0	*	2
491	19658	212	209	0	0	*	2
492	19698	218	205	0	0	*	2
493	19738	209	211	0	0	*	2
494	19778	207	212	0	0	*	2
495	19818	206	213	0	0	*	2
496	19858	204	214	0	0	*	2
497	19898	202	215	0	0	*	2
498	19938	200	216	0	0	*	2
499	19978	198	217	0	0	*	2
500	20018	195	218	0	0	*	2
501	20058	194	219	0	0	*	2
502	20098	192	219	0	0	*	2
503	20138	189	220	0	0	*	2
504	20178	179	223	0	0	*	2
505	20218	185	221	0	0	*	2
506	20258	175	224	0	0	*	2
507	20298	181	222	0	0	*	2
508	20338	170	224	0	0	*	2
509	20378	168	225	0	0	*	2
510	20418	175	223	0	0	*	2
511	20458	172	224	0	0	*	2
512	20498	170	224	0	0	*	2
513	20538	168	224	0	0	*	2
514	20578	166	224	0	0	*	2
515	20618	164	225	0	0	*	2
516	20658	162	225	0	0	*	2
517	20698	160	225	0	0	*	2
518	20738	158	225	0	0	*	2
519	20778	156	225	0	0	*	2
520	20818	154	226	0	0	*	2
521	20858	160	225	0	0	*	2
522	20898	158	225	0	0	*	2
523	20938	157	225	0	0	*	2
524	20978	154	225	0	0	*	2
525	21018	151	225	0	0	*	2
526	21058	149	225	0	0	*	2
527	21098	147	226	0	0	*	2
528	21138	145	226	0	0	*	2
529	21178	143	226	0	0	*	2
530	21218	140	226	0	0	*	2
531	21258	138	226	0	0	*	2
532	21298	135	226	0	0	*	2
533	21338	134	226	0	0	*	2
534	21378	113	228	0	0	*	2
535	21418	129	227	0	0	*	2
536	21458	126	227	0	0	*	2
537	21498	106	228	0	0	*	2
538	21538	103	228	0	0	*	2
539	21578	101	228	0	0	*	2
540	21618	98	228	0	0	*	2
541	21658	96	228	0	0	*	2
542	21698	94	229	0	0	*	2
543	21738	91	229	0	0	*	2
544	21778	89	229	0	0	*	2
545	21818	87	229	0	0	*	2
546	21858	85	229	0	0	*	2
547	21898	83	230	0	0	*	2
548	21938	89	229	0	0	*	2
549	21978	87	229	0	0	*	2
550	22018	85	229	0	0	*	2
551	22058	83	229	0	0	*	2
552	22098	81	230	0	0	*	2
553	22138	79	230	0	0	*	2
554	22178	76	231	0	0	*	2
555	22218	75	231	0	0	*	2
556	22258	74	231	0	0	*	2
557	22298	72	231	0	0	*	2
558	22338	71	230	0	0	*	2
559	22378	69	230	0	0	*	2
560	22418	67	229	0	0	*	2
561	22458	66	229	0	0	*	2
562	22498	64	228	0	0	*	2
563	22538	62	227	0	0	*	2
564	22578	59	224	0	0	*	2
565	22618	58	223	0	0	*	2
566	22658	57	221	0	0	*	2
567	22698	57	219	0	0	*	2
568	22738	56	218	0	0	*	2
569	22778	55	217	0	0	*	2
570	22818	54	216	0	0	*	2
571	22858	53	215	0	0	*	2
572	22898	52	214	0	0	*	2
573	22938	51	213	0	0	*	2
574	22978	50	212	0	0	*	2
575	23018	49	211	0	0	*	2
576	23058	48	210	0	0	*	2
577	23098	47	209	0	0	*	2
578	23138	46	209	0	0	*	2
579	23178	45	208	0	0	*	2
580	23218	43	207	0	0	*	2
581	23258	42	205	0	0	*	2
582	23298	46	207	0	0	*	2
583	23338	39	203	0	0	*	2
584	23378	38	203	0	0	*	2
585	23418	42	204	0	0	*	2
586	23458	36	201	0	0	*	2
587	23498	41	202	0	0	*	2
588	23538	33	199	0	0	*	2
589	23578	32	198	0	0	*	2
590	23618	36	200	0	0	*	2
591	23658	36	199	0	0	*	2
592	23698	35	197	0	0	*	2
593	23738	33	196	0	0	*	2
594	23778	32	196	0	0	*	2
595	23818	31	195	0	0	*	2
596	23858	30	194	0	0	*	2
597	23898	29	193	0	0	*	2
598	23938	28	192	0	0	*	2
599	23978	28	191	0	0	*	2
600	24018	27	190	0	0	*	2
601	24058	25	188	0	0	*	2
602	24098	25	188	0	0	*	2
603	24138	24	187	0	0	*	2
604	24178	23	186	0	0	*	2
605	24218	22	185	0	0	*	2
606	24258	21	184	0	0	*	2
607	24298	20	182	0	0	*	2
608	24338	19	180	0	0	*	2
609	24378	19	179	0	0	*	2
610	24418	18	177	0	0	*	2
611	24458	17	176	0	0	*	2
612	24498	17	174	0	0	*	2
613	24538	16	172	0	0	*	2
614	24578	15	171	0	0	*	2
615	24618	14	169	0	0	*	2
616	24658	14	167	0	0	*	2
617	24698	13	166	0	0	*	2
618	24738	13	164	0	0	*	2
619	24778	12	163	0	0	*	2
620	24818	12	162	0	0	*	2
621	24858	11	160	0	0	*	2
622	24898	11	158	0	0	*	2
623	24938	10	156	0	0	*	2
624	24978	10	154	0	0	*	2
625	25018	9	153	0	0	*	2
626	25058	9	151	0	0	*	2
627	25098	9	149	0	0	*	2
628	25138	8	147	0	0	*	2
629	25178	8	145	0	0	*	2
630	25218	7	144	0	0	*	2
631	25258	7	142	0	0	*	2
632	25298	7	140	0	0	*	2
633	25338	6	139	0	0	*	2
634	25378	6	137	0	0	*	2
635	25418	6	135	0	0	*	2
636	25458	6	132	0	0	*	2
637	25498	5	130	0	0	*	2
638	25538	5	128	0	0	*	2
639	25578	5	126	0	0	*	2
640	25618	5	125	0	0	*	2
641	25658	5	122	0	0	*	2
642	25698	6	120	0	0	*	2
643	25738	6	118	0	0	*	2
644	25778	6	117	0	0	*	2
645	25818	6	115	0	0	*	2
646	25858	6	113	0	0	*	2
647	25898	7	111	0	0	*	2
648	25938	7	109	0	0	*	2
649	25978	7	107	0	0	*	2
650	26018	7	105	0	0	*	2
651	26058	8	103	0	0	*	2
652	26098	8	102	0	0	*	2
653	26138	9	99	0	0	*	2
654	26178	9	97	0	0	*	2
655	26218	10	96	0	0	*	2
656	26258	10	94	0	0	*	2
657	26298	10	93	0	0	*	2
658	26338	11	91	0	0	*	2
659	26378	12	89	0	0	*	2
660	26418	12	87	0	0	*	2
661	26458	13	85	0	0	*	2
662	26498	13	83	0	0	*	2
663	26538	14	82	0	0	*	2
664	26578	14	81	0	0	*	2
665	26618	15	79	0	0	*	2
666	26658	16	77	0	0	*	2
667	26698	17	75	0	0	*	2
668	26738	18	74	0	0	*	2
669	26778	18	72	0	0	*	2
670	26818	19	70	0	0	*	2
671	26858	20	69	0	0	*	2
672	26898	21	68	0	0	*	2
673	26938	22	66	0	0	*	2
674	26978	23	65	0	0	*	2
675	27018	23	63	0	0	*	2
676	27058	24	62	0	0	*	2
677	27098	25	60	0	0	*	2
678	27138	26	58	0	0	*	2
679	27178	27	57	0	0	*	2
680	27218	28	56	0	0	*	2
681	27258	29	55	0	0	*	2
682	27298	30	53	0	0	*	2
683	27338	31	52	0	0	*	2
684	27378	33	50	0	0	*	2
685	27418	33	49	0	0	*	2
686	27458	34	48	0	0	*	2
687	27498	35	46	0	0	*	2
688	27538	36	46	0	0	*	2
689	27578	37	44	0	0	*	2
690	27618	39	42	0	0	*	2
691	27658	40	41	0	0	*	2
692	27698	41	40	0	0	*	2
693	27738	43	38	0	0	*	2
694	27778	44	37	0	0	*	2
695	27818	45	36	0	0	*	2
696	27858	47	35	0	0	*	2
697	27898	48	34	0	0	*	2
698	27938	49	33	0	0	*	2
699	27978	50	32	0	0	*	2
700	28018	52	31	0	0	*	2
701	28058	53	30	0	0	*	2
702	28098	54	29	0	0	*	2
703	28138	56	27	0	0	*	2
704	28178	57	27	0	0	*	2
705	28218	59	26	0	0	*	2
706	28258	60	25	0	0	*	2
707	28298	61	23	0	0	*	2
708	28338	63	23	0	0	*	2
709	28378	65	22	0	0	*	2
710	28418	66	22	0	0	*	2
711	28458	67	21	0	0	*	2
712	28498	69	20	0	0	*	2
713	28538	70	19	0	0	*	2
714	28578	72	18	0	0	*	2
715	28618	73	17	0	0	*	2
716	28658	75	17	0	0	*	2
717	28698	76	16	0	0	*	2
718	28738	78	15	0	0	*	2
719	28778	79	14	0	0	*	2
720	28818	81	14	0	0	*	2
721	28858	82	13	0	0	*	2
722	28898	85	12	0	0	*	2
723	28938	86	12	0	0	*	2
724	28978	87	11	0	0	*	2
725	29018	89	11	0	0	*	2
726	29058	90	10	0	0	*	2
727	29098	92	10	0	0	*	2
728	29138	94	9	0	0	*	2
729	29178	95	8	0	0	*	2
730	29218	97	8	0	0	*	2
731	29258	98	7	0	0	*	2
732	29298	99	7	0	0	*	2
733	29338	100	7	0	0	*	2
734	29378	102	7	0	0	*	2
735	29418	104	6	0	0	*	2
736	29458	106	5	0	0	*	2
737	29498	107	5	0	0	*	2
738	29538	108	5	0	0	*	2
739	29578	109	5	0	0	*	2
740	29618	111	5	0	0	*	2
741	29658	113	5	0	0	*	2
742	29698	114	4	0	0	*	2
743	29738	115	4	0	0	*	2
744	29778	116	4	0	0	*	2
745	29818	119	4	0	0	*	2
746	29858	121	4	0	0	*	2
747	29898	121	4	0	0	*	2
748	29938	122	4	0	0	*	2
749	29978	124	4	0	0	*	2
750	30018	125	4	0	0	*	2
751	30058	127	4	0	0	*	2
752	30098	130	4	0	0	*	2
753	30138	132	4	0	0	*	2
754	30178	132	4	0	0	*	2
755	30218	133	4	0	0	*	2
756	30258	135	4	0	0	*	2
757	30298	137	4	0	0	*	2
758	30338	138	5	0	0	*	2
759	30378	140	5	0	0	*	2
760	30418	141	5	0	0	*	2
761	30458	142	5	0	0	*	2
762	30498	151	5	0	0	*	2
763	30538	146	5	0	0	*	2
764	30578	147	6	0	0	*	2
765	30618	148	6	0	0	*	2
766	30658	149	6	0	0	*	2
767	30698	151	7	0	0	*	2
768	30738	158	7	0	0	*	2
769	30778	154	7	0	0	*	2
770	30818	155	8	0	0	*	2
771	30858	157	8	0	0	*	2
772	30898	158	8	0	0	*	2
773	30938	163	8	0	0	*	2
774	30978	164	9	0	0	*	2
775	31018	165	9	0	0	*	2
776	31058	165	10	0	0	*	2
777	31098	166	10	0	0	*	2
778	31138	167	11	0	0	*	2
779	31178	168	11	0	0	*	2
780	31218	168	12	0	0	*	2
781	31258	168	12	0	0	*	2
782	31298	168	12	0	0	*	2
783	31338	168	12	0	0	*	2
784	31378	169	12	0	0	*	2
785	31418	169	12	0	0	*	2
786	31458	169	12	0	0	*	2
787	31498	168	12	0	0	*	2
788	31538	168	12	0	0	*	2
789	31578	168	12	0	0	*	2
790	31618	168	12	0	0	*	2
791	31658	168	11	0	0	*	2
792	31698	167	12	0	0	*	2
793	31738	167	11	0	0	*	2
794	31778	167	11	0	0	*	2
795	31818	167	12	0	0	*	2
796	31858	166	13	0	0	*	2
797	31898	165	13	0	0	*	2
798	31938	164	13	0	0	*	2
799	31978	164	13	0	0	*	2
800	32018	164	14	0	0	*	2
801	32058	163	15	0	0	*	2
802	32098	162	15	0	0	*	2
803	32138	161	15	0	0	*	2
804	32178	160	16	0	0	*	2
805	32218	159	17	0	0	*	2
806	32258	159	17	0	0	*	2
807	32298	158	18	0	0	*	2
808	32338	156	19	0	0	*	2
809	32378	156	20	0	0	*	2
810	32418	155	21	0	0	*	2
811	32458	154	22	0	0	*	2
812	32498	153	23	0	0	*	2
813	32538	152	24	0	0	*	2
814	32578	151	25	0	0	*	2
815	32618	151	25	0	0	*	2
816	32658	151	26	0	0	*	2
817	32698	150	28	0	0	*	2
818	32738	154	25	0	0	*	2
819	32778	153	25	0	0	*	2
820	32818	149	32	0	0	*	2
821	32858	149	33	0	0	*	2
822	32898	148	35	0	0	*	2
823	32938	148	37	0	0	*	2
824	32978	148	38	0	0	*	2
825	33018	148	39	0	0	*	2
826	33058	148	34	0	0	*	2
827	33098	147	41	0	0	*	2
828	33138	147	43	0	0	*	2
829	33178	147	45	0	0	*	2
830	33218	146	46	0	0	*	2
831	33258	146	42	0	0	*	2
832	33298	146	49	0	0	*	2
833	33338	146	50	0	0	*	2
834	33378	146	52	0	0	*	2
835	33418	146	54	0	0	*	2
836	33458	146	50	0	0	*	2
837	33498	146	51	0	0	*	2
838	33538	146	59	0	0	*	2
839	33578	145	53	0	0	*	2
840	33618	146	63	0	0	*	2
841	33658	146	64	0	0	*	2
842	33698	146	61	0	0	*	2
843	33738	145	63	0	0	*	2
844	33778	145	62	0	0	*	2
845	33818	146	64	0	0	*	2
846	33858	146	66	0	0	*	2
847	33898	146	68	0	0	*	2
848	33938	146	70	0	0	*	2
849	33978	146	72	0	0	*	2
850	34018	146	73	0	0	*	2
851	34058	146	75	0	0	*	2
852	34098	147	77	0	0	*	2
853	34138	147	78	0	0	*	2
854	34178	147	80	0	0	*	2
855	34218	147	83	0	0	*	2
856	34258	148	84	0	0	*	2
857	34298	148	87	0	0	*	2
858	34338	149	89	0	0	*	2
859	34378	151	99	0	0	*	2
860	34418	151	101	0	0	*	2
861	34458	151	103	0	0	*	2
862	34498	152	105	0	0	*	2
863	34538	152	107	0	0	*	2
864	34578	151	101	0	0	*	2
865	34618	154	111	0	0	*	2
866	34658	154	113	0	0	*	2
867	34698	154	115	0	0	*	2
868	34738	155	117	0	0	*	2
869	34778	153	112	0	0	*	2
870	34818	156	121	0	0	*	2
871	34858	157	123	0	0	*	2
872	34898	157	125	0	0	*	2
873	34938	157	127	0	0	*	2
874	34978	158	129	0	0	*	2
875	35018	158	131	0	0	*	2
876	35058	157	126	0	0	*	2
877	35098	159	136	0	0	*	2
878	35138	159	137	0	0	*	2
879	35178	159	139	0	0	*	2
880	35218	158	134	0	0	*	2
881	35258	158	136	0	0	*	2
882	35298	158	139	0	0	*	2
883	35338	159	140	0	0	*	2
884	35378	159	149	0	0	*	2
885	35418	159	152	0	0	*	2
886	35458	159	154	0	0	*	2
887	35498	159	156	0	0	*	2
888	35538	159	150	0	0	*	2
889	35578	159	152	0	0	*	2
890	35618	159	154	0	0	*	2
891	35658	159	156	0	0	*	2
892	35698	159	158	0	0	*	2
893	35738	159	160	0	0	*	2
894	35778	158	162	0	0	*	2
895	35818	158	164	0	0	*	2
896	35858	158	167	0	0	*	2
897	35898	158	167	0	0	*	2
898	35938	158	169	0	0	*	2
899	35978	157	179	0	0	*	2
900	36018	158	173	0	0	*	2
901	36058	157	175	0	0	*	2
902	36098	157	177	0	0	*	2
903	36138	157	179	0	0	*	2
904	36178	157	180	0	0	*	2
905	36218	156	183	0	0	*	2
906	36258	156	184	0	0	*	2
907	36298	156	185	0	0	*	2
908	36338	156	187	0	0	*	2
909	36378	156	189	0	0	*	2
910	36418	155	190	0	0	*	2
911	36458	155	192	0	0	*	2
912	36498	154	194	0	0	*	2
913	36538	154	196	0	0	*	2
914	36578	154	197	0	0	*	2
915	36618	153	199	0	0	*	2
916	36658	153	201	0	0	*	2
917	36698	153	203	0	0	*	2
918	36738	152	205	0	0	*	2
919	36778	152	207	0	0	*	2
920	36818	151	209	0	0	*	2
921	36858	151	210	0	0	*	2
922	36898	151	212	0	0	*	2
923	36938	150	214	0	0	*	2
924	36978	150	216	0	0	*	2
925	37018	149	218	0	0	*	2
926	37058	148	220	0	0	*	2
927	37098	148	221	0	0	*	2
928	37138	148	223	0	0	*	2
929	37178	147	224	0	0	*	2
930	37218	146	226	0	0	*	2
931	37258	146	228	0	0	*	2
932	37298	145	230	0	0	*	2
933	37338	144	231	0	0	*	2
934	37378	143	232	0	0	*	2
935	37418	142	234	0	0	*	2
936	37458	141	236	0	0	*	2
937	37498	140	237	0	0	*	2
938	37538	139	238	0	0	*	2
939	37578	134	244	0	0	*	2
940	37618	133	245	0	0	*	2
941	37658	132	246	0	0	*	2
942	37698	135	242	0	0	*	2
943	37738	130	247	0	0	*	2
944	37778	133	244	0	0	*	2
945	37818	128	247	0	0	*	2
946	37858	127	246	0	0	*	2
947	37898	126	245	0	0	*	2
948	37938	125	244	0	0	*	2
949	37978	123	243	0	0	*	2
950	38018	122	242	0	0	*	2
951	38058	120	241	0	0	*	2
952	38098	118	241	0	0	*	2
953	38138	117	240	0	0	*	2
954	38178	116	240	0	0	*	2
955	38218	114	240	0	0	*	2
956	38258	113	240	0	0	*	2
957	38298	112	239	0	0	*	2
958	38338	111	239	0	0	*	2
959	38378	109	239	0	0	*	2
960	38418	109	238	0	0	*	2
961	38458	107	238	0	0	*	2
962	38498	106	238	0	0	*	2
963	38538	104	238	0	0	*	2
964	38578	110	237	0	0	*	2
965	38618	110	237	0	0	*	2
966	38658	109	236	0	0	*	2
967	38698	99	236	0	0	*	2
968	38738	97	236	0	0	*	2
969	38778	96	235	0	0	*	2
970	38818	102	235	0	0	*	2
971	38858	93	234	0	0	*	2
972	38898	101	235	0	0	*	2
973	38938	90	233	0	0	*	2
974	38978	89	232	0	0	*	2
975	39018	95	233	0	0	*	2
976	39058	94	233	0	0	*	2
977	39098	92	232	0	0	*	2
978	39138	91	232	0	0	*	2
979	39178	81	229	0	0	*	2
980	39218	87	231	0	0	*	2
981	39258	78	227	0	0	*	2
982	39298	84	230	0	0	*	2
983	39338	75	225	0	0	*	2
984	39378	73	224	0	0	*	2
985	39418	72	223	0	0	*	2
986	39458	78	227	0	0	*	2
987	39498	76	226	0	0	*	2
988	39538	74	225	0	0	*	2
989	39578	73	223	0	0	*	2
990	39618	66	218	0	0	*	2
991	39658	64	216	0	0	*	2
992	39698	63	215	0	0	*	2
993	39738	68	220	0	0	*	2
994	39778	66	218	0	0	*	2
995	39818	59	211	0	0	*	2
996	39858	58	210	0	0	*	2
997	39898	62	215	0	0	*	2
998	39938	61	213	0	0	*	2
999	39978	60	212	0	0	*	2
1000	40018	58	210	0	0	*	2
1001	40058	51	203	0	0	*	2
1002	40098	50	202	0	0	*	2
1003	40138	49	201	0	0	*	2
1004	40178	53	205	0	0	*	2
1005	40218	52	204	0	0	*	2
1006	40258	50	202	0	0	*	2
1007	40298	49	201	0	0	*	2
1008	40338	44	193	0	0	*	2
1009	40378	47	197	0	0	*	2
1010	40418	42	190	0	0	*	2
1011	40458	45	195	0	0	*	2
1012	40498	44	193	0	0	*	2
1013	40538	43	191	0	0	*	2
1014	40578	39	183	0	0	*	2
1015	40618	42	188	0	0	*	2
1016	40658	40	187	0	0	*	2
1017	40698	40	185	0	0	*	2
1018	40738	39	184	0	0	*	2
1019	40778	38	181	0	0	*	2
1020	40818	38	180	0	0	*	2
1021	40858	37	178	0	0	*	2
1022	40898	36	176	0	0	*	2
1023	40938	36	174	0	0	*	2
1024	40978	36	172	0	0	*	2
1025	41018	36	170	0	0	*	2
1026	41058	35	168	0	0	*	2
1027	41098	35	166	0	0	*	2
1028	41138	34	163	0	0	*	2
1029	41178	34	162	0	0	*	2
1030	41218	34	161	0	0	*	2
1031	41258	34	159	0	0	*	2
1032	41298	34	157	0	0	*	2
1033	41338	34	155	0	0	*	2
1034	41378	33	153	0	0	*	2
1035	41418	33	151	0	0	*	2
1036	41458	33	149	0	0	*	2
1037	41498	34	147	0	0	*	2
1038	41538	34	145	0	0	*	2
1039	41578	34	143	0	0	*	2
1040	41618	34	141	0	0	*	2
1041	41658	34	139	0	0	*	2
1042	41698	34	138	0	0	*	2
1043	41738	35	135	0	0	*	2
1044	41778	35	133	0	0	*	2
1045	41818	36	131	0	0	*	2
1046	41858	36	129	0	0	*	2
1047	41898	36	127	0	0	*	2
1048	41938	36	125	0	0	*	2
1049	41978	38	115	0	0	*	2
1050	42018	37	121	0	0	*	2
1051	42058	37	119	0	0	*	2
1052	42098	38	117	0	0	*	2
1053	42138	38	115	0	0	*	2
1054	42178	39	113	0	0	*	2
1055	42218	39	111	0	0	*	2
1056	42258	40	109	0	0	*	2
1057	42298	42	99	0	0	*	2
1058	42338	43	97	0	0	*	2
1059	42378	41	104	0	0	*	2
1060	42418	42	102	0	0	*	2
1061	42458	42	100	0	0	*	2
1062	42498	44	90	0	0	*	2
1063	42538	43	95	0	0	*	2
1064	42578	43	94	0	0	*	2
1065	42618	44	92	0	0	*	2
1066	42658	44	90	0	0	*	2
1067	42698	45	88	0	0	*	2
1068	42738	45	86	0	0	*	2
1069	42778	46	83	0	0	*	2
1070	42818	48	74	0	0	*	2
1071	42858	48	72	0	0	*	2
1072	42898	48	71	0	0	*	2
1073	42938	47	76	0	0	*	2
1074	42978	48	74	0	0	*	2
1075	43018	48	71	0	0	*	2
1076	43058	49	70	0	0	*	2
1077	43098	50	61	0	0	*	2
1078	43138	50	59	0	0	*	2
1079	43178	51	57	0	0	*	2
1080	43218	50	62	0	0	*	2
1081	43258	50	59	0	0	*	2
1082	43298	51	59	0	0	*	2
1083	43338	52	49	0	0	*	2
1084	43378	52	47	0	0	*	2
1085	43418	53	46	0	0	*	2
1086	43458	52	50	0	0	*	2
1087	43498	52	49	0	0	*	2
1088	43538	52	47	0	0	*	2
1089	43578	54	38	0	0	*	2
1090	43618	54	37	0	0	*	2
1091	43658	54	35	0	0	*	2
1092	43698	54	33	0	0	*	2
1093	43738	53	35	0	0	*	2
1094	43778	53	34	0	0	*	2
1095	43818	54	28	0	0	*	2
1096	43858	54	35	0	0	*	2
1097	43898	54	32	0	0	*	2
1098	43938	55	28	0	0	*	2
1099	43978	55	29	0	0	*	2
1100	44018	56	28	0	0	*	2
1101	44058	57	28	0	0	*	2
1102	44098	58	28	0	0	*	2
1103	44138	61	23	0	0	*	2
1104	44178	62	23	0	0	*	2
1105	44218	64	23	0	0	*	2
1106	44258	66	23	0	0	*	2
1107	44298	67	23	0	0	*	2
1108	44338	68	23	0	0	*	2
1109	44378	69	23	0	0	*	2
1110	44418	70	23	0	0	*	2
1111	44458	71	23	0	0	*	2
1112	44498	72	22	0	0	*	2
1113	44538	73	22	0	0	*	2
1114	44578	74	22	0	0	*	2
1115	44618	74	22	0	0	*	2
1116	44658	75	22	0	0	*	2
1117	44698	76	21	0	0	*	2
1118	44738	77	21	0	0	*	2
1119	44778	78	20	0	0	*	2
1120	44818	79	20	0	0	*	2
1121	44858	80	20	0	0	*	2
1122	44898	80	19	0	0	*	2
1123	44938	81	19	0	0	*	2
1124	44978	81	18	0	0	*	2
1125	45018	82	17	0	0	*	2
1126	45058	82	17	0	0	*	2
1127	45098	83	16	0	0	*	2
1128	45138	83	15	0	0	*	2
1129	45178	82	14	0	0	*	2
1130	45218	83	15	0	0	*	2
1131	45258	83	14	0	0	*	2
1132	45298	83	13	0	0	*	2
1133	45338	83	13	0	0	*	2
1134	45378	84	13	0	0	*	2
1135	45418	85	12	0	0	*	2
1136	45458	85	12	0	0	*	2
1137	45498	87	12	0	0	*	2
1138	45538	88	11	0	0	*	2
1139	45578	90	12	0	0	*	2
1140	45618	91	11	0	0	*	2
1141	45658	92	11	0	0	*	2
1142	45698	94	11	0	0	*	2
1143	45738	95	10	0	0	*	2
1144	45778	96	11	0	0	*	2
1145	45818	97	11	0	0	*	2
1146	45858	99	10	0	0	*	2
1147	45898	100	11	0	0	*	2
1148	45938	97	12	0	0	*	2
1149	45978	103	11	0	0	*	2
1150	46018	104	11	0	0	*	2
1151	46058	98	12	0	0	*	2
1152	46098	100	12	0	0	*	2
1153	46138	99	11	0	0	*	2
1154	46178	100	11	0	0	*	2
1155	46218	102	11	0	0	*	2
1156	46258	104	11	0	0	*	2
1157	46298	114	11	0	0	*	2
1158	46338	97	10	0	0	*	2
1159	46378	107	11	0	0	*	2
1160	46418	109	11	0	0	*	2
1161	46458	110	11	0	0	*	2
1162	46498	121	14	0	0	*	2
1163	46538	114	12	0	0	*	2
1164	46578	115	12	0	0	*	2
1165	46618	117	12	0	0	*	2
1166	46658	118	13	0	0	*	2
1167	46698	128	18	0	0	*	2
1168	46738	130	19	0	0	*	2
1169	46778	123	14	0	0	*	2
1170	46818	125	15	0	0	*	2
1171	46858	127	16	0	0	*	2
1172	46898	135	23	0	0	*	2
1173	46938	136	24	0	0	*	2
1174	46978	137	25	0	0	*	2
1175	47018	133	21	0	0	*	2
1176	47058	139	28	0	0	*	2
1177	47098	140	30	0	0	*	2
1178	47138	141	31	0	0	*	2
1179	47178	142	33	0	0	*	2
1180	47218	143	34	0	0	*	2
1181	47258	143	35	0	0	*	2
1182	47298	141	31	0	0	*	2
1183	47338	141	33	0	0	*	2
1184	47378	145	40	0	0	*	2
1185	47418	146	42	0	0	*	2
1186	47458	144	38	0	0	*	2
1187	47498	145	39	0	0	*	2
1188	47538	145	41	0	0	*	2
1189	47578	147	49	0	0	*	2
1190	47618	147	51	0	0	*	2
1191	47658	147	46	0	0	*	2
1192	47698	147	48	0	0	*	2
1193	47738	147	49	0	0	*	2
1194	47778	147	52	0	0	*	2
1195	47818	148	53	0	0	*	2
1196	47858	148	55	0	0	*	2
1197	47898	148	57	0	0	*	2
1198	47938	149	59	0	0	*	2
1199	47978	149	60	0	0	*	2
1200	48018	149	62	0	0	*	2
1201	48058	149	65	0	0	*	2
1202	48098	148	73	0	0	*	2
1203	48138	149	69	0	0	*	2
1204	48178	149	71	0	0	*	2
1205	48218	148	72	0	0	*	2
1206	48258	148	74	0	0	*	2
1207	48298	148	76	0	0	*	2
1208	48338	148	78	0	0	*	2
1209	48378	148	80	0	0	*	2
1210	48418	147	82	0	0	*	2
1211	48458	147	84	0	0	*	2
1212	48498	147	86	0	0	*	2
1213	48538	146	88	0	0	*	2
1214	48578	146	90	0	0	*	2
1215	48618	146	92	0	0	*	2
1216	48658	146	93	0	0	*	2
1217	48698	146	96	0	0	*	2
1218	48738	145	97	0	0	*	2
1219	48778	145	99	0	0	*	2
1220	48818	144	102	0	0	*	2
1221	48858	144	103	0	0	*	2
1222	48898	144	105	0	0	*	2
1223	48938	143	108	0	0	*	2
1224	48978	143	109	0	0	*	2
1225	49018	143	111	0	0	*	2
1226	49058	142	114	0	0	*	2
1227	49098	142	116	0	0	*	2
1228	49138	140	124	0	0	*	2
1229	49178	139	127	0	0	*	2
1230	49218	139	129	0	0	*	2
1231	49258	138	130	0	0	*	2
1232	49298	138	133	0	0	*	2
1233	49338	137	135	0	0	*	2
1234	49378	138	130	0	0	*	2
1235	49418	136	139	0	0	*	2
1236	49458	136	141	0	0	*	2
1237	49498	135	142	0	0	*	2
1238	49538	134	145	0	0	*	2
1239	49578	134	146	0	0	*	2
1240	49618	135	142	0	0	*	2
1241	49658	134	149	0	0	*	2
1242	49698	133	153	0	0	*	2
1243	49738	133	154	0	0	*	2
1244	49778	134	149	0	0	*	2
1245	49818	131	159	0	0	*	2
1246	49858	133	153	0	0	*	2
1247	49898	132	155	0	0	*	2
1248	49938	132	157	0	0	*	2
1249	49978	132	158	0	0	*	2
1250	50018	131	160	0	0	*	2
1251	50058	131	162	0	0	*	2
1252	50098	130	164	0	0	*	2
1253	50138	130	166	0	0	*	2
1254	50178	129	168	0	0	*	2
1255	50218	129	169	0	0	*	2
1256	50258	128	171	0	0	*	2
1257	50298	126	182	0	0	*	2
1258	50338	127	175	0	0	*	2
1259	50378	127	177	0	0	*	2
1260	50418	126	179	0	0	*	2
1261	50458	126	181	0	0	*	2
1262	50498	125	183	0	0	*	2
1263	50538	125	184	0	0	*	2
1264	50578	124	186	0	0	*	2
1265	50618	124	188	0	0	*	2
1266	50658	123	190	0	0	*	2
1267	50698	123	192	0	0	*	2
1268	50738	122	194	0	0	*	2
1269	50778	122	196	0	0	*	2
1270	50818	121	198	0	0	*	2
1271	50858	122	191	0	0	*	2
1272	50898	120	201	0	0	*	2
1273	50938	120	203	0	0	*	2
1274	50978	118	213	0	0	*	2
1275	51018	118	208	0	0	*	2
1276	51058	118	209	0	0	*	2
1277	51098	115	219	0	0	*	2
1278	51138	114	221	0	0	*	2
1279	51178	113	223	0	0	*	2
1280	51218	113	224	0	0	*	2
1281	51258	112	226	0	0	*	2
1282	51298	111	227	0	0	*	2
1283	51338	110	229	0	0	*	2
1284	51378	109	231	0	0	*	2
1285	51419	109	232	0	0	*	2
1286	51458	108	234	0	0	*	2
1287	51498	108	235	0	0	*	2
1288	51539	107	237	0	0	*	2
1289	51578	106	238	0	0	*	2
1290	51618	105	240	0	0	*	2
1291	51659	104	241	0	0	*	2
1292	51698	104	242	0	0	*	2
1293	51738	104	242	0	0	*	2
1294	51779	103	244	0	0	*	2
1295	51819	104	240	0	0	*	2
1296	51858	102	243	0	0	*	2
1297	51899	101	243	0	0	*	2
1298	51939	101	242	0	0	*	2
1299	51978	101	241	0	0	*	2
1300	52019	100	241	0	0	*	2
1301	52059	99	240	0	0	*	2
1302	52098	99	239	0	0	*	2
1303	52139	98	239	0	0	*	2
1304	52179	97	239	0	0	*	2
1305	52219	97	239	0	0	*	2
1306	52259	96	239	0	0	*	2
1307	52299	96	239	0	0	*	2
1308	52339	95	238	0	0	*	2
1309	52379	95	238	0	0	*	2
1310	52419	94	238	0	0	*	2
1311	52459	94	238	0	0	*	2
1312	52499	93	238	0	0	*	2
1313	52539	93	238	0	0	*	2
1314	52579	92	238	0	0	*	2
1315	52619	91	238	0	0	*	2
1316	52659	90	238	0	0	*	2
1317	52699	90	238	0	0	*	2
1318	52739	89	238	0	0	*	2
1319	52779	88	237	0	0	*	2
1320	52819	87	237	0	0	*	2
1321	52859	86	237	0	0	*	2
1322	52899	85	237	0	0	*	2
1323	52939	84	236	0	0	*	2
1324	52979	84	236	0	0	*	2
1325	53019	82	235	0	0	*	2
1326	53059	82	235	0	0	*	2
1327	53099	83	235	0	0	*	2
1328	53139	82	235	0	0	*	2
1329	53179	82	235	0	0	*	2
1330	53219	82	234	0	0	*	2
1331	53259	75	232	0	0	*	2
1332	53299	80	233	0	0	*	2
1333	53339	79	233	0	0	*	2
1334	53379	78	233	0	0	*	2
1335	53419	78	233	0	0	*	2
1336	53459	76	232	0	0	*	2
1337	53499	76	232	0	0	*	2
1338	53539	74	231	0	0	*	2
1339	53579	73	230	0	0	*	2
1340	53619	72	230	0	0	*	2
1341	53659	71	229	0	0	*	2
1342	53699	70	228	0	0	*	2
1343	53739	69	227	0	0	*	2
1344	53779	67	226	0	0	*	2
1345	53819	66	225	0	0	*	2
1346	53859	65	224	0	0	*	2
1347	53899	64	223	0	0	*	2
1348	53939	62	221	0	0	*	2
1349	53979	61	219	0	0	*	2
1350	54019	60	218	0	0	*	2
1351	54059	59	217	0	0	*	2
1352	54099	58	216	0	0	*	2
1353	54139	57	214	0	0	*	2
1354	54179	56	212	0	0	*	2
1355	54219	55	210	0	0	*	2
1356	54259	54	209	0	0	*	2
1357	54299	53	208	0	0	*	2
1358	54339	52	206	0	0	*	2
1359	54379	51	204	0	0	*	2
1360	54419	50	202	0	0	*	2
1361	54459	49	200	0	0	*	2
1362	54499	49	198	0	0	*	2
1363	54539	48	197	0	0	*	2
1364	54579	45	187	0	0	*	2
1365	54619	47	192	0	0	*	2
1366	54659	46	190	0	0	*	2
1367	54699	45	189	0	0	*	2
1368	54739	44	187	0	0	*	2
1369	54779	44	185	0	0	*	2
1370	54819	43	183	0	0	*	2
1371	54859	43	181	0	0	*	2
1372	54899	42	179	0	0	*	2
1373	54939	41	176	0	0	*	2
1374	54979	41	175	0	0	*	2
1375	55019	40	173	0	0	*	2
1376	55059	40	170	0	0	*	2
1377	55099	39	168	0	0	*	2
1378	55139	38	166	0	0	*	2
1379	55179	38	164	0	0	*	2
1380	55219	37	162	0	0	*	2
1381	55259	37	161	0	0	*	2
1382	55299	36	158	0	0	*	2
1383	55339	36	156	0	0	*	2
1384	55379	36	154	0	0	*	2
1385	55419	35	152	0	0	*	2
1386	55459	35	150	0	0	*	2
1387	55499	34	148	0	0	*	2
1388	55539	34	145	0	0	*	2
1389	55579	33	143	0	0	*	2
1390	55619	33	141	0	0	*	2
1391	55659	32	139	0	0	*	2
1392	55699	32	137	0	0	*	2
1393	55739	31	135	0	0	*	2
1394	55779	31	133	0	0	*	2
1395	55819	31	131	0	0	*	2
1396	55859	30	128	0	0	*	2
1397	55899	30	126	0	0	*	2
1398	55939	29	124	0	0	*	2
1399	55979	29	122	0	0	*	2
1400	56019	28	120	0	0	*	2
1401	56059	28	118	0	0	*	2
1402	56099	28	116	0	0	*	2
1403	56139	27	115	0	0	*	2
1404	56179	27	113	0	0	*	2
1405	56219	26	110	0	0	*	2
1406	56259	25	108	0	0	*	2
1407	56299	25	106	0	0	*	2
1408	56339	25	104	0	0	*	2
1409	56379	24	103	0	0	*	2
1410	56419	24	101	0	0	*	2
1411	56459	24	98	0	0	*	2
1412	56499	22	96	0	0	*	2
1413	56539	21	93	0	0	*	2
1414	56579	20	91	0	0	*	2
1415	56619	19	89	0	0	*	2
1416	56659	18	88	0	0	*	2
1417	56699	18	86	0	0	*	2
1418	56739	18	85	0	0	*	2
1419	56779	18	84	0	0	*	2
1420	56819	18	83	0	0	*	2
1421	56859	18	82	0	0	*	2
1422	56899	18	82	0	0	*	2
1423	56939	17	80	0	0	*	2
1424	56979	18	79	0	0	*	2
1425	57019	19	76	0	0	*	2
1426	57059	19	75	0	0	*	2
1427	57099	19	75	0	0	*	2
1428	57139	20	75	0	0	*	2
1429	57179	20	74	0	0	*	2
1430	57219	20	73	0	0	*	2
1431	57259	21	73	0	0	*	2
1432	57299	23	72	0	0	*	2
1433	57339	24	71	0	0	*	2
1434	57379	24	70	0	0	*	2
1435	57419	24	70	0	0	*	2
1436	57459	25	68	0	0	*	2
1437	57499	27	65	0	0	*	2
1438	57539	28	63	0	0	*	2
1439	57579	29	63	0	0	*	2
1440	57619	30	62	0	0	*	2
1441	57659	33	61	0	0	*	2
1442	57699	34	58	0	0	*	2
1443	57739	35	57	0	0	*	2
1444	57779	36	55	0	0	*	2
1445	57819	36	55	0	0	*	2
1446	57859	37	54	0	0	*	2
1447	57899	37	52	0	0	*	2
1448	57939	39	44	0	0	*	2
1449	57979	39	48	0	0	*	2
1450	58019	39	47	0	0	*	2
1451	58059	40	46	0	0	*	2
1452	58099	41	45	0	0	*	2
1453	58139	41	45	0	0	*	2
1454	58179	42	43	0	0	*	2
1455	58219	43	40	0	0	*	2
1456	58259	44	40	0	0	*	2
1457	58299	45	39	0	0	*	2
1458	58339	46	38	0	0	*	2
1459	58379	46	37	0	0	*	2
1460	58419	47	36	0	0	*	2
1461	58459	48	35	0	0	*	2
1462	58499	48	34	0	0	*	2
1463	58539	49	33	0	0	*	2
1464	58579	49	32	0	0	*	2
1465	58619	51	31	0	0	*	2
1466	58659	51	30	0	0	*	2
1467	58699	52	29	0	0	*	2
1468	58739	54	28	0	0	*	2
1469	58779	55	27	0	0	*	2
1470	58819	56	26	0	0	*	2
1471	58859	57	25	0	0	*	2
1472	58899	58	25	0	0	*	2
1473	58939	59	24	0	0	*	2
1474	58979	61	23	0	0	*	2
1475	59019	62	23	0	0	*	2
1476	59059	63	22	0	0	*	2
1477	59099	64	22	0	0	*	2
1478	59139	65	21	0	0	*	2
1479	59179	66	21	0	0	*	2
1480	59219	68	20	0	0	*	2
1481	59259	70	19	0	0	*	2
1482	59299	72	18	0	0	*	2
1483	59339	73	18	0	0	*	2
1484	59379	74	17	0	0	*	2
1485	59419	75	17	0	0	*	2
1486	59459	76	16	0	0	*	2
1487	59499	78	16	0	0	*	2
1488	59539	80	15	0	0	*	2
1489	59579	82	15	0	0	*	2
1490	59619	83	15	0	0	*	2
1491	59659	84	14	0	0	*	2
1492	59699	86	14	0	0	*	2
1493	59739	88	13	0	0	*	2
1494	59779	90	13	0	0	*	2
1495	59819	92	13	0	0	*	2
1496	59859	94	12	0	0	*	2
1497	59899	95	12	0	0	*	2
1498	59939	97	12	0	0	*	2
1499	59979	99	12	0	0	*	2
1500	60019	110	11	0	0	*	2
1501	60059	112	11	0	0	*	2
1502	60099	95	11	0	0	*	2
1503	60139	106	11	0	0	*	2
1504	60179	108	11	0	0	*	2
1505	60219	120	12	0	0	*	2
1506	60259	121	13	0	0	*	2
1507	60299	104	10	0	0	*	2
1508	60339	106	10	0	0	*	2
1509	60379	108	10	0	0	*	2
1510	60419	109	10	0	0	*	2
1511	60459	130	14	0	0	*	2
