%%BEGIN_HEADER
	%%BEGIN DATABASE_INFORMATION
		%Date.0 ( 13.9.2019 )
		%Time.0 ( 17:29 )
	%%END DATABASE_INFORMATION
	%%BEGIN SETUP_INFORMATION
		%TrackerVersion.0 ( Tracker version 2.38 release 12.8.2012 )
		%ElapsedTime_ms.0 ( 67660 )
		%Paradigm.0 ( PlacePreference )
		%FeederParameters.0 ( 1500 0 )
			// %FeederParameters.0 ( ENTRANCE_LATENCY EXIT_LATENCY )
		%ElapsedPath_m.0 ( 0.00 )
		%ArenaDiameter_m.0 ( 1.80 )
		%TrackerResolution_PixPerCM.0 ( 1.4222 )
		%ArenaCenterXY.0 ( 127.5 127.5 )
		%Frame.0 ( RoomFrame )
		%ReinforcedSector.0 ( 190.6093 64.3907 7 )
			//%ReinforcedSector.0 ( CENTER_X CENTER_Y RADIUS )
		%RoomTrackReinforcedSector.0 ( 190.6093 64.3907 7 )
			//%RoomTrackReinforcedSector.0 ( CENTER_X CENTER_Y RADIUS )
	%%END SETUP_INFORMATION
	%%BEGIN RECORD_FORMAT
		%Sample.0 ( FrameCount 1msTimeStamp RoomX RoomY Sectors State Flags FrameInfo )
			//Sectors indicate if the object is in a target. Number is binary coded. Sectors = 0: no target, Sectors = 1: room target, Sectors: = 2 arena target, Sectors: = 3 room and arena target
			////State indicates the Watermaze State: OutsideTarget = 0, EntranceLatency = 1, InsideTarget = 3, OutsideRefractory = 4, BadSpot = 5
			//FrameInfo indicates succesfuly tracked spots: ReferencePoint * 2^0 + Spot0 * 2^(1+0) + Spot1 * 2^(1+1) + Spot2 * 2^(1+2) .... 
	%%END RECORD_FORMAT
%%END_HEADER
1	59	46	203	0	0	*	2
2	99	46	202	0	0	*	2
3	139	46	201	0	0	*	2
4	179	46	200	0	0	*	2
5	219	45	198	0	0	*	2
6	259	45	196	0	0	*	2
7	299	43	195	0	0	*	2
8	339	42	194	0	0	*	2
9	379	40	193	0	0	*	2
10	419	39	192	0	0	*	2
11	459	38	192	0	0	*	2
12	499	36	191	0	0	*	2
13	539	35	191	0	0	*	2
14	579	34	190	0	0	*	2
15	619	32	189	0	0	*	2
16	659	28	188	0	0	*	2
17	699	28	188	0	0	*	2
18	739	27	187	0	0	*	2
19	779	24	185	0	0	*	2
20	819	24	185	0	0	*	2
21	859	23	184	0	0	*	2
22	899	21	183	0	0	*	2
23	939	21	181	0	0	*	2
24	979	21	180	0	0	*	2
25	1019	20	178	0	0	*	2
26	1059	20	177	0	0	*	2
27	1099	20	176	0	0	*	2
28	1139	19	175	0	0	*	2
29	1179	18	174	0	0	*	2
30	1219	17	172	0	0	*	2
31	1259	17	171	0	0	*	2
32	1299	16	168	0	0	*	2
33	1339	15	166	0	0	*	2
34	1379	14	164	0	0	*	2
35	1419	14	163	0	0	*	2
36	1459	13	162	0	0	*	2
37	1499	13	160	0	0	*	2
38	1539	12	158	0	0	*	2
39	1579	12	157	0	0	*	2
40	1619	11	155	0	0	*	2
41	1659	11	153	0	0	*	2
42	1699	10	152	0	0	*	2
43	1739	9	150	0	0	*	2
44	1779	9	149	0	0	*	2
45	1819	9	146	0	0	*	2
46	1859	8	144	0	0	*	2
47	1899	7	142	0	0	*	2
48	1939	7	140	0	0	*	2
49	1979	6	139	0	0	*	2
50	2019	6	136	0	0	*	2
51	2059	6	134	0	0	*	2
52	2099	5	131	0	0	*	2
53	2139	5	129	0	0	*	2
54	2179	5	127	0	0	*	2
55	2219	5	124	0	0	*	2
56	2259	5	123	0	0	*	2
57	2299	5	120	0	0	*	2
58	2339	5	117	0	0	*	2
59	2379	6	116	0	0	*	2
60	2419	6	114	0	0	*	2
61	2459	6	112	0	0	*	2
62	2499	6	109	0	0	*	2
63	2539	7	107	0	0	*	2
64	2579	7	105	0	0	*	2
65	2619	8	103	0	0	*	2
66	2659	8	101	0	0	*	2
67	2699	9	99	0	0	*	2
68	2739	9	96	0	0	*	2
69	2779	10	94	0	0	*	2
70	2819	10	93	0	0	*	2
71	2859	11	90	0	0	*	2
72	2899	12	88	0	0	*	2
73	2939	12	86	0	0	*	2
74	2979	13	84	0	0	*	2
75	3019	14	82	0	0	*	2
76	3059	15	79	0	0	*	2
77	3099	15	77	0	0	*	2
78	3139	16	75	0	0	*	2
79	3179	17	73	0	0	*	2
80	3219	18	71	0	0	*	2
81	3259	19	70	0	0	*	2
82	3299	20	68	0	0	*	2
83	3339	21	66	0	0	*	2
84	3379	22	64	0	0	*	2
85	3419	23	62	0	0	*	2
86	3459	24	60	0	0	*	2
87	3499	26	58	0	0	*	2
88	3539	27	56	0	0	*	2
89	3579	28	54	0	0	*	2
90	3619	29	53	0	0	*	2
91	3659	30	51	0	0	*	2
92	3699	32	49	0	0	*	2
93	3739	33	47	0	0	*	2
94	3779	35	46	0	0	*	2
95	3819	36	44	0	0	*	2
96	3859	37	43	0	0	*	2
97	3899	39	41	0	0	*	2
98	3939	40	40	0	0	*	2
99	3979	42	38	0	0	*	2
100	4019	44	37	0	0	*	2
101	4059	45	35	0	0	*	2
102	4099	47	34	0	0	*	2
103	4139	49	33	0	0	*	2
104	4179	50	31	0	0	*	2
105	4219	51	30	0	0	*	2
106	4259	53	29	0	0	*	2
107	4299	54	28	0	0	*	2
108	4339	56	26	0	0	*	2
109	4379	58	25	0	0	*	2
110	4419	60	23	0	0	*	2
111	4459	61	23	0	0	*	2
112	4499	63	22	0	0	*	2
113	4539	65	21	0	0	*	2
114	4579	67	20	0	0	*	2
115	4619	69	19	0	0	*	2
116	4659	71	18	0	0	*	2
117	4699	72	17	0	0	*	2
118	4739	74	16	0	0	*	2
119	4779	76	15	0	0	*	2
120	4819	78	14	0	0	*	2
121	4859	80	13	0	0	*	2
122	4899	82	12	0	0	*	2
123	4939	84	11	0	0	*	2
124	4979	86	11	0	0	*	2
125	5019	88	10	0	0	*	2
126	5059	90	9	0	0	*	2
127	5099	92	9	0	0	*	2
128	5139	94	8	0	0	*	2
129	5179	96	8	0	0	*	2
130	5219	98	7	0	0	*	2
131	5259	100	6	0	0	*	2
132	5299	102	6	0	0	*	2
133	5339	104	5	0	0	*	2
134	5379	106	5	0	0	*	2
135	5419	108	5	0	0	*	2
136	5459	110	5	0	0	*	2
137	5499	111	4	0	0	*	2
138	5539	113	4	0	0	*	2
139	5579	115	4	0	0	*	2
140	5619	118	4	0	0	*	2
141	5659	120	4	0	0	*	2
142	5699	121	3	0	0	*	2
143	5739	123	3	0	0	*	2
144	5779	125	3	0	0	*	2
145	5819	128	3	0	0	*	2
146	5859	130	3	0	0	*	2
147	5899	132	3	0	0	*	2
148	5939	134	3	0	0	*	2
149	5979	136	3	0	0	*	2
150	6019	137	4	0	0	*	2
151	6059	140	4	0	0	*	2
152	6099	141	4	0	0	*	2
153	6139	143	4	0	0	*	2
154	6179	145	5	0	0	*	2
155	6219	147	5	0	0	*	2
156	6259	150	6	0	0	*	2
157	6299	151	6	0	0	*	2
158	6339	153	6	0	0	*	2
159	6379	156	7	0	0	*	2
160	6419	157	7	0	0	*	2
161	6459	159	7	0	0	*	2
162	6499	161	8	0	0	*	2
163	6539	162	8	0	0	*	2
164	6579	164	9	0	0	*	2
165	6619	166	9	0	0	*	2
166	6659	168	10	0	0	*	2
167	6699	170	11	0	0	*	2
168	6739	171	11	0	0	*	2
169	6779	173	12	0	0	*	2
170	6819	174	13	0	0	*	2
171	6859	177	13	0	0	*	2
172	6899	179	14	0	0	*	2
173	6939	180	15	0	0	*	2
174	6979	182	16	0	0	*	2
175	7019	184	17	0	0	*	2
176	7059	185	18	0	0	*	2
177	7099	187	19	0	0	*	2
178	7139	189	20	0	0	*	2
179	7179	190	21	0	0	*	2
180	7219	192	22	0	0	*	2
181	7259	194	23	0	0	*	2
182	7299	195	24	0	0	*	2
183	7339	197	25	0	0	*	2
184	7379	198	26	0	0	*	2
185	7419	200	27	0	0	*	2
186	7459	201	28	0	0	*	2
187	7499	203	29	0	0	*	2
188	7539	204	30	0	0	*	2
189	7579	205	31	0	0	*	2
190	7619	206	32	0	0	*	2
191	7659	208	34	0	0	*	2
192	7699	210	35	0	0	*	2
193	7739	212	37	0	0	*	2
194	7779	213	38	0	0	*	2
195	7819	215	40	0	0	*	2
196	7859	216	41	0	0	*	2
197	7899	217	42	0	0	*	2
198	7939	219	44	0	0	*	2
199	7979	219	46	0	0	*	2
200	8019	220	46	0	0	*	2
201	8059	222	48	0	0	*	2
202	8099	224	50	0	0	*	2
203	8139	225	52	0	0	*	2
204	8179	226	53	0	0	*	2
205	8219	227	54	0	0	*	2
206	8259	228	56	0	0	*	2
207	8299	229	57	0	0	*	2
208	8339	230	59	0	0	*	2
209	8379	231	61	0	0	*	2
210	8419	232	62	0	0	*	2
211	8459	233	64	0	0	*	2
212	8499	234	65	0	0	*	2
213	8539	235	67	0	0	*	2
214	8579	236	69	0	0	*	2
215	8619	237	71	0	0	*	2
216	8659	238	73	0	0	*	2
217	8699	239	74	0	0	*	2
218	8739	239	75	0	0	*	2
219	8779	240	77	0	0	*	2
220	8819	241	78	0	0	*	2
221	8859	242	80	0	0	*	2
222	8899	243	82	0	0	*	2
223	8939	243	84	0	0	*	2
224	8979	243	86	0	0	*	2
225	9019	244	88	0	0	*	2
226	9059	245	90	0	0	*	2
227	9099	245	92	0	0	*	2
228	9139	246	93	0	0	*	2
229	9179	246	95	0	0	*	2
230	9219	247	98	0	0	*	2
231	9259	247	99	0	0	*	2
232	9299	247	101	0	0	*	2
233	9339	248	103	0	0	*	2
234	9379	248	105	0	0	*	2
235	9419	249	107	0	0	*	2
236	9459	249	109	0	0	*	2
237	9499	249	111	0	0	*	2
238	9539	249	113	0	0	*	2
239	9579	250	114	0	0	*	2
240	9619	250	116	0	0	*	2
241	9659	250	118	0	0	*	2
242	9699	250	120	0	0	*	2
243	9739	250	123	0	0	*	2
244	9779	250	125	0	0	*	2
245	9819	250	126	0	0	*	2
246	9859	250	128	0	0	*	2
247	9899	250	130	0	0	*	2
248	9939	250	133	0	0	*	2
249	9979	250	134	0	0	*	2
250	10019	249	136	0	0	*	2
251	10059	249	139	0	0	*	2
252	10099	249	140	0	0	*	2
253	10139	249	142	0	0	*	2
254	10179	249	144	0	0	*	2
255	10219	248	146	0	0	*	2
256	10259	248	148	0	0	*	2
257	10299	247	149	0	0	*	2
258	10339	247	151	0	0	*	2
259	10379	247	153	0	0	*	2
260	10419	246	155	0	0	*	2
261	10459	246	157	0	0	*	2
262	10499	245	159	0	0	*	2
263	10539	245	160	0	0	*	2
264	10579	244	162	0	0	*	2
265	10619	244	164	0	0	*	2
266	10659	243	166	0	0	*	2
267	10699	242	168	0	0	*	2
268	10739	242	169	0	0	*	2
269	10779	241	171	0	0	*	2
270	10819	241	173	0	0	*	2
271	10859	240	174	0	0	*	2
272	10899	239	177	0	0	*	2
273	10939	238	178	0	0	*	2
274	10979	237	180	0	0	*	2
275	11019	236	182	0	0	*	2
276	11059	235	183	0	0	*	2
277	11099	234	185	0	0	*	2
278	11139	233	186	0	0	*	2
279	11179	232	188	0	0	*	2
280	11219	231	190	0	0	*	2
281	11259	230	191	0	0	*	2
282	11299	229	193	0	0	*	2
283	11339	228	195	0	0	*	2
284	11379	227	196	0	0	*	2
285	11419	226	198	0	0	*	2
286	11459	225	199	0	0	*	2
287	11499	224	200	0	0	*	2
288	11539	222	202	0	0	*	2
289	11579	221	204	0	0	*	2
290	11619	219	205	0	0	*	2
291	11659	218	207	0	0	*	2
292	11699	217	208	0	0	*	2
293	11739	216	209	0	0	*	2
294	11779	214	210	0	0	*	2
295	11819	213	211	0	0	*	2
296	11859	211	213	0	0	*	2
297	11899	210	214	0	0	*	2
298	11939	209	216	0	0	*	2
299	11979	207	217	0	0	*	2
300	12019	206	218	0	0	*	2
301	12059	204	220	0	0	*	2
302	12099	203	221	0	0	*	2
303	12139	202	222	0	0	*	2
304	12179	200	223	0	0	*	2
305	12219	198	224	0	0	*	2
306	12259	197	226	0	0	*	2
307	12299	195	227	0	0	*	2
308	12339	194	228	0	0	*	2
309	12379	192	229	0	0	*	2
310	12419	190	230	0	0	*	2
311	12459	189	230	0	0	*	2
312	12499	187	232	0	0	*	2
313	12539	185	232	0	0	*	2
314	12579	184	233	0	0	*	2
315	12619	182	234	0	0	*	2
316	12659	180	235	0	0	*	2
317	12699	179	236	0	0	*	2
318	12739	177	237	0	0	*	2
319	12779	175	237	0	0	*	2
320	12819	173	238	0	0	*	2
321	12859	171	238	0	0	*	2
322	12899	170	239	0	0	*	2
323	12939	168	240	0	0	*	2
324	12979	167	240	0	0	*	2
325	13019	165	241	0	0	*	2
326	13059	163	241	0	0	*	2
327	13099	161	242	0	0	*	2
328	13139	159	243	0	0	*	2
329	13179	158	243	0	0	*	2
330	13219	156	243	0	0	*	2
331	13259	154	244	0	0	*	2
332	13299	152	244	0	0	*	2
333	13339	150	245	0	0	*	2
334	13379	148	245	0	0	*	2
335	13419	147	245	0	0	*	2
336	13459	145	245	0	0	*	2
337	13499	143	245	0	0	*	2
338	13539	141	246	0	0	*	2
339	13579	139	246	0	0	*	2
340	13619	137	246	0	0	*	2
341	13659	135	246	0	0	*	2
342	13699	133	246	0	0	*	2
343	13739	131	246	0	0	*	2
344	13779	129	246	0	0	*	2
345	13819	127	247	0	0	*	2
346	13859	124	246	0	0	*	2
347	13899	122	246	0	0	*	2
348	13939	120	246	0	0	*	2
349	13979	118	246	0	0	*	2
350	14019	116	246	0	0	*	2
351	14059	115	246	0	0	*	2
352	14099	112	245	0	0	*	2
353	14139	109	245	0	0	*	2
354	14179	109	245	0	0	*	2
355	14219	106	245	0	0	*	2
356	14259	105	244	0	0	*	2
357	14299	103	244	0	0	*	2
358	14339	101	243	0	0	*	2
359	14379	99	243	0	0	*	2
360	14419	97	243	0	0	*	2
361	14459	96	243	0	0	*	2
362	14499	95	242	0	0	*	2
363	14539	93	241	0	0	*	2
364	14579	91	241	0	0	*	2
365	14619	89	240	0	0	*	2
366	14659	87	240	0	0	*	2
367	14699	85	239	0	0	*	2
368	14739	84	238	0	0	*	2
369	14779	81	237	0	0	*	2
370	14819	80	237	0	0	*	2
371	14859	79	236	0	0	*	2
372	14899	78	236	0	0	*	2
373	14939	76	235	0	0	*	2
374	14979	75	234	0	0	*	2
375	15019	73	233	0	0	*	2
376	15059	72	232	0	0	*	2
377	15099	70	232	0	0	*	2
378	15139	68	232	0	0	*	2
379	15179	67	231	0	0	*	2
380	15219	65	230	0	0	*	2
381	15259	64	229	0	0	*	2
382	15299	63	228	0	0	*	2
383	15339	61	227	0	0	*	2
384	15379	60	226	0	0	*	2
385	15419	58	225	0	0	*	2
386	15459	57	224	0	0	*	2
387	15499	56	223	0	0	*	2
388	15539	54	222	0	0	*	2
389	15579	53	221	0	0	*	2
390	15619	52	220	0	0	*	2
391	15659	50	219	0	0	*	2
392	15699	49	217	0	0	*	2
393	15739	48	216	0	0	*	2
394	15779	46	215	0	0	*	2
395	15819	45	214	0	0	*	2
396	15859	44	213	0	0	*	2
397	15899	42	211	0	0	*	2
398	15939	41	210	0	0	*	2
399	15979	40	209	0	0	*	2
400	16019	38	208	0	0	*	2
401	16059	38	207	0	0	*	2
402	16099	36	206	0	0	*	2
403	16139	36	204	0	0	*	2
404	16179	35	203	0	0	*	2
405	16219	33	202	0	0	*	2
406	16259	32	201	0	0	*	2
407	16299	31	199	0	0	*	2
408	16339	30	198	0	0	*	2
409	16379	29	196	0	0	*	2
410	16419	28	195	0	0	*	2
411	16459	27	193	0	0	*	2
412	16499	26	192	0	0	*	2
413	16539	25	191	0	0	*	2
414	16579	24	189	0	0	*	2
415	16619	24	188	0	0	*	2
416	16659	22	187	0	0	*	2
417	16699	22	185	0	0	*	2
418	16739	21	184	0	0	*	2
419	16779	20	182	0	0	*	2
420	16819	19	180	0	0	*	2
421	16859	18	179	0	0	*	2
422	16899	17	177	0	0	*	2
423	16939	17	176	0	0	*	2
424	16979	16	174	0	0	*	2
425	17019	15	173	0	0	*	2
426	17059	14	171	0	0	*	2
427	17099	13	169	0	0	*	2
428	17139	13	168	0	0	*	2
429	17179	12	166	0	0	*	2
430	17219	12	164	0	0	*	2
431	17259	12	162	0	0	*	2
432	17299	11	161	0	0	*	2
433	17339	10	159	0	0	*	2
434	17379	10	158	0	0	*	2
435	17419	10	156	0	0	*	2
436	17459	9	154	0	0	*	2
437	17499	9	152	0	0	*	2
438	17539	8	150	0	0	*	2
439	17579	8	149	0	0	*	2
440	17619	8	147	0	0	*	2
441	17659	7	145	0	0	*	2
442	17699	7	144	0	0	*	2
443	17739	7	141	0	0	*	2
444	17779	6	140	0	0	*	2
445	17819	6	139	0	0	*	2
446	17859	6	136	0	0	*	2
447	17899	6	135	0	0	*	2
448	17939	6	133	0	0	*	2
449	17979	5	131	0	0	*	2
450	18019	5	129	0	0	*	2
451	18059	6	127	0	0	*	2
452	18099	6	125	0	0	*	2
453	18139	6	124	0	0	*	2
454	18179	6	121	0	0	*	2
455	18219	6	119	0	0	*	2
456	18259	6	118	0	0	*	2
457	18299	6	116	0	0	*	2
458	18339	6	114	0	0	*	2
459	18379	6	113	0	0	*	2
460	18419	6	110	0	0	*	2
461	18459	7	109	0	0	*	2
462	18499	7	107	0	0	*	2
463	18539	7	105	0	0	*	2
464	18579	8	104	0	0	*	2
465	18619	8	102	0	0	*	2
466	18659	8	100	0	0	*	2
467	18699	9	99	0	0	*	2
468	18739	9	97	0	0	*	2
469	18779	10	95	0	0	*	2
470	18819	10	93	0	0	*	2
471	18859	11	92	0	0	*	2
472	18899	11	90	0	0	*	2
473	18939	12	89	0	0	*	2
474	18979	12	87	0	0	*	2
475	19019	13	85	0	0	*	2
476	19059	13	83	0	0	*	2
477	19099	14	81	0	0	*	2
478	19139	14	80	0	0	*	2
479	19179	15	78	0	0	*	2
480	19219	16	77	0	0	*	2
481	19259	16	75	0	0	*	2
482	19299	17	73	0	0	*	2
483	19339	18	72	0	0	*	2
484	19379	18	70	0	0	*	2
485	19419	19	69	0	0	*	2
486	19459	20	68	0	0	*	2
487	19499	21	67	0	0	*	2
488	19539	22	65	0	0	*	2
489	19579	22	64	0	0	*	2
490	19619	23	62	0	0	*	2
491	19659	24	61	0	0	*	2
492	19699	25	59	0	0	*	2
493	19739	26	58	0	0	*	2
494	19779	27	56	0	0	*	2
495	19819	28	55	0	0	*	2
496	19859	29	53	0	0	*	2
497	19899	31	52	0	0	*	2
498	19939	31	50	0	0	*	2
499	19979	32	49	0	0	*	2
500	20019	33	48	0	0	*	2
501	20059	35	46	0	0	*	2
502	20099	36	45	0	0	*	2
503	20139	37	44	0	0	*	2
504	20179	38	42	0	0	*	2
505	20219	39	41	0	0	*	2
506	20259	41	40	0	0	*	2
507	20299	42	39	0	0	*	2
508	20339	43	38	0	0	*	2
509	20379	44	36	0	0	*	2
510	20419	45	35	0	0	*	2
511	20459	47	34	0	0	*	2
512	20499	48	33	0	0	*	2
513	20539	49	32	0	0	*	2
514	20579	50	31	0	0	*	2
515	20619	51	30	0	0	*	2
516	20659	52	29	0	0	*	2
517	20699	54	28	0	0	*	2
518	20739	56	27	0	0	*	2
519	20779	57	26	0	0	*	2
520	20819	58	24	0	0	*	2
521	20859	60	24	0	0	*	2
522	20899	61	23	0	0	*	2
523	20939	62	22	0	0	*	2
524	20979	65	21	0	0	*	2
525	21019	66	20	0	0	*	2
526	21059	67	19	0	0	*	2
527	21099	69	18	0	0	*	2
528	21139	70	18	0	0	*	2
529	21179	73	17	0	0	*	2
530	21219	74	16	0	0	*	2
531	21259	75	15	0	0	*	2
532	21299	77	15	0	0	*	2
533	21339	79	14	0	0	*	2
534	21379	80	13	0	0	*	2
535	21419	82	13	0	0	*	2
536	21459	83	12	0	0	*	2
537	21499	85	11	0	0	*	2
538	21539	86	11	0	0	*	2
539	21579	88	10	0	0	*	2
540	21619	90	9	0	0	*	2
541	21659	92	9	0	0	*	2
542	21699	94	8	0	0	*	2
543	21739	95	8	0	0	*	2
544	21779	97	7	0	0	*	2
545	21819	99	7	0	0	*	2
546	21859	100	6	0	0	*	2
547	21899	102	6	0	0	*	2
548	21939	104	5	0	0	*	2
549	21979	106	5	0	0	*	2
550	22019	108	5	0	0	*	2
551	22059	109	5	0	0	*	2
552	22099	111	4	0	0	*	2
553	22139	113	4	0	0	*	2
554	22179	114	4	0	0	*	2
555	22219	116	4	0	0	*	2
556	22259	118	4	0	0	*	2
557	22299	120	3	0	0	*	2
558	22339	121	3	0	0	*	2
559	22379	123	3	0	0	*	2
560	22419	125	3	0	0	*	2
561	22459	127	3	0	0	*	2
562	22499	129	3	0	0	*	2
563	22539	130	3	0	0	*	2
564	22579	132	3	0	0	*	2
565	22619	134	4	0	0	*	2
566	22659	135	4	0	0	*	2
567	22699	138	4	0	0	*	2
568	22739	139	4	0	0	*	2
569	22779	141	4	0	0	*	2
570	22819	143	4	0	0	*	2
571	22859	144	5	0	0	*	2
572	22899	146	5	0	0	*	2
573	22939	148	5	0	0	*	2
574	22979	149	6	0	0	*	2
575	23019	151	6	0	0	*	2
576	23059	153	6	0	0	*	2
577	23099	155	6	0	0	*	2
578	23139	157	7	0	0	*	2
579	23179	159	8	0	0	*	2
580	23219	160	8	0	0	*	2
581	23259	162	8	0	0	*	2
582	23299	163	9	0	0	*	2
583	23339	165	9	0	0	*	2
584	23379	166	10	0	0	*	2
585	23419	168	11	0	0	*	2
586	23459	170	11	0	0	*	2
587	23499	172	12	0	0	*	2
588	23539	173	12	0	0	*	2
589	23579	174	13	0	0	*	2
590	23619	176	14	0	0	*	2
591	23659	178	14	0	0	*	2
592	23699	180	15	0	0	*	2
593	23739	182	16	0	0	*	2
594	23779	182	16	0	0	*	2
595	23819	183	17	0	0	*	2
596	23859	185	18	0	0	*	2
597	23899	187	19	0	0	*	2
598	23939	188	20	0	0	*	2
599	23979	190	20	0	0	*	2
600	24019	191	21	0	0	*	2
601	24059	192	22	0	0	*	2
602	24099	194	23	0	0	*	2
603	24139	195	24	0	0	*	2
604	24179	197	25	0	0	*	2
605	24219	199	25	0	0	*	2
606	24259	200	26	0	0	*	2
607	24299	201	28	0	0	*	2
608	24339	203	29	0	0	*	2
609	24379	203	30	0	0	*	2
610	24419	204	30	0	0	*	2
611	24459	206	31	0	0	*	2
612	24499	207	33	0	0	*	2
613	24539	209	34	0	0	*	2
614	24579	210	35	0	0	*	2
615	24619	211	36	0	0	*	2
616	24659	213	37	0	0	*	2
617	24699	214	39	0	0	*	2
618	24739	215	41	0	0	*	2
619	24779	216	42	0	0	*	2
620	24819	217	42	0	0	*	2
621	24859	218	44	0	0	*	2
622	24899	219	45	0	0	*	2
623	24939	220	46	0	0	*	2
624	24979	221	47	0	0	*	2
625	25019	222	48	0	0	*	2
626	25059	223	50	0	0	*	2
627	25099	224	51	0	0	*	2
628	25139	225	52	0	0	*	2
629	25179	226	53	0	0	*	2
630	25219	227	55	0	0	*	2
631	25259	228	56	0	0	*	2
632	25299	229	57	0	0	*	2
633	25339	230	59	0	0	*	2
634	25379	231	60	0	0	*	2
635	25419	232	62	0	0	*	2
636	25459	232	64	0	0	*	2
637	25499	233	65	0	0	*	2
638	25539	234	66	0	0	*	2
639	25579	235	67	0	0	*	2
640	25619	236	69	0	0	*	2
641	25659	237	70	0	0	*	2
642	25699	237	71	0	0	*	2
643	25739	238	72	0	0	*	2
644	25779	239	74	0	0	*	2
645	25819	240	76	0	0	*	2
646	25859	240	77	0	0	*	2
647	25899	241	78	0	0	*	2
648	25939	241	80	0	0	*	2
649	25979	242	81	0	0	*	2
650	26019	242	82	0	0	*	2
651	26059	243	84	0	0	*	2
652	26099	243	85	0	0	*	2
653	26139	244	87	0	0	*	2
654	26179	244	88	0	0	*	2
655	26219	244	90	0	0	*	2
656	26259	245	92	0	0	*	2
657	26299	246	93	0	0	*	2
658	26339	246	95	0	0	*	2
659	26379	246	96	0	0	*	2
660	26419	246	97	0	0	*	2
661	26459	247	99	0	0	*	2
662	26499	248	101	0	0	*	2
663	26539	248	102	0	0	*	2
664	26579	248	104	0	0	*	2
665	26619	248	106	0	0	*	2
666	26659	249	107	0	0	*	2
667	26699	249	109	0	0	*	2
668	26739	250	111	0	0	*	2
669	26779	250	112	0	0	*	2
670	26819	249	113	0	0	*	2
671	26859	249	114	0	0	*	2
672	26899	249	116	0	0	*	2
673	26939	249	117	0	0	*	2
674	26979	250	119	0	0	*	2
675	27019	250	120	0	0	*	2
676	27059	250	122	0	0	*	2
677	27099	250	124	0	0	*	2
678	27139	250	126	0	0	*	2
679	27179	250	128	0	0	*	2
680	27219	250	129	0	0	*	2
681	27259	250	130	0	0	*	2
682	27299	249	132	0	0	*	2
683	27339	249	133	0	0	*	2
684	27379	250	135	0	0	*	2
685	27419	249	137	0	0	*	2
686	27459	249	138	0	0	*	2
687	27499	249	139	0	0	*	2
688	27539	249	140	0	0	*	2
689	27579	249	142	0	0	*	2
690	27619	249	144	0	0	*	2
691	27659	248	146	0	0	*	2
692	27699	248	147	0	0	*	2
693	27739	247	148	0	0	*	2
694	27779	247	149	0	0	*	2
695	27819	247	150	0	0	*	2
696	27859	247	152	0	0	*	2
697	27899	246	154	0	0	*	2
698	27939	246	155	0	0	*	2
699	27979	245	157	0	0	*	2
700	28019	245	158	0	0	*	2
701	28059	245	160	0	0	*	2
702	28099	244	162	0	0	*	2
703	28139	244	162	0	0	*	2
704	28179	243	163	0	0	*	2
705	28219	243	165	0	0	*	2
706	28259	243	166	0	0	*	2
707	28299	242	168	0	0	*	2
708	28339	242	170	0	0	*	2
709	28379	241	171	0	0	*	2
710	28419	240	172	0	0	*	2
711	28459	240	174	0	0	*	2
712	28499	239	175	0	0	*	2
713	28539	238	177	0	0	*	2
714	28579	238	178	0	0	*	2
715	28619	237	179	0	0	*	2
716	28659	236	181	0	0	*	2
717	28699	235	182	0	0	*	2
718	28739	235	183	0	0	*	2
719	28779	234	184	0	0	*	2
720	28819	233	185	0	0	*	2
721	28859	232	186	0	0	*	2
722	28899	231	188	0	0	*	2
723	28939	231	189	0	0	*	2
724	28979	230	191	0	0	*	2
725	29019	230	191	0	0	*	2
726	29059	229	193	0	0	*	2
727	29099	228	194	0	0	*	2
728	29139	227	196	0	0	*	2
729	29179	226	196	0	0	*	2
730	29219	225	197	0	0	*	2
731	29259	225	199	0	0	*	2
732	29299	224	200	0	0	*	2
733	29339	223	201	0	0	*	2
734	29379	221	202	0	0	*	2
735	29419	221	204	0	0	*	2
736	29459	220	205	0	0	*	2
737	29499	219	206	0	0	*	2
738	29539	218	207	0	0	*	2
739	29579	217	208	0	0	*	2
740	29619	216	209	0	0	*	2
741	29659	215	210	0	0	*	2
742	29699	214	211	0	0	*	2
743	29739	213	212	0	0	*	2
744	29779	211	213	0	0	*	2
745	29819	210	214	0	0	*	2
746	29859	210	215	0	0	*	2
747	29899	208	216	0	0	*	2
748	29939	207	217	0	0	*	2
749	29979	206	218	0	0	*	2
750	30019	205	219	0	0	*	2
751	30059	204	220	0	0	*	2
752	30099	202	221	0	0	*	2
753	30139	201	222	0	0	*	2
754	30179	200	223	0	0	*	2
755	30219	199	224	0	0	*	2
756	30259	197	224	0	0	*	2
757	30299	196	225	0	0	*	2
758	30339	195	226	0	0	*	2
759	30379	194	227	0	0	*	2
760	30419	192	228	0	0	*	2
761	30459	191	229	0	0	*	2
762	30499	189	230	0	0	*	2
763	30539	188	231	0	0	*	2
764	30579	187	232	0	0	*	2
765	30619	185	232	0	0	*	2
766	30659	184	233	0	0	*	2
767	30699	182	233	0	0	*	2
768	30739	181	234	0	0	*	2
769	30779	180	235	0	0	*	2
770	30819	179	235	0	0	*	2
771	30859	177	236	0	0	*	2
772	30899	175	236	0	0	*	2
773	30939	174	237	0	0	*	2
774	30979	172	238	0	0	*	2
775	31019	171	238	0	0	*	2
776	31059	170	239	0	0	*	2
777	31099	168	239	0	0	*	2
778	31139	167	240	0	0	*	2
779	31179	165	240	0	0	*	2
780	31219	164	241	0	0	*	2
781	31259	162	241	0	0	*	2
782	31299	161	241	0	0	*	2
783	31339	159	242	0	0	*	2
784	31379	158	242	0	0	*	2
785	31419	157	242	0	0	*	2
786	31459	155	243	0	0	*	2
787	31499	154	243	0	0	*	2
788	31539	152	244	0	0	*	2
789	31579	150	244	0	0	*	2
790	31619	149	244	0	0	*	2
791	31659	147	245	0	0	*	2
792	31699	146	245	0	0	*	2
793	31739	144	245	0	0	*	2
794	31779	143	245	0	0	*	2
795	31819	141	245	0	0	*	2
796	31859	139	246	0	0	*	2
797	31899	138	246	0	0	*	2
798	31939	136	246	0	0	*	2
799	31979	134	246	0	0	*	2
800	32019	133	246	0	0	*	2
801	32059	132	246	0	0	*	2
802	32099	131	246	0	0	*	2
803	32139	128	246	0	0	*	2
804	32179	121	247	0	0	*	2
805	32219	123	246	0	0	*	2
806	32259	121	246	0	0	*	2
807	32299	120	246	0	0	*	2
808	32339	119	246	0	0	*	2
809	32379	116	246	0	0	*	2
810	32419	114	246	0	0	*	2
811	32459	111	246	0	0	*	2
812	32499	109	245	0	0	*	2
813	32539	109	245	0	0	*	2
814	32579	107	245	0	0	*	2
815	32619	106	245	0	0	*	2
816	32659	104	244	0	0	*	2
817	32699	102	244	0	0	*	2
818	32739	100	244	0	0	*	2
819	32779	99	244	0	0	*	2
820	32819	97	243	0	0	*	2
821	32859	97	243	0	0	*	2
822	32899	94	242	0	0	*	2
823	32939	93	242	0	0	*	2
824	32979	91	241	0	0	*	2
825	33019	90	241	0	0	*	2
826	33059	89	240	0	0	*	2
827	33099	87	240	0	0	*	2
828	33139	86	239	0	0	*	2
829	33179	85	238	0	0	*	2
830	33219	83	238	0	0	*	2
831	33259	82	238	0	0	*	2
832	33299	81	237	0	0	*	2
833	33339	79	236	0	0	*	2
834	33379	77	235	0	0	*	2
835	33419	76	235	0	0	*	2
836	33459	75	234	0	0	*	2
837	33499	73	234	0	0	*	2
838	33539	72	233	0	0	*	2
839	33579	71	232	0	0	*	2
840	33619	69	231	0	0	*	2
841	33659	68	231	0	0	*	2
842	33699	66	230	0	0	*	2
843	33739	65	229	0	0	*	2
844	33779	64	228	0	0	*	2
845	33819	62	227	0	0	*	2
846	33859	61	226	0	0	*	2
847	33899	60	226	0	0	*	2
848	33939	58	225	0	0	*	2
849	33979	57	224	0	0	*	2
850	34019	56	223	0	0	*	2
851	34059	55	222	0	0	*	2
852	34099	53	221	0	0	*	2
853	34139	52	220	0	0	*	2
854	34179	51	219	0	0	*	2
855	34219	50	218	0	0	*	2
856	34259	49	217	0	0	*	2
857	34299	48	216	0	0	*	2
858	34339	47	215	0	0	*	2
859	34379	45	214	0	0	*	2
860	34419	44	213	0	0	*	2
861	34459	43	212	0	0	*	2
862	34499	41	210	0	0	*	2
863	34539	40	209	0	0	*	2
864	34579	39	209	0	0	*	2
865	34619	38	208	0	0	*	2
866	34659	37	207	0	0	*	2
867	34699	36	206	0	0	*	2
868	34739	36	204	0	0	*	2
869	34779	35	203	0	0	*	2
870	34819	33	202	0	0	*	2
871	34859	32	201	0	0	*	2
872	34899	32	200	0	0	*	2
873	34939	31	199	0	0	*	2
874	34979	29	197	0	0	*	2
875	35019	29	196	0	0	*	2
876	35059	28	195	0	0	*	2
877	35099	27	194	0	0	*	2
878	35139	26	193	0	0	*	2
879	35179	25	191	0	0	*	2
880	35219	25	190	0	0	*	2
881	35259	24	189	0	0	*	2
882	35299	23	187	0	0	*	2
883	35339	23	186	0	0	*	2
884	35379	22	185	0	0	*	2
885	35419	21	184	0	0	*	2
886	35459	21	183	0	0	*	2
887	35499	20	182	0	0	*	2
888	35539	19	180	0	0	*	2
889	35579	18	179	0	0	*	2
890	35619	18	178	0	0	*	2
891	35659	17	176	0	0	*	2
892	35699	17	175	0	0	*	2
893	35739	16	174	0	0	*	2
894	35779	15	172	0	0	*	2
895	35819	15	171	0	0	*	2
896	35859	14	169	0	0	*	2
897	35899	14	168	0	0	*	2
898	35939	14	167	0	0	*	2
899	35979	13	165	0	0	*	2
900	36019	12	164	0	0	*	2
901	36059	12	162	0	0	*	2
902	36099	12	161	0	0	*	2
903	36139	12	160	0	0	*	2
904	36179	11	159	0	0	*	2
905	36219	10	157	0	0	*	2
906	36259	10	156	0	0	*	2
907	36299	10	155	0	0	*	2
908	36339	9	153	0	0	*	2
909	36379	9	152	0	0	*	2
910	36419	9	151	0	0	*	2
911	36459	8	149	0	0	*	2
912	36499	8	148	0	0	*	2
913	36539	8	146	0	0	*	2
914	36579	7	145	0	0	*	2
915	36619	7	143	0	0	*	2
916	36659	7	142	0	0	*	2
917	36699	7	141	0	0	*	2
918	36739	7	140	0	0	*	2
919	36779	7	138	0	0	*	2
920	36819	6	137	0	0	*	2
921	36859	6	135	0	0	*	2
922	36899	6	134	0	0	*	2
923	36939	6	132	0	0	*	2
924	36979	6	131	0	0	*	2
925	37019	6	130	0	0	*	2
926	37059	6	128	0	0	*	2
927	37099	6	127	0	0	*	2
928	37139	6	126	0	0	*	2
929	37179	6	124	0	0	*	2
930	37219	6	123	0	0	*	2
931	37259	6	121	0	0	*	2
932	37299	6	120	0	0	*	2
933	37339	6	118	0	0	*	2
934	37379	6	117	0	0	*	2
935	37419	6	116	0	0	*	2
936	37459	6	115	0	0	*	2
937	37499	7	113	0	0	*	2
938	37539	7	112	0	0	*	2
939	37579	7	111	0	0	*	2
940	37619	7	109	0	0	*	2
941	37659	7	109	0	0	*	2
942	37699	7	107	0	0	*	2
943	37739	8	106	0	0	*	2
944	37779	8	105	0	0	*	2
945	37819	8	103	0	0	*	2
946	37859	8	101	0	0	*	2
947	37899	8	100	0	0	*	2
948	37939	9	99	0	0	*	2
949	37979	9	97	0	0	*	2
950	38019	10	96	0	0	*	2
951	38059	10	95	0	0	*	2
952	38099	10	94	0	0	*	2
953	38139	11	93	0	0	*	2
954	38179	11	92	0	0	*	2
955	38219	12	90	0	0	*	2
956	38259	12	89	0	0	*	2
957	38299	12	88	0	0	*	2
958	38339	12	87	0	0	*	2
959	38379	12	86	0	0	*	2
960	38419	13	84	0	0	*	2
961	38459	13	83	0	0	*	2
962	38499	14	82	0	0	*	2
963	38539	14	81	0	0	*	2
964	38579	14	80	0	0	*	2
965	38619	15	78	0	0	*	2
966	38659	16	77	0	0	*	2
967	38699	16	75	0	0	*	2
968	38739	17	74	0	0	*	2
969	38779	17	73	0	0	*	2
970	38819	18	72	0	0	*	2
971	38859	19	71	0	0	*	2
972	38899	20	70	0	0	*	2
973	38939	20	68	0	0	*	2
974	38979	21	67	0	0	*	2
975	39019	21	66	0	0	*	2
976	39059	22	65	0	0	*	2
977	39099	23	63	0	0	*	2
978	39139	24	62	0	0	*	2
979	39179	24	60	0	0	*	2
980	39219	25	59	0	0	*	2
981	39259	26	58	0	0	*	2
982	39299	27	57	0	0	*	2
983	39339	28	56	0	0	*	2
984	39379	29	55	0	0	*	2
985	39419	29	53	0	0	*	2
986	39459	30	53	0	0	*	2
987	39499	31	51	0	0	*	2
988	39539	32	50	0	0	*	2
989	39579	33	49	0	0	*	2
990	39619	34	48	0	0	*	2
991	39659	35	46	0	0	*	2
992	39699	36	46	0	0	*	2
993	39739	36	45	0	0	*	2
994	39779	38	44	0	0	*	2
995	39819	38	43	0	0	*	2
996	39859	39	42	0	0	*	2
997	39899	40	41	0	0	*	2
998	39939	41	40	0	0	*	2
999	39979	42	39	0	0	*	2
1000	40019	43	38	0	0	*	2
1001	40059	44	37	0	0	*	2
1002	40099	45	35	0	0	*	2
1003	40139	47	34	0	0	*	2
1004	40179	48	33	0	0	*	2
1005	40219	49	33	0	0	*	2
1006	40259	49	32	0	0	*	2
1007	40299	50	31	0	0	*	2
1008	40339	51	30	0	0	*	2
1009	40379	52	29	0	0	*	2
1010	40419	53	28	0	0	*	2
1011	40459	55	27	0	0	*	2
1012	40499	56	27	0	0	*	2
1013	40539	56	26	0	0	*	2
1014	40579	58	25	0	0	*	2
1015	40619	59	24	0	0	*	2
1016	40659	61	23	0	0	*	2
1017	40699	61	23	0	0	*	2
1018	40739	62	22	0	0	*	2
1019	40779	63	22	0	0	*	2
1020	40819	65	21	0	0	*	2
1021	40859	66	20	0	0	*	2
1022	40899	68	20	0	0	*	2
1023	40939	68	19	0	0	*	2
1024	40979	69	18	0	0	*	2
1025	41019	71	17	0	0	*	2
1026	41059	73	17	0	0	*	2
1027	41099	74	16	0	0	*	2
1028	41139	75	16	0	0	*	2
1029	41179	76	15	0	0	*	2
1030	41219	78	14	0	0	*	2
1031	41259	80	13	0	0	*	2
1032	41299	81	13	0	0	*	2
1033	41339	82	13	0	0	*	2
1034	41379	83	12	0	0	*	2
1035	41419	84	12	0	0	*	2
1036	41459	85	11	0	0	*	2
1037	41499	87	11	0	0	*	2
1038	41539	88	10	0	0	*	2
1039	41579	89	10	0	0	*	2
1040	41619	90	10	0	0	*	2
1041	41659	92	9	0	0	*	2
1042	41699	93	9	0	0	*	2
1043	41739	94	8	0	0	*	2
1044	41779	96	8	0	0	*	2
1045	41819	97	8	0	0	*	2
1046	41859	98	7	0	0	*	2
1047	41899	98	7	0	0	*	2
1048	41939	100	6	0	0	*	2
1049	41979	101	6	0	0	*	2
1050	42019	102	6	0	0	*	2
1051	42059	103	6	0	0	*	2
1052	42099	104	6	0	0	*	2
1053	42139	105	6	0	0	*	2
1054	42179	106	6	0	0	*	2
1055	42219	107	6	0	0	*	2
1056	42259	108	5	0	0	*	2
1057	42299	109	5	0	0	*	2
1058	42339	110	5	0	0	*	2
1059	42379	111	4	0	0	*	2
1060	42419	112	4	0	0	*	2
1061	42459	112	4	0	0	*	2
1062	42499	113	4	0	0	*	2
1063	42539	114	4	0	0	*	2
1064	42579	115	4	0	0	*	2
1065	42619	116	4	0	0	*	2
1066	42659	116	4	0	0	*	2
1067	42699	117	4	0	0	*	2
1068	42739	118	4	0	0	*	2
1069	42779	119	4	0	0	*	2
1070	42819	120	4	0	0	*	2
1071	42859	120	4	0	0	*	2
1072	42899	120	4	0	0	*	2
1073	42939	120	4	0	0	*	2
1074	42979	120	4	0	0	*	2
1075	43019	121	4	0	0	*	2
1076	43059	121	4	0	0	*	2
1077	43099	121	4	0	0	*	2
1078	43139	121	4	0	0	*	2
1079	43179	121	4	0	0	*	2
1080	43219	121	4	0	0	*	2
1081	43259	121	5	0	0	*	2
1082	43299	120	4	0	0	*	2
1083	43339	120	4	0	0	*	2
1084	43379	120	5	0	0	*	2
1085	43419	121	5	0	0	*	2
1086	43459	121	6	0	0	*	2
1087	43499	120	6	0	0	*	2
1088	43539	120	7	0	0	*	2
1089	43579	120	9	0	0	*	2
1090	43619	119	10	0	0	*	2
1091	43659	119	11	0	0	*	2
1092	43699	118	12	0	0	*	2
1093	43739	118	13	0	0	*	2
1094	43779	118	14	0	0	*	2
1095	43819	117	16	0	0	*	2
1096	43859	117	16	0	0	*	2
1097	43899	117	17	0	0	*	2
1098	43939	116	18	0	0	*	2
1099	43979	115	19	0	0	*	2
1100	44019	115	20	0	0	*	2
1101	44059	113	22	0	0	*	2
1102	44099	113	22	0	0	*	2
1103	44139	111	24	0	0	*	2
1104	44179	111	25	0	0	*	2
1105	44219	110	26	0	0	*	2
1106	44259	109	28	0	0	*	2
1107	44299	109	29	0	0	*	2
1108	44339	108	31	0	0	*	2
1109	44379	107	33	0	0	*	2
1110	44419	106	34	0	0	*	2
1111	44459	106	36	0	0	*	2
1112	44499	105	38	0	0	*	2
1113	44539	104	39	0	0	*	2
1114	44579	104	41	0	0	*	2
1115	44619	104	42	0	0	*	2
1116	44659	103	44	0	0	*	2
1117	44699	103	46	0	0	*	2
1118	44739	103	48	0	0	*	2
1119	44779	103	50	0	0	*	2
1120	44819	103	52	0	0	*	2
1121	44859	103	54	0	0	*	2
1122	44899	103	56	0	0	*	2
1123	44939	103	57	0	0	*	2
1124	44979	104	60	0	0	*	2
1125	45019	104	62	0	0	*	2
1126	45059	105	63	0	0	*	2
1127	45099	106	66	0	0	*	2
1128	45139	106	68	0	0	*	2
1129	45179	107	70	0	0	*	2
1130	45219	108	71	0	0	*	2
1131	45259	109	73	0	0	*	2
1132	45299	110	74	0	0	*	2
1133	45339	111	77	0	0	*	2
1134	45379	112	78	0	0	*	2
1135	45419	114	80	0	0	*	2
1136	45459	115	81	0	0	*	2
1137	45499	117	83	0	0	*	2
1138	45539	118	85	0	0	*	2
1139	45579	120	87	0	0	*	2
1140	45619	121	88	0	0	*	2
1141	45659	123	90	0	0	*	2
1142	45699	124	91	0	0	*	2
1143	45739	127	93	0	0	*	2
1144	45779	128	93	0	0	*	2
1145	45819	130	94	0	0	*	2
1146	45859	133	96	0	0	*	2
1147	45899	134	96	0	0	*	2
1148	45939	137	98	0	0	*	2
1149	45979	137	98	0	0	*	2
1150	46019	139	99	0	0	*	2
1151	46059	141	100	0	0	*	2
1152	46099	143	100	0	0	*	2
1153	46139	145	101	0	0	*	2
1154	46179	147	101	0	0	*	2
1155	46219	149	101	0	0	*	2
1156	46259	150	101	0	0	*	2
1157	46299	152	101	0	0	*	2
1158	46339	155	101	0	0	*	2
1159	46379	157	101	0	0	*	2
1160	46419	158	101	0	0	*	2
1161	46459	159	101	0	0	*	2
1162	46499	162	100	0	0	*	2
1163	46539	163	99	0	0	*	2
1164	46579	165	99	0	0	*	2
1165	46619	167	98	0	0	*	2
1166	46659	168	97	0	0	*	2
1167	46699	169	96	0	0	*	2
1168	46739	170	94	0	0	*	2
1169	46779	171	94	0	0	*	2
1170	46819	172	93	0	0	*	2
1171	46859	173	91	0	0	*	2
1172	46899	173	90	0	0	*	2
1173	46939	174	88	0	0	*	2
1174	46979	174	87	0	0	*	2
1175	47019	175	86	0	0	*	2
1176	47059	175	84	0	0	*	2
1177	47099	175	83	0	0	*	2
1178	47139	176	82	0	0	*	2
1179	47179	175	79	0	0	*	2
1180	47219	175	78	0	0	*	2
1181	47259	175	77	0	0	*	2
1182	47299	174	75	0	0	*	2
1183	47339	174	75	0	0	*	2
1184	47379	173	72	0	0	*	2
1185	47419	171	70	0	0	*	2
1186	47459	172	70	0	0	*	2
1187	47499	171	70	0	0	*	2
1188	47539	171	69	0	0	*	2
1189	47579	170	69	0	0	*	2
1190	47619	169	67	0	0	*	2
1191	47659	168	66	0	0	*	2
1192	47699	168	65	0	0	*	2
1193	47739	166	64	0	0	*	2
1194	47779	165	64	0	0	*	2
1195	47819	163	62	0	0	*	2
1196	47859	160	61	0	0	*	2
1197	47899	160	61	0	0	*	2
1198	47939	159	60	0	0	*	2
1199	47979	158	60	0	0	*	2
1200	48019	157	59	0	0	*	2
1201	48059	155	58	0	0	*	2
1202	48099	153	58	0	0	*	2
1203	48139	152	58	0	0	*	2
1204	48179	150	57	0	0	*	2
1205	48219	148	57	0	0	*	2
1206	48259	146	57	0	0	*	2
1207	48299	145	57	0	0	*	2
1208	48339	143	57	0	0	*	2
1209	48379	142	57	0	0	*	2
1210	48419	140	57	0	0	*	2
1211	48459	138	57	0	0	*	2
1212	48499	136	57	0	0	*	2
1213	48539	134	57	0	0	*	2
1214	48579	133	58	0	0	*	2
1215	48619	131	58	0	0	*	2
1216	48659	130	58	0	0	*	2
1217	48699	128	58	0	0	*	2
1218	48739	125	59	0	0	*	2
1219	48779	124	60	0	0	*	2
1220	48819	122	61	0	0	*	2
1221	48859	121	61	0	0	*	2
1222	48899	120	62	0	0	*	2
1223	48939	118	62	0	0	*	2
1224	48979	116	64	0	0	*	2
1225	49019	115	65	0	0	*	2
1226	49059	113	65	0	0	*	2
1227	49099	111	67	0	0	*	2
1228	49139	110	67	0	0	*	2
1229	49179	109	68	0	0	*	2
1230	49219	108	70	0	0	*	2
1231	49259	106	71	0	0	*	2
1232	49299	105	72	0	0	*	2
1233	49339	103	73	0	0	*	2
1234	49379	102	74	0	0	*	2
1235	49419	101	75	0	0	*	2
1236	49459	100	77	0	0	*	2
1237	49499	99	79	0	0	*	2
1238	49539	97	80	0	0	*	2
1239	49579	97	83	0	0	*	2
1240	49619	96	83	0	0	*	2
1241	49659	95	85	0	0	*	2
1242	49699	94	87	0	0	*	2
1243	49739	94	88	0	0	*	2
1244	49779	92	93	0	0	*	2
1245	49819	91	94	0	0	*	2
1246	49859	91	94	0	0	*	2
1247	49899	91	95	0	0	*	2
1248	49939	90	97	0	0	*	2
1249	49979	90	98	0	0	*	2
1250	50019	89	103	0	0	*	2
1251	50059	89	104	0	0	*	2
1252	50099	89	106	0	0	*	2
1253	50139	89	106	0	0	*	2
1254	50179	89	108	0	0	*	2
1255	50219	89	112	0	0	*	2
1256	50259	89	114	0	0	*	2
1257	50299	88	115	0	0	*	2
1258	50339	88	115	0	0	*	2
1259	50379	89	116	0	0	*	2
1260	50419	89	118	0	0	*	2
1261	50459	89	121	0	0	*	2
1262	50499	89	124	0	0	*	2
1263	50539	89	126	0	0	*	2
1264	50579	90	127	0	0	*	2
1265	50619	90	126	0	0	*	2
1266	50659	90	128	0	0	*	2
1267	50699	91	132	0	0	*	2
1268	50739	91	135	0	0	*	2
1269	50779	91	135	0	0	*	2
1270	50819	92	135	0	0	*	2
1271	50859	92	137	0	0	*	2
1272	50899	93	138	0	0	*	2
1273	50939	94	140	0	0	*	2
1274	50979	94	144	0	0	*	2
1275	51019	94	144	0	0	*	2
1276	51059	96	147	0	0	*	2
1277	51099	96	146	0	0	*	2
1278	51139	96	147	0	0	*	2
1279	51179	97	150	0	0	*	2
1280	51219	99	154	0	0	*	2
1281	51259	98	154	0	0	*	2
1282	51299	99	154	0	0	*	2
1283	51339	100	156	0	0	*	2
1284	51379	101	158	0	0	*	2
1285	51419	103	160	0	0	*	2
1286	51459	103	161	0	0	*	2
1287	51499	104	162	0	0	*	2
1288	51539	105	163	0	0	*	2
1289	51579	107	165	0	0	*	2
1290	51619	107	166	0	0	*	2
1291	51659	109	168	0	0	*	2
1292	51699	109	170	0	0	*	2
1293	51739	110	171	0	0	*	2
1294	51779	111	172	0	0	*	2
1295	51820	113	174	0	0	*	2
1296	51859	113	175	0	0	*	2
1297	51900	115	176	0	0	*	2
1298	51939	116	178	0	0	*	2
1299	51979	116	179	0	0	*	2
1300	52019	118	180	0	0	*	2
1301	52059	119	182	0	0	*	2
1302	52099	120	183	0	0	*	2
1303	52140	121	184	0	0	*	2
1304	52179	121	185	0	0	*	2
1305	52219	122	186	0	0	*	2
1306	52260	123	188	0	0	*	2
1307	52300	125	189	0	0	*	2
1308	52340	126	190	0	0	*	2
1309	52380	127	192	0	0	*	2
1310	52420	128	193	0	0	*	2
1311	52460	129	195	0	0	*	2
1312	52500	130	196	0	0	*	2
1313	52540	131	198	0	0	*	2
1314	52580	132	199	0	0	*	2
1315	52620	133	200	0	0	*	2
1316	52660	134	202	0	0	*	2
1317	52700	134	203	0	0	*	2
1318	52740	135	205	0	0	*	2
1319	52780	137	207	0	0	*	2
1320	52820	138	208	0	0	*	2
1321	52860	139	209	0	0	*	2
1322	52900	140	211	0	0	*	2
1323	52940	140	212	0	0	*	2
1324	52980	142	213	0	0	*	2
1325	53020	143	215	0	0	*	2
1326	53060	144	217	0	0	*	2
1327	53100	145	218	0	0	*	2
1328	53140	146	219	0	0	*	2
1329	53180	146	221	0	0	*	2
1330	53220	147	222	0	0	*	2
1331	53260	149	224	0	0	*	2
1332	53300	149	225	0	0	*	2
1333	53340	150	226	0	0	*	2
1334	53380	151	228	0	0	*	2
1335	53420	152	230	0	0	*	2
1336	53460	153	231	0	0	*	2
1337	53500	154	232	0	0	*	2
1338	53540	155	233	0	0	*	2
1339	53580	156	234	0	0	*	2
1340	53620	157	235	0	0	*	2
1341	53660	157	237	0	0	*	2
1342	53700	158	238	0	0	*	2
1343	53740	158	238	0	0	*	2
1344	53780	159	239	0	0	*	2
1345	53820	159	240	0	0	*	2
1346	53860	159	239	0	0	*	2
1347	53900	160	239	0	0	*	2
1348	53940	161	240	0	0	*	2
1349	53980	162	240	0	0	*	2
1350	54020	162	240	0	0	*	2
1351	54060	162	239	0	0	*	2
1352	54100	163	239	0	0	*	2
1353	54140	163	239	0	0	*	2
1354	54180	164	238	0	0	*	2
1355	54220	165	238	0	0	*	2
1356	54260	165	238	0	0	*	2
1357	54300	165	238	0	0	*	2
1358	54340	165	238	0	0	*	2
1359	54380	166	238	0	0	*	2
1360	54420	166	238	0	0	*	2
1361	54460	166	238	0	0	*	2
1362	54500	167	239	0	0	*	2
1363	54540	167	239	0	0	*	2
1364	54580	167	239	0	0	*	2
1365	54620	168	238	0	0	*	2
1366	54660	168	238	0	0	*	2
1367	54700	169	238	0	0	*	2
1368	54740	168	238	0	0	*	2
1369	54780	168	238	0	0	*	2
1370	54820	168	237	0	0	*	2
1371	54860	168	238	0	0	*	2
1372	54900	168	238	0	0	*	2
1373	54940	167	238	0	0	*	2
1374	54980	166	237	0	0	*	2
1375	55020	166	237	0	0	*	2
1376	55060	166	237	0	0	*	2
1377	55100	165	236	0	0	*	2
1378	55140	165	236	0	0	*	2
1379	55180	164	237	0	0	*	2
1380	55220	164	237	0	0	*	2
1381	55260	164	236	0	0	*	2
1382	55300	163	236	0	0	*	2
1383	55340	163	236	0	0	*	2
1384	55380	161	237	0	0	*	2
1385	55420	161	237	0	0	*	2
1386	55460	161	236	0	0	*	2
1387	55500	160	236	0	0	*	2
1388	55540	159	236	0	0	*	2
1389	55580	158	236	0	0	*	2
1390	55620	158	236	0	0	*	2
1391	55660	158	236	0	0	*	2
1392	55700	157	236	0	0	*	2
1393	55740	156	236	0	0	*	2
1394	55780	155	237	0	0	*	2
1395	55820	154	237	0	0	*	2
1396	55860	153	238	0	0	*	2
1397	55900	152	238	0	0	*	2
1398	55940	150	239	0	0	*	2
1399	55980	149	239	0	0	*	2
1400	56020	147	239	0	0	*	2
1401	56060	146	240	0	0	*	2
1402	56100	146	241	0	0	*	2
1403	56140	144	241	0	0	*	2
1404	56180	143	241	0	0	*	2
1405	56220	141	242	0	0	*	2
1406	56260	140	242	0	0	*	2
1407	56300	138	243	0	0	*	2
1408	56340	137	243	0	0	*	2
1409	56380	135	244	0	0	*	2
1410	56420	134	244	0	0	*	2
1411	56460	132	245	0	0	*	2
1412	56500	131	245	0	0	*	2
1413	56540	129	245	0	0	*	2
1414	56580	128	245	0	0	*	2
1415	56620	127	246	0	0	*	2
1416	56660	125	246	0	0	*	2
1417	56700	123	246	0	0	*	2
1418	56740	121	246	0	0	*	2
1419	56780	120	246	0	0	*	2
1420	56820	119	246	0	0	*	2
1421	56860	117	246	0	0	*	2
1422	56900	115	246	0	0	*	2
1423	56940	113	246	0	0	*	2
1424	56980	112	246	0	0	*	2
1425	57020	110	245	0	0	*	2
1426	57060	108	245	0	0	*	2
1427	57100	106	245	0	0	*	2
1428	57140	106	245	0	0	*	2
1429	57180	104	245	0	0	*	2
1430	57220	102	244	0	0	*	2
1431	57260	100	244	0	0	*	2
1432	57300	98	244	0	0	*	2
1433	57340	97	243	0	0	*	2
1434	57380	97	243	0	0	*	2
1435	57420	95	242	0	0	*	2
1436	57460	93	242	0	0	*	2
1437	57500	92	242	0	0	*	2
1438	57540	90	241	0	0	*	2
1439	57580	88	240	0	0	*	2
1440	57620	87	240	0	0	*	2
1441	57660	85	239	0	0	*	2
1442	57700	84	238	0	0	*	2
1443	57740	82	238	0	0	*	2
1444	57780	80	237	0	0	*	2
1445	57820	79	236	0	0	*	2
1446	57860	78	236	0	0	*	2
1447	57900	76	235	0	0	*	2
1448	57940	75	234	0	0	*	2
1449	57980	73	234	0	0	*	2
1450	58020	72	233	0	0	*	2
1451	58060	70	232	0	0	*	2
1452	58100	69	231	0	0	*	2
1453	58140	67	231	0	0	*	2
1454	58180	66	230	0	0	*	2
1455	58220	65	229	0	0	*	2
1456	58260	63	228	0	0	*	2
1457	58300	62	227	0	0	*	2
1458	58340	61	226	0	0	*	2
1459	58380	59	225	0	0	*	2
1460	58420	58	224	0	0	*	2
1461	58460	56	223	0	0	*	2
1462	58500	55	222	0	0	*	2
1463	58540	53	221	0	0	*	2
1464	58580	52	220	0	0	*	2
1465	58620	50	219	0	0	*	2
1466	58660	49	218	0	0	*	2
1467	58700	48	217	0	0	*	2
1468	58740	47	215	0	0	*	2
1469	58780	45	214	0	0	*	2
1470	58820	44	213	0	0	*	2
1471	58860	43	212	0	0	*	2
1472	58900	42	211	0	0	*	2
1473	58940	41	210	0	0	*	2
1474	58980	39	209	0	0	*	2
1475	59020	38	208	0	0	*	2
1476	59060	37	207	0	0	*	2
1477	59100	36	205	0	0	*	2
1478	59140	36	205	0	0	*	2
1479	59180	34	203	0	0	*	2
1480	59220	34	202	0	0	*	2
1481	59260	33	201	0	0	*	2
1482	59300	32	199	0	0	*	2
1483	59340	31	198	0	0	*	2
1484	59380	30	197	0	0	*	2
1485	59420	29	196	0	0	*	2
1486	59460	28	195	0	0	*	2
1487	59500	27	193	0	0	*	2
1488	59540	26	192	0	0	*	2
1489	59580	25	191	0	0	*	2
1490	59620	24	190	0	0	*	2
1491	59660	24	189	0	0	*	2
1492	59700	24	187	0	0	*	2
1493	59740	23	186	0	0	*	2
1494	59780	22	185	0	0	*	2
1495	59820	21	184	0	0	*	2
1496	59860	20	183	0	0	*	2
1497	59900	20	182	0	0	*	2
1498	59940	19	180	0	0	*	2
1499	59980	19	179	0	0	*	2
1500	60020	18	177	0	0	*	2
1501	60060	17	176	0	0	*	2
1502	60100	17	175	0	0	*	2
1503	60140	16	174	0	0	*	2
1504	60180	16	172	0	0	*	2
1505	60220	15	171	0	0	*	2
1506	60260	14	170	0	0	*	2
1507	60300	14	168	0	0	*	2
1508	60340	13	167	0	0	*	2
1509	60380	13	166	0	0	*	2
1510	60420	12	165	0	0	*	2
1511	60460	12	163	0	0	*	2
1512	60500	12	162	0	0	*	2
1513	60540	11	161	0	0	*	2
1514	60580	11	160	0	0	*	2
1515	60620	11	159	0	0	*	2
1516	60660	10	157	0	0	*	2
1517	60700	10	156	0	0	*	2
1518	60740	10	155	0	0	*	2
1519	60780	9	154	0	0	*	2
1520	60820	9	152	0	0	*	2
1521	60860	9	151	0	0	*	2
1522	60900	9	150	0	0	*	2
1523	60940	8	148	0	0	*	2
1524	60980	8	147	0	0	*	2
1525	61020	8	146	0	0	*	2
1526	61060	8	145	0	0	*	2
1527	61100	7	143	0	0	*	2
1528	61140	7	142	0	0	*	2
1529	61180	7	140	0	0	*	2
1530	61220	7	139	0	0	*	2
1531	61260	6	138	0	0	*	2
1532	61300	6	137	0	0	*	2
1533	61340	6	136	0	0	*	2
1534	61380	6	134	0	0	*	2
1535	61420	6	133	0	0	*	2
1536	61460	6	132	0	0	*	2
1537	61500	6	130	0	0	*	2
1538	61540	6	129	0	0	*	2
1539	61580	6	128	0	0	*	2
1540	61620	6	127	0	0	*	2
1541	61660	6	125	0	0	*	2
1542	61700	6	123	0	0	*	2
1543	61740	6	122	0	0	*	2
1544	61780	6	121	0	0	*	2
1545	61820	6	120	0	0	*	2
1546	61860	6	118	0	0	*	2
1547	61900	6	117	0	0	*	2
1548	61940	6	116	0	0	*	2
1549	61980	6	114	0	0	*	2
1550	62020	7	113	0	0	*	2
1551	62060	7	111	0	0	*	2
1552	62100	7	110	0	0	*	2
1553	62140	8	109	0	0	*	2
1554	62180	8	108	0	0	*	2
1555	62220	8	106	0	0	*	2
1556	62260	8	105	0	0	*	2
1557	62300	8	104	0	0	*	2
1558	62340	9	102	0	0	*	2
1559	62380	9	102	0	0	*	2
1560	62420	9	100	0	0	*	2
1561	62460	9	98	0	0	*	2
1562	62500	9	97	0	0	*	2
1563	62540	10	97	0	0	*	2
1564	62580	10	95	0	0	*	2
1565	62620	10	94	0	0	*	2
1566	62660	11	93	0	0	*	2
1567	62700	11	91	0	0	*	2
1568	62740	11	91	0	0	*	2
1569	62780	12	89	0	0	*	2
1570	62820	12	88	0	0	*	2
1571	62860	12	87	0	0	*	2
1572	62900	12	86	0	0	*	2
1573	62940	13	85	0	0	*	2
1574	62980	13	83	0	0	*	2
1575	63020	14	82	0	0	*	2
1576	63060	14	81	0	0	*	2
1577	63100	15	80	0	0	*	2
1578	63140	15	78	0	0	*	2
1579	63180	16	77	0	0	*	2
1580	63220	16	76	0	0	*	2
1581	63260	17	74	0	0	*	2
1582	63300	18	73	0	0	*	2
1583	63340	18	72	0	0	*	2
1584	63380	19	71	0	0	*	2
1585	63420	20	70	0	0	*	2
1586	63460	20	69	0	0	*	2
1587	63500	21	68	0	0	*	2
1588	63540	21	67	0	0	*	2
1589	63580	22	66	0	0	*	2
1590	63620	23	64	0	0	*	2
1591	63660	23	63	0	0	*	2
1592	63700	24	62	0	0	*	2
1593	63740	24	61	0	0	*	2
1594	63780	25	60	0	0	*	2
1595	63820	26	58	0	0	*	2
1596	63860	27	57	0	0	*	2
1597	63900	27	56	0	0	*	2
1598	63940	28	55	0	0	*	2
1599	63980	29	54	0	0	*	2
1600	64020	30	53	0	0	*	2
1601	64060	31	52	0	0	*	2
1602	64100	31	51	0	0	*	2
1603	64140	32	50	0	0	*	2
1604	64180	33	49	0	0	*	2
1605	64220	35	48	0	0	*	2
1606	64260	35	47	0	0	*	2
1607	64300	36	45	0	0	*	2
1608	64340	37	45	0	0	*	2
1609	64380	37	44	0	0	*	2
1610	64420	38	43	0	0	*	2
1611	64460	39	42	0	0	*	2
1612	64500	40	41	0	0	*	2
1613	64540	41	40	0	0	*	2
1614	64580	42	39	0	0	*	2
1615	64620	43	38	0	0	*	2
1616	64660	44	37	0	0	*	2
1617	64700	45	36	0	0	*	2
1618	64740	46	35	0	0	*	2
1619	64780	47	35	0	0	*	2
1620	64820	47	34	0	0	*	2
1621	64860	48	33	0	0	*	2
1622	64900	49	32	0	0	*	2
1623	64940	50	31	0	0	*	2
1624	64980	51	30	0	0	*	2
1625	65020	52	29	0	0	*	2
1626	65060	53	28	0	0	*	2
1627	65100	54	28	0	0	*	2
1628	65140	55	27	0	0	*	2
1629	65180	56	27	0	0	*	2
1630	65220	57	26	0	0	*	2
1631	65260	58	25	0	0	*	2
1632	65300	59	24	0	0	*	2
1633	65340	60	24	0	0	*	2
1634	65380	61	23	0	0	*	2
1635	65420	62	23	0	0	*	2
1636	65460	63	22	0	0	*	2
1637	65500	64	21	0	0	*	2
1638	65540	65	21	0	0	*	2
1639	65580	67	20	0	0	*	2
1640	65620	68	19	0	0	*	2
1641	65660	68	19	0	0	*	2
1642	65700	70	18	0	0	*	2
1643	65740	71	17	0	0	*	2
1644	65780	72	17	0	0	*	2
1645	65820	73	16	0	0	*	2
1646	65860	74	16	0	0	*	2
1647	65900	75	15	0	0	*	2
1648	65940	77	14	0	0	*	2
1649	65980	78	14	0	0	*	2
1650	66020	80	13	0	0	*	2
1651	66060	81	13	0	0	*	2
1652	66100	82	12	0	0	*	2
1653	66140	83	12	0	0	*	2
1654	66180	85	11	0	0	*	2
1655	66220	86	11	0	0	*	2
1656	66260	88	10	0	0	*	2
1657	66300	89	10	0	0	*	2
1658	66340	89	10	0	0	*	2
1659	66380	90	10	0	0	*	2
1660	66420	92	9	0	0	*	2
1661	66460	93	9	0	0	*	2
1662	66500	95	8	0	0	*	2
1663	66540	96	8	0	0	*	2
1664	66580	97	8	0	0	*	2
1665	66620	97	8	0	0	*	2
1666	66660	99	7	0	0	*	2
1667	66700	101	6	0	0	*	2
1668	66740	102	6	0	0	*	2
1669	66780	103	6	0	0	*	2
1670	66820	105	5	0	0	*	2
1671	66860	105	6	0	0	*	2
1672	66900	106	5	0	0	*	2
1673	66940	108	5	0	0	*	2
1674	66980	109	5	0	0	*	2
1675	67020	110	5	0	0	*	2
1676	67060	110	5	0	0	*	2
1677	67100	111	5	0	0	*	2
1678	67140	112	4	0	0	*	2
1679	67180	114	4	0	0	*	2
1680	67220	114	4	0	0	*	2
1681	67260	116	4	0	0	*	2
1682	67300	118	4	0	0	*	2
1683	67340	119	4	0	0	*	2
1684	67380	121	4	0	0	*	2
1685	67420	122	3	0	0	*	2
1686	67460	122	3	0	0	*	2
1687	67500	124	3	0	0	*	2
1688	67540	125	3	0	0	*	2
1689	67580	127	3	0	0	*	2
1690	67620	129	3	0	0	*	2
1691	67660	130	4	0	0	*	2
